overall_acc,0.7908
loss,[10.874228875732422, 6.22478905090332, 4.19125839805603, 3.2663366513061525, 2.815538394012451, 2.5966565353393554, 2.487847084655762, 2.429287461090088, 2.3798663414764403, 2.368726354827881, 2.3420303575897217, 2.3326069174194335, 2.3140246083068847, 2.3202027172851563, 2.3127160080718996, 2.3033325649261474, 2.304570644073486, 2.3040354132080076, 2.302589284667969, 2.307973400268555, 2.2972348556518556, 2.3037867082214354, 2.2978467106628417, 2.3134166244506837, 2.3097049240112306, 2.3192581945037842, 2.3327747453308105, 2.329019339904785, 2.3352842488098147, 2.347468746032715, 2.3403245905303955, 2.346747933883667, 2.368259016265869, 2.3654715186309816, 2.37733188293457, 2.381175341949463, 2.3782597220611574, 2.3925394111633302, 2.4166903203582764, 2.414709412841797, 2.4214573341369627, 2.432195665512085, 2.4406773680114746, 2.4415194578552244, 2.458635337371826, 2.4630988873291018, 2.4712019794464113, 2.4804930178833007, 2.48673411567688, 2.496463328857422, 2.5069033895111086, 2.512802853088379, 2.522245139465332, 2.5107542349243164, 2.5140833445739745, 2.5305648477172853, 2.5403497719573975, 2.546913544998169, 2.5522544094848634, 2.545958547821045, 2.016341409034729, 1.6287819659805298, 1.4173435646820067, 1.2551345640563965, 1.155636420249939, 1.1050791232299804, 1.0677701508903503, 1.0587743633270263, 1.0720083333587647, 1.0684767271232605, 1.0547656364440918, 1.056308394317627, 1.0791950864219666, 1.0821045692443847, 1.084294506034851, 1.08432065366745, 1.082742965927124, 1.0997560543823242, 1.098855386428833, 1.0925271238327026, 1.101538511314392, 1.1058020015716552, 1.1167645293426514, 1.1114028468322754, 1.1059994436836242, 1.1279270755767823, 1.1173019499969483, 1.123350461654663, 1.1309307749557496, 1.1326168151473999, 1.14044537399292, 1.1298444186401366, 1.1449938446044923, 1.1402499395751953, 1.1446228534698486, 1.1576433798599244, 1.1523979023742676, 1.1561791421127319, 1.165554714012146, 1.1585433526611328, 1.1612983428573609, 1.1644239735031128, 1.1514341864395141, 1.1631996214294433, 1.1709760749435425, 1.1683238138961791, 1.1776731647109986, 1.1748364450073243, 1.1787473482513429, 1.1661694356536865, 1.18521477519989, 1.1791822241592407, 1.1803434395217896, 1.1823214037322998, 1.1787317932128907, 1.1803179360961915, 1.1993977728271485, 1.1762912446212768, 1.1788420904922485, 1.2033483013916015, 1.058676028327942, 0.9736483363342285, 0.9359152757263184, 0.9042773629188537, 0.8746455468940735, 0.8469401434326171, 0.8211884572982788, 0.7951042011451721, 0.7714191987991333, 0.7474793878364563, 0.7243602050590515, 0.7022086954116822, 0.681006674747467, 0.6602665280151367, 0.6401229605484009, 0.6209501776885986, 0.6022153470420838, 0.5837186515426636, 0.5661700087928772, 0.5492870837020875, 0.5322610704803467, 0.5160870767784118, 0.5004861903858184, 0.4854343251037598, 0.4709654837322235, 0.45688777296066285, 0.4430210823059082, 0.42950343514442446, 0.41679379965782165, 0.4041593862819672, 0.39202167229652407, 0.3807938242530823, 0.369586927690506, 0.3582780558681488, 0.34749183440208437, 0.3370391707611084, 0.32689603284835816, 0.317216787405014, 0.3079288964653015, 0.29882437264442446, 0.29305673064231874, 0.2911624704170227, 0.2894358896446228, 0.2876262845134735, 0.28574157846450804, 0.2840467305660248, 0.282388530626297, 0.28064083535194395, 0.2789061827468872, 0.2772678351688385, 0.27555890892028806, 0.27392362846374513, 0.27224059819221497, 0.27056963927268984, 0.26898714440345767, 0.26736914562225345, 0.2657627893733978, 0.26411724954605104, 0.26254622897148133, 0.26096368295669553, 0.25936210633277895, 0.25783449333190916, 0.25623847532272337, 0.2546936433792114, 0.2531814120578766, 0.25164679485321045, 0.25014606509685516, 0.24861728701591493, 0.24710051650047302, 0.24566815124034883, 0.24413894476890563, 0.24269692806243898, 0.24121238418579102, 0.23974672055244445, 0.23832220168113707, 0.23692320818424226, 0.2354620081949234, 0.23406814287185668, 0.2326798878097534, 0.2312154837846756]
0,0.9565217391304348
1,0.9354838709677419
2,0.7391304347826086
3,0.8275862068965517
4,0.7741935483870968
5,0.75
6,0.8695652173913043
7,0.7307692307692307
8,1.0
9,1.0
10,0.55
11,0.5714285714285714
12,0.75
13,0.6086956521739131
14,0.9259259259259259
15,0.875
16,0.8846153846153846
17,0.9047619047619048
18,0.6764705882352942
19,0.76
20,0.8888888888888888
21,0.8421052631578947
22,0.9411764705882353
23,0.7692307692307693
24,0.8260869565217391
25,0.625
26,0.9166666666666666
27,0.7916666666666666
28,0.84
29,0.7241379310344828
30,0.8148148148148148
31,0.72
32,0.6818181818181818
33,0.5862068965517241
34,0.8
35,0.5909090909090909
36,0.8571428571428571
37,0.7368421052631579
38,0.8076923076923077
39,0.9565217391304348
40,0.75
41,0.9090909090909091
42,0.8695652173913043
43,0.8695652173913043
44,0.6521739130434783
45,0.6842105263157895
46,0.45454545454545453
47,0.8260869565217391
48,1.0
49,0.8235294117647058
50,0.7272727272727273
51,0.6666666666666666
52,0.85
53,1.0
54,0.9545454545454546
55,0.6190476190476191
56,0.8181818181818182
57,0.6071428571428571
58,0.8857142857142857
59,0.7083333333333334
60,0.7777777777777778
61,0.8275862068965517
62,0.8076923076923077
63,0.625
64,0.6842105263157895
65,0.6818181818181818
66,0.8076923076923077
67,0.7391304347826086
68,0.9523809523809523
69,0.8666666666666667
70,0.9333333333333333
71,0.9047619047619048
72,0.5
73,0.6875
74,0.6363636363636364
75,0.9285714285714286
76,0.9047619047619048
77,0.7058823529411765
78,0.7894736842105263
79,0.8571428571428571
80,0.7931034482758621
81,0.8571428571428571
82,0.9459459459459459
83,0.7666666666666667
84,0.8518518518518519
85,0.8
86,0.8214285714285714
87,0.8666666666666667
88,1.0
89,0.8928571428571429
90,0.9166666666666666
91,0.8461538461538461
92,0.56
93,0.8095238095238095
94,0.8695652173913043
95,0.6206896551724138
96,0.5652173913043478
97,0.7083333333333334
98,0.6153846153846154
99,0.9130434782608695
16
7
91
43
14
92
6
89
13
85
47
27
81
63
59
10
78
24
53
17
27
43
10
54
25
79
68
31
69
64
83
41
23
48
47
20
87
90
52
26
83
67
20
20
7
83
27
45
68
93
86
12
69
45
99
18
62
80
26
58
88
34
88
19
3
71
19
48
44
48
58
16
63
75
55
4
1
15
98
32
14
87
38
68
8
45
92
31
62
61
89
62
78
83
45
85
28
37
54
30
95
7
59
24
94
7
94
94
11
42
65
52
40
97
55
80
82
80
75
93
74
34
5
89
30
74
22
95
81
92
27
52
18
44
92
65
69
84
0
4
48
67
62
89
53
67
37
19
8
68
64
3
53
70
83
0
95
51
58
27
89
90
81
61
41
27
52
66
68
80
43
11
5
66
35
50
88
14
75
53
3
5
35
82
7
81
61
7
91
70
5
17
72
41
94
33
67
39
39
23
28
31
63
71
67
45
84
84
74
49
77
65
50
15
51
85
36
3
41
47
54
87
37
75
74
71
14
0
9
44
57
83
45
28
52
63
89
22
85
39
18
25
98
36
70
54
49
70
87
90
41
25
97
36
83
82
6
21
7
74
80
2
9
91
40
36
91
91
99
73
40
83
42
28
90
50
82
24
38
16
40
39
7
63
10
51
96
77
29
74
53
30
25
44
5
91
53
74
3
38
15
44
25
66
77
15
48
73
72
65
77
3
13
18
92
55
13
72
29
1
91
99
75
58
71
70
98
52
94
89
90
56
57
43
60
90
30
59
78
6
80
80
54
99
23
76
54
18
14
26
9
90
85
32
63
43
73
87
44
26
99
70
8
90
65
80
41
17
39
53
66
48
20
88
5
74
98
37
41
91
16
27
33
16
89
5
76
83
74
49
24
72
32
76
44
5
52
46
3
40
58
84
6
91
31
35
66
41
79
0
23
14
15
86
75
45
6
22
96
76
52
41
90
22
34
45
27
7
30
2
1
23
3
22
5
80
93
27
39
79
62
53
54
42
18
84
22
8
59
8
88
92
29
30
73
2
33
39
63
22
45
83
58
73
18
84
4
5
26
18
23
29
85
88
97
16
86
99
95
45
97
0
87
35
44
86
54
72
85
82
91
82
37
80
58
12
26
54
28
58
79
1
4
99
83
3
56
23
91
73
1
1
35
1
19
88
11
29
56
0
54
61
20
13
17
53
89
18
81
6
96
41
26
26
25
60
22
73
4
47
24
90
78
17
7
0
87
26
73
14
56
18
12
54
21
79
8
43
39
51
40
53
98
55
31
8
57
33
88
35
6
94
94
65
22
16
42
77
2
3
88
72
58
27
36
13
91
84
9
89
9
19
85
70
52
7
2
59
79
70
34
97
37
49
18
55
70
64
38
34
61
69
37
27
24
3
78
51
33
35
1
84
22
86
55
91
13
90
68
60
84
0
34
22
32
92
14
49
35
86
3
89
18
15
66
35
50
12
41
31
34
93
84
26
74
44
50
57
54
35
73
44
66
60
26
58
82
67
98
89
28
55
95
76
60
76
91
37
2
4
62
43
91
48
63
34
42
34
53
3
28
8
40
44
59
61
60
73
61
26
18
42
49
92
92
78
57
39
18
20
4
0
85
77
18
23
42
95
81
58
73
60
21
62
19
87
47
79
90
75
27
15
41
39
99
33
94
45
91
36
77
3
75
62
33
61
50
38
12
1
0
30
84
98
29
7
18
48
87
91
84
4
62
31
40
55
30
61
86
47
96
98
20
14
28
75
2
81
22
44
79
5
88
56
81
33
84
69
30
6
68
70
81
74
7
67
23
60
5
14
48
83
0
70
38
26
24
69
16
9
42
41
39
27
0
70
85
9
43
79
77
75
74
80
42
45
8
0
36
89
43
46
69
56
42
22
71
35
55
40
25
0
21
2
1
64
47
43
83
65
68
18
1
25
96
98
47
90
2
28
37
61
31
77
4
92
38
93
28
39
18
41
44
49
1
11
19
91
82
4
60
34
56
19
32
74
16
99
49
98
8
58
93
87
11
24
35
43
52
6
4
27
8
63
26
34
39
97
59
75
33
87
49
46
16
33
76
41
97
8
75
17
55
93
44
4
14
60
67
65
21
77
90
54
87
86
37
47
66
2
73
55
25
62
26
38
28
15
14
59
17
45
92
39
42
58
49
48
44
71
48
69
9
26
37
46
71
66
66
88
82
1
39
88
93
82
7
17
56
40
70
1
68
52
69
45
16
6
85
12
99
88
40
68
36
60
17
94
20
46
75
61
70
58
97
51
75
73
70
37
28
90
55
88
68
38
93
7
16
58
61
39
56
17
33
77
42
87
75
4
16
94
55
76
60
97
1
0
75
31
55
71
75
52
6
43
14
84
14
51
1
88
53
66
5
56
32
52
40
24
86
54
54
88
61
87
54
24
10
85
17
90
22
86
77
79
94
45
0
39
89
82
41
87
91
73
4
62
72
98
10
46
28
38
50
70
13
7
15
26
76
98
51
79
15
47
47
93
73
81
26
70
95
60
70
2
82
66
34
6
65
62
74
31
36
88
52
48
79
50
55
57
66
68
4
64
16
61
16
25
18
29
84
53
9
38
74
74
15
1
67
67
1
84
69
81
10
33
80
68
30
8
3
81
26
18
26
35
28
72
5
53
34
27
93
6
44
93
85
91
46
31
69
47
86
95
85
80
1
82
45
66
77
58
31
42
23
90
6
83
31
51
80
23
64
61
40
51
99
28
19
63
26
97
78
34
27
13
74
17
28
29
10
61
83
83
53
73
7
59
82
34
15
68
68
34
82
75
37
8
94
16
24
21
8
96
53
49
38
85
27
32
96
20
29
43
69
94
26
82
23
91
34
48
71
53
25
0
59
57
69
73
27
12
42
61
21
67
88
28
15
24
1
77
67
82
5
64
51
59
79
70
46
1
59
87
60
88
76
45
15
7
1
35
94
34
16
71
26
55
60
73
9
75
5
27
27
96
38
51
74
80
87
47
98
7
85
30
14
51
79
25
99
86
15
29
63
66
62
80
24
57
43
78
49
99
95
93
72
71
67
86
64
4
19
62
50
17
35
66
32
57
61
98
6
70
82
82
94
95
81
96
93
33
67
15
60
18
64
63
62
82
36
76
31
47
75
77
29
94
42
70
95
32
38
29
37
36
65
40
53
87
95
53
42
43
89
69
93
81
84
71
31
33
73
75
58
47
97
70
81
33
46
62
92
53
46
66
45
48
94
10
69
60
42
98
59
52
79
57
4
83
89
71
68
52
46
58
35
22
62
52
2
58
77
96
86
33
58
69
97
14
51
62
63
45
58
42
6
75
81
99
28
50
57
88
25
38
71
47
53
48
79
59
29
82
90
93
81
17
14
69
25
32
39
62
89
4
67
99
28
98
88
20
50
18
60
48
69
18
86
6
39
19
15
37
44
48
93
89
67
77
38
23
21
96
11
41
84
30
58
30
98
31
45
17
77
4
41
8
19
54
4
68
9
91
67
3
84
71
77
38
9
82
3
76
20
60
42
94
66
72
6
25
61
36
4
14
31
60
14
62
85
79
39
27
93
23
33
88
18
58
51
83
23
85
96
20
79
20
30
52
19
55
35
18
26
0
56
47
92
96
83
40
46
3
11
9
77
43
15
72
77
19
73
24
24
29
4
61
64
30
39
45
51
17
9
17
28
45
16
12
83
49
63
71
12
2
77
98
80
46
15
84
19
66
70
62
34
5
30
11
84
99
33
90
16
56
4
24
71
3
19
14
23
68
45
81
61
90
21
57
22
87
82
12
38
10
93
77
84
41
64
76
25
91
94
42
79
19
76
87
18
51
1
50
37
6
45
23
0
55
91
48
95
48
45
54
69
9
68
56
39
80
12
67
71
25
50
60
79
0
44
74
46
80
2
32
92
61
69
97
13
30
27
74
8
17
42
91
35
36
69
65
57
84
71
85
3
91
79
76
13
8
92
85
82
42
73
89
66
42
39
26
80
4
19
50
16
62
94
71
91
48
62
58
48
33
11
5
2
55
75
75
4
3
72
17
89
70
19
36
22
67
83
63
2
62
37
98
99
77
56
22
84
14
71
94
44
41
41
52
91
85
43
82
40
80
42
96
47
22
1
11
78
72
93
85
18
63
65
25
44
2
86
44
59
2
54
11
56
75
47
76
20
48
97
9
90
38
5
3
50
43
84
18
6
9
72
38
6
75
15
29
35
20
95
3
87
74
79
83
91
74
86
28
74
58
36
90
8
1
65
40
86
14
37
0
58
96
1
61
59
21
60
89
82
61
80
52
65
55
32
77
69
26
42
79
11
20
38
52
15
79
65
63
96
26
29
3
79
39
30
99
5
8
19
52
40
58
54
82
3
82
93
70
99
21
17
56
64
74
1
92
61
85
78
58
10
53
74
47
5
34
81
64
77
30
66
63
35
93
46
44
45
87
63
87
26
41
70
51
21
32
90
36
85
3
87
21
87
71
53
27
74
1
8
93
98
61
88
90
10
83
55
58
80
24
74
49
12
28
50
6
12
45
87
79
63
14
47
31
77
52
60
71
25
67
81
98
54
67
17
21
1
88
21
77
95
91
12
15
82
22
16
66
5
1
29
29
73
27
81
3
53
23
81
86
42
71
28
75
46
62
79
16
8
7
22
81
87
83
65
62
49
70
57
63
18
40
91
23
13
80
6
42
66
30
55
35
94
41
36
52
12
43
86
97
53
50
97
3
61
20
22
57
25
71
74
68
20
49
67
87
16
41
66
72
10
51
1
15
42
6
85
8
2
25
45
93
71
56
99
67
78
2
76
50
30
53
91
81
65
92
23
11
72
40
80
62
11
23
78
96
67
50
8
15
4
80
27
60
7
54
48
16
57
94
30
62
43
62
58
19
23
38
40
47
95
10
99
86
53
89
11
52
58
54
85
74
72
82
72
95
43
31
34
47
52
40
53
45
8
83
3
90
40
28
53
27
59
4
33
70
89
44
44
55
89
98
78
82
18
31
91
47
9
73
69
36
26
91
95
37
61
83
69
11
15
76
98
10
90
98
94
24
39
1
33
33
55
79
39
15
99
3
41
66
80
27
45
72
32
5
45
9
44
33
22
35
24
59
65
11
38
23
39
25
97
58
25
47
29
56
98
82
41
38
51
79
19
18
95
64
78
96
49
64
40
36
97
40
45
49
62
10
49
4
79
81
91
5
87
3
50
80
86
89
17
12
80
4
6
32
40
13
98
59
21
76
14
59
49
30
49
80
51
66
87
38
49
53
4
48
24
13
31
29
84
46
61
24
34
98
45
99
27
51
91
0
72
50
57
4
60
90
86
9
11
1
99
77
57
14
2
70
69
69
32
79
93
58
0
20
7
24
82
79
58
67
58
3
85
55
70
44
97
46
53
37
73
28
86
50
24
3
95
1
2
36
59
99
55
85
0
71
64
82
62
31
86
57
72
73
42
91
84
27
90
69
82
21
89
68
68
76
31
58
8
81
13
30
78
14
96
99
42
12
92
8
82
78
97
70
74
4
69
27
64
32
56
18
6
72
95
54
53
45
16
73
29
47
14
86
19
97
4
9
53
89
14
25
26
49
11
14
80
83
75
27
30
52
74
29
52
90
14
77
4
7
75
27
16
30
64
83
14
51
42
70
