overall_acc,0.7948
loss,[10.893720887145996, 6.257082159729004, 4.208973541870117, 3.2658734145355224, 2.8169446548461914, 2.5953450256347654, 2.487552868652344, 2.4162752568054198, 2.3852413025665284, 2.363491657562256, 2.3394885821533205, 2.3303675633239744, 2.3249007427215576, 2.302582975616455, 2.3018346253967286, 2.3059390003967284, 2.3035665022277834, 2.301649014892578, 2.306604126663208, 2.30491627784729, 2.299921157836914, 2.3027880210876464, 2.295587818145752, 2.3067377221679686, 2.31059351234436, 2.320136373138428, 2.322375128555298, 2.324041540222168, 2.3273828925323485, 2.3404250232696535, 2.342967501907349, 2.3469644425964353, 2.3593954000854493, 2.3654128744506835, 2.369464358673096, 2.375229710998535, 2.3873132760620117, 2.393066173171997, 2.4061461557006836, 2.4129942413330077, 2.4268971687316894, 2.428053815307617, 2.441412090148926, 2.4462983483886718, 2.463729948425293, 2.463920243988037, 2.464980009765625, 2.4807895551300048, 2.475207063369751, 2.4783392194747926, 2.485273943786621, 2.503043961791992, 2.5022655462646486, 2.5113734771728518, 2.520740012359619, 2.5213237969970703, 2.526110498046875, 2.5303569525909424, 2.5420271605682374, 2.53337448348999, 2.0123680912399293, 1.6272843507385253, 1.412743851928711, 1.258955670928955, 1.1510096755218506, 1.0929815353393555, 1.0664957540512086, 1.0607333839416504, 1.0511192050170899, 1.0568220019340515, 1.0534286896514893, 1.0607217922592163, 1.061080689086914, 1.0700047508621215, 1.075482004928589, 1.0687415915298462, 1.077340048904419, 1.0820469692230226, 1.0779759646224976, 1.0946023056411742, 1.0913916840744018, 1.0939514679527282, 1.0995414513778687, 1.1007274381637573, 1.1045309088134765, 1.1145566629219055, 1.1111510024261475, 1.1082932666015626, 1.1183575533294678, 1.1380690530014037, 1.1247094749832154, 1.1376548091888428, 1.1356820458984376, 1.1454933423614502, 1.1452359006118775, 1.144903494644165, 1.1422583237457276, 1.1409857830810546, 1.1459542520904542, 1.157641870803833, 1.1643717700576781, 1.1630521466827393, 1.155978373298645, 1.1511431038665771, 1.1744542285919188, 1.1735931888961793, 1.165848105392456, 1.1594532801818849, 1.1665315218734742, 1.1788101680755616, 1.1645206535720825, 1.1586501300811767, 1.181421923713684, 1.1769454364013672, 1.1884999459075927, 1.1982614530944824, 1.1702428360748292, 1.1753785301589965, 1.1703166930389404, 1.1781904403305055, 1.0467857584381104, 0.9592160574150086, 0.9218552563858032, 0.8903630654525757, 0.8626485747909546, 0.8357088653755188, 0.808598845462799, 0.7844414376068115, 0.7603344698905945, 0.7369319423484803, 0.7141641447639465, 0.6923445112609863, 0.6716220873451233, 0.6509129631614685, 0.6313068385696411, 0.6119710491371155, 0.5933757551383972, 0.575608011302948, 0.558347860069275, 0.5416006917762757, 0.5250312481307984, 0.5089817722320557, 0.4935995050048828, 0.47875778131484986, 0.46419730820655825, 0.4502081676864624, 0.43675662912368773, 0.4233786479663849, 0.41074118392944337, 0.39846856060028074, 0.38651763695716856, 0.3748574338150024, 0.36368402055740356, 0.35280246070861815, 0.34225999639511107, 0.33205152202606203, 0.322053864364624, 0.31250971367836, 0.3033828693389893, 0.294575332365036, 0.2887610909080505, 0.28720718584060667, 0.285355632982254, 0.28337018958091736, 0.2816333013153076, 0.28004306864738465, 0.27823813197135927, 0.27659576298713684, 0.27484063678741455, 0.2732324767112732, 0.27149966613769533, 0.26990097849845884, 0.26822187105178835, 0.26667923042297365, 0.26495628883361816, 0.26338627398490905, 0.2617748529815674, 0.26021342244148254, 0.2586331460475922, 0.2571052485370636, 0.25548573791503904, 0.2539982857608795, 0.2524710587406159, 0.2509244576740265, 0.24939930262088775, 0.24792524271965027, 0.2463963388299942, 0.24486780683517456, 0.24342352380275725, 0.2419381140804291, 0.24052810657024384, 0.2390770516729355, 0.23761318140506743, 0.2362141893196106, 0.2347532695388794, 0.2333287962436676, 0.23195932959556578, 0.2305716980934143, 0.2291667234992981, 0.22777261092185974]
0,0.9565217391304348
1,0.9032258064516129
2,0.782608695652174
3,0.7586206896551724
4,0.7741935483870968
5,0.75
6,0.8260869565217391
7,0.8461538461538461
8,1.0
9,1.0
10,0.55
11,0.5714285714285714
12,0.9
13,0.7391304347826086
14,0.8518518518518519
15,0.875
16,0.8461538461538461
17,0.9047619047619048
18,0.6764705882352942
19,0.72
20,0.8333333333333334
21,0.7368421052631579
22,0.8823529411764706
23,0.8461538461538461
24,0.782608695652174
25,0.5833333333333334
26,0.7916666666666666
27,0.7083333333333334
28,0.8
29,0.6896551724137931
30,0.8148148148148148
31,0.72
32,0.6818181818181818
33,0.6896551724137931
34,0.88
35,0.5454545454545454
36,0.8571428571428571
37,0.7368421052631579
38,0.8076923076923077
39,1.0
40,0.6785714285714286
41,0.9545454545454546
42,0.8260869565217391
43,0.8695652173913043
44,0.6086956521739131
45,0.6578947368421053
46,0.3181818181818182
47,0.7391304347826086
48,1.0
49,0.8235294117647058
50,0.7272727272727273
51,0.8095238095238095
52,0.85
53,0.9310344827586207
54,0.9545454545454546
55,0.5714285714285714
56,0.7727272727272727
57,0.75
58,0.8857142857142857
59,0.75
60,0.8518518518518519
61,0.7241379310344828
62,0.8076923076923077
63,0.7916666666666666
64,0.6842105263157895
65,0.7272727272727273
66,0.8846153846153846
67,0.7391304347826086
68,0.9523809523809523
69,0.8666666666666667
70,0.9
71,0.8095238095238095
72,0.45454545454545453
73,0.71875
74,0.5454545454545454
75,0.9285714285714286
76,0.9047619047619048
77,0.7647058823529411
78,0.6842105263157895
79,0.8214285714285714
80,0.7931034482758621
81,0.8571428571428571
82,0.9459459459459459
83,0.8666666666666667
84,0.8888888888888888
85,0.9333333333333333
86,0.7857142857142857
87,0.9
88,1.0
89,0.8571428571428571
90,0.7916666666666666
91,0.8717948717948718
92,0.72
93,0.8095238095238095
94,0.9565217391304348
95,0.7586206896551724
96,0.6086956521739131
97,0.8333333333333334
98,0.6153846153846154
99,0.9565217391304348
16
7
91
43
14
92
6
89
13
85
96
27
81
63
59
61
78
7
53
17
27
43
10
54
25
79
68
31
69
64
83
41
49
46
96
20
87
90
52
26
83
67
20
20
7
83
27
45
68
93
86
12
69
73
99
18
62
80
26
58
88
42
88
19
3
23
19
48
91
48
58
16
63
3
55
4
32
55
98
32
14
87
29
12
8
45
92
31
92
61
89
92
99
83
54
85
28
37
54
30
95
7
59
24
94
7
94
94
11
42
65
52
40
38
72
80
82
98
75
93
74
34
5
85
30
74
22
95
81
92
44
52
51
44
62
65
69
84
0
43
48
67
62
7
83
44
81
19
8
68
96
3
53
70
39
0
95
51
58
63
89
90
81
61
41
80
52
66
68
80
4
46
25
66
35
50
88
7
75
53
3
5
98
82
7
87
61
7
91
1
5
17
72
41
94
33
67
39
39
23
16
31
63
71
67
45
84
32
74
33
77
26
50
4
51
55
36
3
41
47
54
81
37
75
4
71
14
57
9
44
57
83
45
22
52
63
89
16
85
39
7
25
98
98
70
70
49
70
87
89
41
25
97
36
83
82
51
46
7
74
80
2
9
91
40
36
91
91
99
73
40
83
42
92
90
50
82
24
65
16
28
39
7
63
10
51
96
51
29
66
53
30
84
26
5
10
53
74
72
15
15
93
84
66
28
55
48
95
75
64
77
3
13
18
92
55
13
73
29
91
91
99
75
58
71
70
98
52
94
89
90
56
57
43
60
55
30
59
78
6
80
80
54
83
60
76
54
18
14
26
9
90
85
32
63
43
91
87
44
26
99
70
8
90
65
80
41
17
39
53
66
48
5
88
13
34
87
37
41
91
16
4
33
16
89
5
76
83
74
85
24
3
32
76
45
84
52
46
27
40
58
84
54
91
4
98
66
7
79
0
23
14
15
86
75
45
6
22
33
76
52
41
90
22
34
45
48
7
30
2
1
23
3
22
5
80
93
27
39
79
92
53
54
42
18
84
66
8
59
8
88
62
29
30
73
2
33
39
4
4
45
83
58
73
18
84
4
5
57
18
23
29
85
34
64
16
86
99
95
45
97
0
87
11
44
86
54
29
85
82
91
82
17
80
85
12
26
54
28
58
79
1
33
99
22
3
33
23
91
73
1
1
11
32
19
88
11
45
56
0
54
61
20
13
17
53
89
18
81
6
96
41
26
26
25
60
22
46
4
87
24
90
78
17
7
0
87
26
73
14
56
39
12
54
19
79
8
43
39
51
40
53
98
4
31
8
57
33
26
35
6
94
94
65
22
16
64
57
2
42
88
72
58
27
36
13
91
84
9
89
9
65
85
70
59
7
2
59
79
70
34
97
99
49
44
55
70
15
38
34
61
69
37
27
24
3
78
72
63
35
1
84
22
86
55
91
13
90
68
60
84
0
34
54
32
92
14
49
35
86
3
89
44
15
66
35
50
12
41
31
34
93
84
26
74
44
50
57
54
11
73
44
66
60
79
58
82
67
98
89
28
55
95
76
60
76
91
37
2
72
62
43
91
48
63
34
42
34
53
3
28
8
40
44
47
61
60
73
61
26
63
42
49
92
92
6
57
12
18
20
72
0
85
65
55
23
4
95
81
58
73
60
21
62
19
87
47
79
90
75
27
15
41
39
99
33
94
45
91
36
77
3
75
62
94
61
50
38
12
1
0
30
84
98
29
7
18
48
87
91
84
63
62
31
40
55
30
43
86
96
18
55
25
14
28
75
2
81
22
73
79
5
88
56
81
15
84
69
30
6
68
70
81
74
7
75
23
60
5
14
48
18
0
70
38
4
24
69
16
9
42
41
39
27
0
70
85
9
43
79
77
75
74
80
42
45
8
0
36
89
4
46
69
56
42
10
71
35
72
99
16
0
21
11
1
64
47
43
83
65
68
18
1
25
63
98
47
90
2
28
37
61
31
9
4
92
38
93
28
39
18
41
44
49
1
11
19
91
82
4
60
34
56
19
32
74
87
99
73
98
8
58
93
87
11
79
35
43
52
6
4
27
8
63
26
34
39
97
96
75
33
87
49
11
16
33
76
41
97
8
75
17
55
93
44
4
41
60
30
65
21
77
90
54
87
86
37
47
66
2
73
55
21
62
26
65
28
15
14
47
17
45
92
39
42
58
49
48
44
71
48
69
9
26
16
46
71
66
66
88
82
1
39
88
93
82
7
17
56
40
70
14
68
52
69
45
16
6
85
12
99
88
40
68
36
23
85
6
25
46
75
61
62
58
34
51
75
73
54
37
28
90
72
88
68
38
95
7
16
58
61
39
56
17
33
77
63
87
75
4
16
94
55
76
60
97
1
0
75
31
55
71
75
52
6
43
14
84
14
51
1
88
53
66
5
56
32
52
40
24
86
54
54
88
61
87
54
24
28
85
17
90
22
86
77
79
94
18
0
39
89
82
41
87
91
73
4
62
55
98
10
46
28
38
50
70
13
7
15
26
76
98
73
79
15
47
47
93
73
81
26
70
95
60
70
11
82
66
34
6
65
62
74
31
36
88
52
48
79
74
72
57
66
68
97
64
16
72
16
86
18
29
84
53
9
38
43
33
15
1
67
96
1
84
69
13
10
33
80
68
30
8
3
13
45
18
44
35
28
93
5
53
34
27
93
6
44
93
85
14
11
31
69
47
57
95
85
80
1
82
2
66
80
58
31
42
23
90
18
83
31
51
80
23
64
61
5
51
99
28
19
63
93
97
78
34
71
13
50
17
28
29
10
61
83
83
53
73
7
59
82
34
15
68
68
34
82
75
37
8
94
16
24
21
8
96
53
49
38
85
55
32
96
20
29
43
69
94
26
62
23
91
34
48
23
53
5
0
59
57
69
73
50
12
42
61
21
95
88
61
15
24
1
77
67
82
5
64
51
52
79
70
46
1
59
87
60
88
76
45
19
7
1
35
94
79
91
71
26
55
60
73
9
75
5
72
27
32
38
56
45
43
87
52
2
7
85
30
92
51
79
82
99
86
15
29
63
66
62
80
24
57
43
78
49
99
95
93
55
71
77
86
64
4
23
62
65
17
98
66
32
57
99
2
6
70
82
82
94
95
81
96
77
33
67
43
60
99
64
63
62
82
36
12
31
47
75
77
29
94
27
70
95
32
38
67
37
2
65
40
53
87
95
53
4
43
89
69
93
81
40
71
31
33
91
75
85
47
97
70
13
19
46
83
92
53
46
66
45
48
94
10
69
60
42
35
59
47
44
57
4
83
89
71
68
52
46
58
11
22
62
52
2
58
77
96
86
33
58
69
97
14
51
2
63
45
58
42
6
75
81
99
28
50
57
88
25
38
71
47
53
48
79
59
29
82
90
93
81
17
14
69
25
32
39
14
89
65
67
99
28
98
88
20
42
18
60
48
69
18
86
6
39
19
15
37
83
48
35
89
67
77
38
27
21
96
11
41
84
30
58
30
98
31
83
59
77
74
41
8
19
54
4
68
9
91
67
3
40
71
57
38
9
82
3
76
20
60
42
94
66
72
6
25
61
36
4
14
26
60
77
62
85
33
10
27
63
23
33
88
18
58
51
83
23
85
47
20
79
20
30
52
19
4
35
80
26
0
56
47
51
47
83
29
3
3
73
9
77
43
15
72
77
19
73
77
7
29
4
61
50
30
39
33
75
17
9
17
28
45
8
12
41
49
63
60
12
2
77
35
3
46
15
84
19
66
70
62
34
94
30
35
4
99
33
90
16
59
4
24
71
3
19
14
23
68
45
81
10
90
21
57
22
87
82
12
38
10
93
77
84
41
64
76
25
91
94
42
79
19
76
87
18
51
1
50
94
6
45
23
0
74
91
48
95
48
45
54
69
83
68
56
16
80
12
67
71
25
50
60
79
0
44
55
46
80
2
32
92
61
69
97
13
30
27
74
8
17
42
91
11
36
69
50
57
84
76
85
3
91
44
76
13
8
92
69
82
79
73
89
19
42
39
45
80
63
15
50
16
70
94
60
75
83
62
85
48
33
11
5
64
18
75
75
4
31
72
17
89
70
19
36
22
73
83
63
2
92
37
35
99
77
56
22
84
14
71
94
44
12
41
52
91
85
43
82
40
97
42
96
47
22
1
11
78
74
93
85
18
63
65
25
44
2
22
44
59
2
54
11
56
75
52
76
20
48
97
9
78
38
84
3
50
43
84
18
6
9
72
38
82
75
15
29
11
20
95
3
87
74
44
83
91
74
86
86
44
58
36
90
8
40
65
95
91
14
81
0
58
96
1
61
59
21
60
89
82
61
80
52
65
55
32
77
69
26
42
79
11
20
38
52
15
79
65
63
96
26
29
3
79
39
30
99
5
8
65
52
40
58
54
82
31
82
93
70
99
21
17
56
64
74
1
92
61
85
78
58
10
53
74
47
5
34
81
14
77
30
66
63
45
93
46
27
45
87
63
87
26
41
70
89
21
32
90
36
85
3
87
21
87
71
83
27
74
1
8
93
98
61
88
90
10
83
27
89
34
24
74
49
12
28
66
78
58
45
87
79
63
14
47
31
77
52
60
71
5
67
81
98
54
67
17
21
1
88
3
77
95
91
12
15
82
22
16
66
5
41
34
29
73
27
81
63
53
23
81
86
78
71
28
75
46
26
79
16
8
7
22
13
87
83
65
62
49
70
57
63
78
40
91
23
13
80
6
42
21
30
55
35
94
41
36
52
12
43
86
97
53
50
97
3
61
20
22
57
25
71
72
68
20
49
67
87
16
41
66
27
25
54
1
15
42
6
13
8
2
5
45
93
71
56
99
67
55
2
76
50
30
53
91
81
65
70
23
11
95
40
95
62
2
23
78
96
67
42
8
15
4
80
27
60
7
54
48
16
57
94
30
92
43
62
58
19
23
38
65
47
95
10
99
86
53
89
11
52
58
54
85
74
72
82
72
69
43
37
34
47
47
40
53
45
8
83
3
26
40
28
53
27
59
4
33
92
89
44
12
55
89
98
78
82
91
31
91
47
9
73
69
36
45
54
95
37
61
83
69
11
42
76
11
10
81
98
94
24
39
1
33
27
55
7
39
15
99
3
41
66
80
27
45
4
32
5
45
9
44
33
94
35
24
59
65
11
38
23
39
25
97
25
25
47
72
56
98
82
41
99
51
45
19
18
95
64
78
96
49
64
40
36
97
40
32
49
62
10
40
4
18
81
91
5
87
3
50
80
86
89
17
12
80
46
6
32
40
13
98
59
21
76
14
59
49
30
33
38
51
66
87
38
63
53
4
48
24
13
31
29
84
35
61
24
34
98
45
99
27
51
91
0
72
50
57
4
60
90
86
9
46
92
99
77
57
14
2
70
69
69
91
79
93
58
0
20
7
50
82
79
58
73
58
3
85
27
70
29
97
98
53
37
73
28
86
50
24
34
95
1
2
36
59
99
55
85
0
71
64
82
62
31
86
57
72
73
42
91
84
85
90
69
82
21
89
68
68
76
31
58
8
90
13
95
78
88
47
99
42
12
92
8
82
78
97
62
36
4
12
27
97
27
56
18
77
72
95
54
0
88
87
73
29
33
14
86
19
97
4
9
53
89
14
25
26
49
11
14
80
83
21
27
30
52
74
29
52
90
14
77
4
7
75
27
16
30
49
83
14
51
42
70
