overall_acc,0.798
loss,[10.846178272399902, 6.22292516204834, 4.192197914276123, 3.255241771850586, 2.8181570498657225, 2.598817422943115, 2.486514510650635, 2.414268832626343, 2.382220827255249, 2.351662110977173, 2.3436274308776857, 2.333390008392334, 2.322531028137207, 2.308562472381592, 2.3086217122650146, 2.3032508939361573, 2.3009257444000246, 2.30467153427124, 2.3034290727996827, 2.300086774520874, 2.2986154901885985, 2.3017214762878417, 2.3017659118652345, 2.3095407859039305, 2.30168962020874, 2.3145023262786864, 2.3199202449798584, 2.3211377212524416, 2.339400785522461, 2.330208787689209, 2.3351601820373533, 2.3495830408477785, 2.346867491455078, 2.3546945673370363, 2.3787369470214843, 2.3828347448730467, 2.3907475661468505, 2.387610814819336, 2.405884372711182, 2.422222029724121, 2.429294710845947, 2.4214361962890627, 2.4500589112854003, 2.452659826812744, 2.4530462506103516, 2.4647374375152586, 2.473792327194214, 2.4777677015686037, 2.4853765727233887, 2.500215652923584, 2.5028684146118163, 2.524708028717041, 2.506115492553711, 2.5128497509765624, 2.5252194498443603, 2.530786095046997, 2.536875331573486, 2.5486823764801025, 2.5421942208099364, 2.5379076926422117, 2.0161428525161744, 1.627363624305725, 1.41232904296875, 1.2589228847503662, 1.1524278049468994, 1.092908437538147, 1.0654237578964234, 1.058071904182434, 1.0477911116790772, 1.0569387897872924, 1.063041231689453, 1.0577681270980834, 1.0679679101753234, 1.0704784146499633, 1.0701773358535767, 1.0825001982498168, 1.0856108192062377, 1.079242738609314, 1.093658997192383, 1.102025127620697, 1.0978895931243897, 1.1026408490753175, 1.110354227142334, 1.109375820503235, 1.1169568296813965, 1.1236462280273438, 1.119058161315918, 1.11923305809021, 1.133563172569275, 1.1364733156204223, 1.1333837411117553, 1.1431160473251343, 1.1490085202026368, 1.1306728300476074, 1.1521204640960694, 1.1441181163024903, 1.1398191329956056, 1.1437268476867675, 1.1399565845870971, 1.150943187675476, 1.1702218776702882, 1.1611137972259522, 1.166703921432495, 1.1561434809875488, 1.1664426895141602, 1.1623853288269044, 1.1657933592605592, 1.1646605316162109, 1.1849841982650757, 1.1745660350036622, 1.1768840075683593, 1.1829338523101807, 1.173776639175415, 1.179935722579956, 1.1775186477661133, 1.1898639043426513, 1.1729500709533691, 1.1857024378967285, 1.1902108129882814, 1.20024416847229, 1.0575993503189087, 0.970854205493927, 0.9346960093688965, 0.9024929273796082, 0.8732576329231262, 0.8458232147789001, 0.8193905221748352, 0.7941446014022827, 0.769577476196289, 0.7459649989700318, 0.7232869518852234, 0.7012612902069092, 0.6795003471183777, 0.6588307910346984, 0.6389367987632751, 0.6195304059410095, 0.6009700628471375, 0.5827878123092651, 0.5650409693527222, 0.5481438312911987, 0.5313078418540954, 0.5154050604438781, 0.49984373027801515, 0.4846578278255463, 0.4699772670841217, 0.4558446251487732, 0.44198840814590457, 0.4288237004184723, 0.4158834843444824, 0.40347713492393494, 0.3911335575389862, 0.3794109314727783, 0.36814314997673037, 0.3572281195068359, 0.3465065791034698, 0.3361316956138611, 0.32628523708343504, 0.3167053862476349, 0.30707578740119934, 0.29795167803764344, 0.29247788316726686, 0.2906824317646027, 0.28868192918777463, 0.28701211037635804, 0.28515010792732237, 0.283384019241333, 0.2816995537376404, 0.27992276737213134, 0.27827590319633483, 0.2765720665931702, 0.2749040269756317, 0.27322457065582273, 0.2715726122188568, 0.2699578189945221, 0.2682265560054779, 0.26672173400878907, 0.2650316457939148, 0.26342731748580933, 0.2618637361907959, 0.26023332525253295, 0.25867045420646667, 0.25714656381607054, 0.25557963099479675, 0.2540675702571869, 0.25250642453193667, 0.2510301643657684, 0.24945296593666078, 0.2479604906129837, 0.2465384612751007, 0.2449477154827118, 0.243474391374588, 0.24206326852798463, 0.24055689041614534, 0.23911248627185822, 0.2376751994037628, 0.23627573900699617, 0.2348473177576065, 0.23342390322208403, 0.23202743500709533, 0.23063165151596068]
0,0.9565217391304348
1,0.8709677419354839
2,0.782608695652174
3,0.7931034482758621
4,0.8064516129032258
5,0.8333333333333334
6,0.9565217391304348
7,0.9230769230769231
8,1.0
9,0.9473684210526315
10,0.5
11,0.5714285714285714
12,0.85
13,0.6521739130434783
14,0.7037037037037037
15,0.875
16,0.8461538461538461
17,0.8571428571428571
18,0.7352941176470589
19,0.8
20,0.8333333333333334
21,0.8947368421052632
22,0.8823529411764706
23,0.8076923076923077
24,0.8260869565217391
25,0.625
26,0.7916666666666666
27,0.875
28,0.8
29,0.7931034482758621
30,0.8888888888888888
31,0.72
32,0.6818181818181818
33,0.6896551724137931
34,0.84
35,0.5
36,0.8571428571428571
37,0.8947368421052632
38,0.8461538461538461
39,1.0
40,0.75
41,0.9545454545454546
42,0.8260869565217391
43,0.9130434782608695
44,0.6086956521739131
45,0.7631578947368421
46,0.5
47,0.6521739130434783
48,1.0
49,0.8823529411764706
50,0.7727272727272727
51,0.7619047619047619
52,0.7
53,0.9655172413793104
54,0.9545454545454546
55,0.47619047619047616
56,0.9090909090909091
57,0.6428571428571429
58,0.8857142857142857
59,0.75
60,0.8518518518518519
61,0.7586206896551724
62,0.8076923076923077
63,0.7083333333333334
64,0.631578947368421
65,0.6818181818181818
66,0.8461538461538461
67,0.6521739130434783
68,0.9523809523809523
69,0.8666666666666667
70,0.9333333333333333
71,0.8095238095238095
72,0.5
73,0.6875
74,0.6363636363636364
75,0.9642857142857143
76,0.9523809523809523
77,0.6764705882352942
78,0.8421052631578947
79,0.75
80,0.6896551724137931
81,0.8571428571428571
82,0.918918918918919
83,0.8666666666666667
84,0.8148148148148148
85,0.9333333333333333
86,0.8214285714285714
87,0.8666666666666667
88,0.8571428571428571
89,0.8571428571428571
90,0.875
91,0.8717948717948718
92,0.64
93,0.8571428571428571
94,0.9130434782608695
95,0.6206896551724138
96,0.5217391304347826
97,0.8333333333333334
98,0.7307692307692307
99,0.9130434782608695
16
7
91
43
14
92
6
89
13
85
47
27
81
63
59
61
78
18
53
17
27
43
10
54
25
79
68
31
69
64
83
41
23
86
47
20
87
90
52
26
83
67
20
20
7
83
27
45
68
93
86
12
69
45
99
18
62
16
26
58
88
64
88
19
34
23
19
48
91
48
58
16
63
75
79
4
32
15
98
32
14
87
38
12
8
45
92
31
62
61
89
92
78
83
26
85
28
37
54
30
95
7
59
24
94
7
94
94
11
42
65
52
40
38
55
80
82
46
75
51
74
34
5
89
30
74
22
95
81
92
27
52
6
18
62
65
69
84
0
43
48
67
62
89
53
44
37
19
8
68
64
3
57
70
39
0
95
51
58
19
89
90
81
61
41
65
52
66
68
80
4
46
25
27
35
50
88
14
75
53
3
5
98
82
7
87
61
7
91
70
5
37
72
41
94
33
67
39
39
23
6
31
63
71
67
45
10
35
74
33
77
65
50
98
51
85
36
3
41
47
54
81
37
75
27
71
24
24
9
78
57
83
45
22
29
27
89
22
85
39
7
25
98
36
70
70
49
70
87
15
41
25
97
36
83
82
51
11
7
74
80
2
9
91
40
36
91
91
99
73
76
83
42
70
90
50
82
24
38
16
28
39
7
63
10
51
96
65
29
66
83
55
84
44
5
91
53
74
72
15
15
44
87
66
16
15
48
95
72
65
77
3
13
18
92
55
13
72
29
91
91
99
75
58
71
70
98
52
94
89
90
56
57
43
60
41
30
59
78
6
38
80
54
99
60
76
65
18
14
26
9
81
85
32
63
43
32
87
44
26
99
70
8
90
65
80
90
17
39
53
66
48
5
88
8
97
98
37
41
91
16
27
33
16
89
5
76
83
74
85
24
72
32
76
91
37
52
46
74
40
58
84
6
91
38
35
66
41
79
53
23
14
15
86
75
45
6
22
96
76
52
81
90
22
34
45
27
7
30
11
1
23
3
22
5
80
93
27
39
79
92
53
54
4
18
84
16
8
59
8
88
92
29
30
73
2
33
39
4
22
45
83
58
73
18
84
4
5
2
18
23
29
85
34
64
16
86
26
95
45
97
0
46
32
44
86
54
29
85
82
91
82
17
38
37
12
26
54
28
58
6
1
64
44
22
3
33
23
91
73
1
1
46
1
19
88
11
29
56
0
54
61
20
13
17
53
89
18
81
6
47
41
26
26
25
60
22
93
4
47
24
90
78
17
7
0
87
26
73
14
56
74
12
54
21
79
8
43
39
51
40
53
98
72
31
8
57
33
29
35
6
94
16
65
22
16
81
57
98
97
88
72
58
27
36
13
91
84
9
5
9
65
85
70
59
85
70
59
79
70
34
97
16
49
18
55
70
64
38
34
61
69
37
27
24
3
78
51
96
35
1
84
8
86
55
91
13
90
68
60
84
0
34
70
32
92
14
49
35
86
3
89
18
15
66
35
50
12
41
31
28
93
84
26
74
78
50
57
54
11
73
44
66
60
26
58
82
67
57
89
28
55
95
76
60
76
91
37
2
42
62
43
91
48
27
44
42
34
53
42
28
8
99
44
33
61
60
73
61
45
63
63
49
92
92
6
55
87
18
20
55
0
85
75
44
23
66
95
81
58
73
60
21
62
19
87
47
79
90
75
73
15
41
39
99
46
94
45
91
36
77
3
75
62
94
61
50
38
12
1
0
30
84
98
29
7
18
48
87
91
84
63
62
31
40
72
30
61
86
96
18
98
20
14
28
75
2
81
22
44
79
5
23
56
81
15
84
69
30
6
68
70
81
74
7
67
23
60
5
14
48
18
0
70
38
43
24
69
16
9
42
41
39
27
0
70
85
9
43
79
77
75
74
80
42
45
8
0
36
89
43
46
69
56
23
10
71
35
64
40
16
0
21
2
1
64
47
43
83
4
68
18
1
25
96
46
84
90
46
28
37
61
31
9
4
92
38
93
28
39
18
41
44
49
1
11
19
91
82
4
60
34
56
19
32
74
87
99
49
98
8
58
93
87
45
79
35
43
52
6
4
27
8
63
26
34
39
97
59
75
33
87
49
98
16
33
76
41
97
8
75
17
55
93
44
4
41
60
30
21
21
77
90
54
87
86
37
47
19
2
73
55
25
62
26
19
28
15
34
59
69
45
92
39
42
58
49
48
44
71
48
69
9
65
37
46
71
66
66
97
82
1
39
88
93
82
7
17
56
40
70
1
68
52
69
45
16
6
85
12
99
88
40
68
36
60
85
89
25
46
75
61
70
58
97
51
75
73
70
37
28
90
72
88
68
38
73
7
16
58
61
39
56
17
33
77
63
87
75
4
16
94
55
76
60
97
1
0
75
31
55
71
75
52
6
43
14
84
14
51
1
88
53
66
5
56
32
52
40
24
86
54
54
88
61
87
54
24
28
85
17
90
22
86
77
79
76
45
0
39
89
82
41
87
91
73
4
62
72
98
10
46
28
38
9
70
13
7
15
24
76
98
73
79
15
47
47
93
73
81
26
70
95
60
70
2
82
66
34
6
65
62
74
31
36
88
52
48
79
50
55
57
66
68
97
64
16
63
16
95
18
29
10
53
9
38
43
74
15
1
42
67
1
84
69
81
10
33
80
68
30
8
3
81
45
18
45
35
20
93
5
53
34
27
93
6
44
93
85
91
11
31
69
47
86
30
85
80
1
82
45
66
80
58
31
42
23
90
6
83
31
51
80
23
64
61
40
51
99
28
19
63
14
97
78
34
90
13
74
17
28
29
10
61
83
83
53
73
7
59
82
34
15
68
68
34
82
75
37
8
94
86
24
21
8
96
53
49
63
85
27
32
96
20
29
43
69
94
26
82
23
91
34
48
71
53
5
0
59
57
69
73
27
12
42
61
21
95
88
28
15
24
1
77
67
82
5
64
51
47
79
70
46
1
59
87
60
39
76
45
19
14
1
35
94
17
16
49
26
38
60
73
9
75
5
27
27
32
38
18
45
36
40
47
15
7
85
30
92
51
79
76
99
86
15
29
63
66
62
80
24
57
43
78
93
99
95
93
63
71
78
86
64
4
23
62
64
17
98
21
32
57
61
2
6
70
82
82
94
95
81
96
77
49
67
31
60
79
35
63
62
82
36
76
31
47
75
77
29
94
27
70
95
46
38
32
37
19
65
40
53
87
95
53
42
43
89
69
93
81
40
71
31
33
73
75
90
47
97
62
13
19
46
91
92
53
46
66
45
48
94
10
69
60
42
35
59
52
44
57
4
83
89
71
68
47
46
58
98
22
62
52
2
58
77
96
86
33
58
69
97
14
51
2
4
45
58
42
6
80
81
99
28
50
57
88
25
38
23
47
53
48
79
59
29
82
90
93
81
17
14
69
25
32
39
1
89
7
67
99
28
98
88
20
3
18
60
48
69
18
41
6
39
2
15
37
83
48
35
89
73
77
38
72
21
96
11
16
84
30
58
30
92
72
83
59
77
4
41
8
19
54
4
68
9
91
67
3
40
71
77
38
9
82
3
76
20
60
42
94
66
72
6
25
61
36
4
24
26
60
77
62
85
79
39
67
93
23
33
88
18
58
51
83
23
85
56
20
79
20
30
96
19
55
98
38
26
0
56
47
92
52
10
40
44
3
73
9
77
43
15
74
77
19
73
24
7
29
4
61
50
30
39
33
51
31
9
17
28
45
8
12
83
49
63
60
12
11
77
11
31
46
15
84
19
66
70
62
34
94
30
11
27
99
33
90
16
56
4
24
71
3
19
14
23
68
10
81
61
90
21
57
22
87
82
12
38
10
93
14
84
41
64
76
25
91
94
42
79
19
76
87
18
51
1
50
37
6
45
23
0
74
91
48
95
48
45
54
69
86
68
56
25
50
41
67
71
25
50
60
79
0
44
74
46
65
2
32
92
10
76
97
13
30
27
74
8
17
42
91
11
4
69
50
57
84
39
85
21
91
44
76
13
8
92
69
82
7
73
89
15
42
39
78
80
55
15
50
16
82
94
60
91
83
62
85
48
33
11
5
2
55
75
75
4
31
72
17
89
70
19
36
22
67
83
63
2
62
37
11
99
77
56
22
84
14
71
94
44
12
41
52
91
85
43
82
40
97
42
96
47
22
1
11
78
72
93
85
18
63
65
25
44
2
86
45
59
2
54
98
56
75
52
76
20
48
97
9
10
38
5
3
50
43
84
18
6
76
72
65
6
75
15
29
11
20
95
3
58
74
14
83
91
74
86
10
74
58
36
90
8
76
65
40
32
14
13
0
58
96
1
10
59
21
60
89
82
61
80
52
65
55
32
77
69
26
42
79
46
20
38
52
15
7
65
63
52
26
29
3
79
39
30
99
5
8
51
52
40
58
54
82
3
82
93
70
99
21
17
56
64
74
1
92
61
85
78
58
10
53
74
47
5
34
81
64
77
30
66
63
45
93
46
44
45
87
63
87
26
41
70
63
21
32
90
36
85
3
87
21
87
71
53
27
74
1
8
93
98
61
88
90
10
83
27
85
34
24
74
49
12
28
74
78
58
45
87
79
67
14
47
31
77
52
60
71
25
67
81
98
54
93
17
21
1
88
21
77
95
91
12
15
82
22
16
66
25
44
29
29
73
27
81
63
53
23
81
86
42
71
28
75
35
26
79
16
8
7
22
13
87
83
65
62
49
70
57
75
18
40
91
23
13
80
6
42
66
30
30
35
94
41
36
52
12
43
86
97
53
50
97
3
61
20
22
57
25
71
72
68
20
49
67
87
16
41
66
27
87
51
92
15
42
6
85
8
2
5
45
5
71
56
99
67
78
2
76
50
30
53
91
81
65
70
23
11
72
40
30
62
11
23
78
96
67
65
8
15
4
80
27
60
7
54
48
16
57
94
30
92
43
62
58
19
23
38
40
33
95
10
99
86
53
48
11
52
58
54
85
74
72
82
72
32
43
37
34
47
47
40
53
45
8
83
3
90
40
28
53
27
59
4
33
92
89
44
12
55
89
98
78
82
91
31
91
52
9
73
69
36
77
91
95
37
61
83
69
11
27
76
44
82
90
98
94
24
39
1
33
90
55
7
39
15
99
3
41
66
80
27
45
72
32
5
45
9
93
33
65
35
24
37
65
11
38
49
39
25
97
66
87
47
29
56
98
82
41
38
51
18
19
18
73
64
78
96
49
64
40
36
97
40
45
49
62
10
56
4
18
81
91
5
87
3
50
80
86
89
17
12
80
21
24
32
40
13
98
37
21
76
14
59
49
30
33
80
51
66
87
38
63
53
4
48
24
13
31
27
84
46
61
24
34
98
45
99
27
51
91
0
72
50
57
4
60
90
86
9
46
92
99
77
57
14
2
70
69
69
32
79
44
58
0
20
7
85
82
79
58
72
58
3
85
55
92
29
97
46
53
37
73
28
86
50
24
19
95
1
2
36
59
99
55
85
0
71
64
6
62
31
86
57
72
73
42
18
84
85
90
69
82
21
89
68
68
76
31
13
8
37
13
30
78
88
33
99
42
12
92
8
82
78
97
62
74
4
12
29
55
77
56
18
77
72
95
54
53
45
87
73
29
33
14
86
19
97
4
9
57
89
18
25
26
49
11
14
80
83
3
27
30
52
74
29
52
90
14
77
63
7
75
27
16
30
50
83
63
51
42
70
