overall_acc,0.7892
loss,[10.852701459655762, 6.227103599243164, 4.183635805969239, 3.2535386552429197, 2.820276882095337, 2.5926341723632813, 2.4858113034820555, 2.4244861671447753, 2.3718330780029295, 2.365359043502808, 2.3331448532867434, 2.325602154083252, 2.3138940841674804, 2.3117081938171387, 2.3137163317871092, 2.2974200186157225, 2.3136507679748535, 2.305465771865845, 2.3028682023620606, 2.3026476853179934, 2.307152196044922, 2.299649774093628, 2.31354538192749, 2.3029031587219237, 2.3183873358154297, 2.310775406341553, 2.310711165313721, 2.323418854370117, 2.334879208984375, 2.3358399965667727, 2.3385199572753907, 2.3454437449645997, 2.3541847598266603, 2.366270621185303, 2.36870038772583, 2.374794377593994, 2.383046357727051, 2.391176747817993, 2.3885677391815188, 2.415968856048584, 2.4147563841247557, 2.4284965879821776, 2.4393706019592285, 2.445939758758545, 2.4599279933929443, 2.4597902716064453, 2.4704651155090334, 2.4632701944732665, 2.478189464111328, 2.495076467666626, 2.4918870108795166, 2.506681360168457, 2.4955718363189696, 2.500750386810303, 2.5187838414001464, 2.525450320663452, 2.541514976501465, 2.5308753189086914, 2.5360368907928468, 2.5395352056121827, 1.9942864500045776, 1.6180785559082032, 1.4015459602355957, 1.2548844409179687, 1.1524456930160523, 1.0992087568855287, 1.0618671853256225, 1.0595562408447265, 1.0585795292663573, 1.0589078593063355, 1.0632821550369262, 1.0592905514907838, 1.0737819466400147, 1.0690009998321532, 1.0804968489074707, 1.0729404020690918, 1.08262407081604, 1.0947142581939697, 1.0909523182296752, 1.0890275020217897, 1.1056853687667847, 1.1137486706924438, 1.1014748379325867, 1.1055481796646118, 1.1107037985610961, 1.1175627390289307, 1.1260176050186157, 1.1257113945007324, 1.1322683194732666, 1.122634443359375, 1.1344889341163635, 1.1337559240341186, 1.13375515625, 1.1304934198379517, 1.1375803797531128, 1.144181130142212, 1.1569394942855835, 1.1554719415283203, 1.163269441394806, 1.150003759841919, 1.1562300483703614, 1.1559916096878051, 1.1598100290679931, 1.1691306163406372, 1.1599767334747315, 1.176134126586914, 1.1768779637908935, 1.1773322661972045, 1.1787710146713257, 1.1706809617614746, 1.179557900390625, 1.1910271895980835, 1.1696568479537963, 1.170983253479004, 1.1803420978546142, 1.1845135445785522, 1.188690873336792, 1.1948316807174684, 1.182129031791687, 1.2046877278137207, 1.0550867598724365, 0.9714055012321472, 0.9343287095451355, 0.9025740515518188, 0.8734980680847168, 0.8462319030570984, 0.8198190686225891, 0.7946795896339417, 0.7699343258094787, 0.7463989483261109, 0.7234385208702088, 0.7017639337921142, 0.6802544729804992, 0.6596221527671814, 0.6395255884552002, 0.6203699927139282, 0.6011981788635254, 0.5832038862228394, 0.5654732791137695, 0.5480897612762451, 0.5318361184692383, 0.5158087558555603, 0.5007546592617035, 0.4851412471675873, 0.47023717282295224, 0.4562033128738403, 0.4424967496871948, 0.42887796255111693, 0.41634230154037477, 0.40374590008735656, 0.3916549514198303, 0.38008493306159974, 0.36882181320190427, 0.3579365912055969, 0.3470815165042877, 0.3366561138629913, 0.32647202016830446, 0.31704112873077395, 0.30752884330749514, 0.29835687341690065, 0.29258947962760923, 0.290791262550354, 0.2889304320907593, 0.2871606927394867, 0.28545199645996094, 0.28380487502098084, 0.28198855202674866, 0.280321762008667, 0.27862157203674315, 0.2769247086429596, 0.27530963801383973, 0.2736374312591553, 0.2718299673461914, 0.2702617038249969, 0.2687245373725891, 0.2670249093055725, 0.2653335261821747, 0.2637454666233063, 0.2622214890861511, 0.2606340810108185, 0.25899305090904234, 0.25745246418952944, 0.25593029790878297, 0.25437377732276917, 0.25285031403541564, 0.2513700032043457, 0.2497922563457489, 0.24824870805740357, 0.24676968040466307, 0.2452266869878769, 0.24382192664146424, 0.24235299156665802, 0.24089414838790893, 0.23939761861801148, 0.2379912825012207, 0.2365577407169342, 0.2351265979385376, 0.23367902274608612, 0.23228662539482117, 0.2309626132965088]
0,0.9565217391304348
1,1.0
2,0.8260869565217391
3,0.7931034482758621
4,0.8064516129032258
5,0.7916666666666666
6,0.8695652173913043
7,0.8846153846153846
8,1.0
9,0.9473684210526315
10,0.4
11,0.47619047619047616
12,0.75
13,0.6086956521739131
14,0.7777777777777778
15,0.875
16,0.9230769230769231
17,0.8095238095238095
18,0.7647058823529411
19,0.88
20,0.8333333333333334
21,0.8947368421052632
22,0.8823529411764706
23,0.8846153846153846
24,0.7391304347826086
25,0.5416666666666666
26,0.7916666666666666
27,0.8333333333333334
28,0.8
29,0.7931034482758621
30,0.7777777777777778
31,0.84
32,0.7272727272727273
33,0.5517241379310345
34,0.88
35,0.5454545454545454
36,0.8095238095238095
37,0.6842105263157895
38,0.8461538461538461
39,0.9565217391304348
40,0.6428571428571429
41,0.9545454545454546
42,0.8260869565217391
43,0.8695652173913043
44,0.6521739130434783
45,0.7631578947368421
46,0.2727272727272727
47,0.8260869565217391
48,1.0
49,0.9411764705882353
50,0.7727272727272727
51,0.8095238095238095
52,0.75
53,0.896551724137931
54,0.9545454545454546
55,0.5714285714285714
56,0.8636363636363636
57,0.6428571428571429
58,0.8857142857142857
59,0.7916666666666666
60,0.7777777777777778
61,0.7586206896551724
62,0.8461538461538461
63,0.875
64,0.631578947368421
65,0.5909090909090909
66,0.8461538461538461
67,0.6521739130434783
68,0.9523809523809523
69,0.8666666666666667
70,0.7333333333333333
71,0.8095238095238095
72,0.5909090909090909
73,0.71875
74,0.5454545454545454
75,0.9285714285714286
76,0.9047619047619048
77,0.6470588235294118
78,0.7894736842105263
79,0.8571428571428571
80,0.6896551724137931
81,0.8571428571428571
82,0.918918918918919
83,0.8
84,0.8518518518518519
85,0.9333333333333333
86,0.7857142857142857
87,0.9
88,0.9047619047619048
89,0.8928571428571429
90,0.9166666666666666
91,0.8974358974358975
92,0.64
93,0.7619047619047619
94,0.9130434782608695
95,0.6551724137931034
96,0.5217391304347826
97,0.8333333333333334
98,0.46153846153846156
99,0.9130434782608695
16
7
91
43
14
92
79
89
13
85
47
18
81
63
59
10
78
45
53
17
27
43
10
54
94
79
68
31
69
64
83
41
49
46
47
20
87
90
52
26
83
67
20
20
7
83
27
45
68
93
86
12
69
23
99
1
62
50
26
58
88
64
88
19
34
71
19
48
44
48
58
16
63
75
55
4
32
15
98
32
14
87
97
12
8
45
92
31
62
61
89
92
78
83
45
85
28
37
54
30
95
7
59
24
94
7
94
94
11
42
65
52
40
38
4
80
82
11
75
51
50
34
5
85
30
74
22
95
81
92
91
52
18
44
62
65
69
84
0
43
48
67
62
89
53
18
90
19
8
68
30
3
83
70
20
0
75
51
13
74
89
90
81
61
41
27
52
66
68
80
4
35
5
27
35
50
88
7
75
53
3
5
98
82
7
87
61
7
91
1
5
37
72
41
94
33
67
79
39
23
6
31
63
71
67
45
51
84
74
49
77
48
50
55
51
85
36
3
41
47
54
87
37
75
55
71
24
24
9
44
57
83
45
22
47
63
89
22
85
39
7
25
98
57
70
54
49
70
87
90
41
25
97
36
83
82
79
46
7
74
80
2
9
91
40
36
72
91
99
73
73
83
42
70
90
50
82
24
42
16
40
39
7
63
10
51
96
51
29
66
53
30
84
44
5
91
53
74
72
15
15
78
5
66
77
55
48
73
75
64
77
3
13
18
92
55
13
95
29
91
91
61
75
58
71
54
98
52
94
89
90
56
57
43
60
41
30
96
78
50
80
80
54
83
60
76
54
18
14
26
9
90
85
32
63
43
73
87
44
54
99
70
8
90
65
80
41
17
39
53
66
48
20
88
13
97
98
37
81
91
16
4
37
16
89
5
76
83
74
85
24
72
32
76
45
5
52
46
72
40
58
84
6
91
38
35
66
41
79
0
23
14
15
86
75
45
6
22
96
76
52
41
90
22
34
45
48
7
30
98
1
23
3
22
5
80
93
27
39
79
62
53
54
63
18
84
66
8
59
8
88
62
29
73
73
2
33
39
4
61
45
83
58
73
18
84
4
5
2
18
23
29
85
34
64
16
86
99
95
45
97
0
87
93
44
86
62
29
85
82
91
82
17
43
12
12
26
54
28
58
79
1
42
95
57
3
33
23
91
73
1
1
35
1
19
88
11
29
56
0
54
61
20
13
17
53
89
18
81
6
47
41
51
26
25
60
22
73
4
47
24
90
78
17
7
0
87
26
73
14
56
18
12
54
21
79
8
43
39
28
40
53
98
4
31
8
57
33
7
35
6
94
87
65
22
16
21
57
2
38
88
72
58
27
36
13
91
84
9
85
9
65
85
70
59
7
2
59
79
70
34
97
99
49
18
55
70
19
38
34
61
69
37
96
24
3
78
72
63
35
1
84
22
86
55
91
58
90
68
60
84
0
34
54
32
92
14
52
35
28
3
89
44
15
66
35
50
12
41
31
5
93
84
26
74
44
50
57
54
11
73
44
66
60
26
58
82
67
83
89
28
55
95
76
60
76
91
37
2
3
62
43
91
48
63
34
42
34
53
3
28
8
40
44
96
61
60
73
61
26
63
42
49
92
92
6
57
87
18
20
72
0
85
65
27
23
66
95
81
58
73
60
21
62
19
87
47
7
90
75
27
15
41
39
99
46
94
45
91
36
77
19
75
92
94
61
50
38
12
1
0
30
84
98
29
7
18
48
81
91
84
4
62
31
40
55
30
22
86
47
18
15
25
14
28
75
11
81
22
73
79
5
33
56
81
31
84
69
30
6
68
92
81
74
7
80
23
60
5
14
48
18
0
70
38
43
24
69
16
9
42
41
39
27
0
70
85
9
43
79
77
75
74
80
42
45
8
0
36
89
43
46
69
56
42
22
71
35
72
99
16
0
21
2
1
63
47
43
92
55
68
18
1
39
96
98
47
90
2
51
37
61
31
14
4
92
38
93
28
39
18
41
44
49
1
11
19
91
82
4
60
34
56
19
32
74
87
99
30
98
8
58
93
87
11
79
35
43
52
6
4
27
8
63
26
34
39
97
52
75
33
87
49
11
16
33
76
41
97
8
75
17
55
93
27
4
41
60
30
31
21
53
90
54
87
86
37
47
66
2
73
55
25
62
26
19
28
15
14
59
69
45
92
39
42
58
49
48
44
71
48
69
9
26
16
46
71
66
66
97
82
1
39
88
93
82
7
17
56
40
70
1
68
52
69
45
16
6
85
12
99
88
40
68
36
23
37
87
25
46
75
61
92
58
97
51
75
73
70
37
28
90
72
88
68
38
73
7
16
58
16
39
56
17
33
77
63
87
75
4
16
94
55
76
60
97
1
0
75
31
55
60
75
52
6
43
14
84
14
51
1
88
53
66
5
56
32
52
40
24
86
54
54
88
61
87
54
24
40
85
17
90
22
86
77
79
94
45
0
39
89
82
41
87
91
73
55
62
72
98
72
46
28
38
74
70
13
7
15
26
76
98
73
79
15
47
47
93
73
13
26
70
95
60
70
11
82
66
34
6
65
62
72
49
36
88
52
48
79
50
7
57
66
68
4
64
16
63
16
84
18
29
63
57
9
74
4
33
15
1
78
42
1
84
69
81
10
33
80
68
30
8
3
81
45
18
44
35
28
72
5
53
34
27
93
6
44
93
85
91
11
31
69
47
57
95
85
80
1
82
45
66
80
58
31
42
23
90
18
83
19
51
80
23
64
61
40
51
99
28
19
63
7
97
78
34
90
13
74
17
28
29
10
22
83
83
53
73
7
59
82
34
15
68
68
34
82
75
37
8
94
16
24
21
8
96
53
49
38
85
27
32
96
20
29
43
69
13
26
34
23
91
34
48
23
53
5
0
59
83
69
73
27
12
42
61
21
72
88
28
15
24
1
77
67
82
5
64
51
59
79
70
2
1
59
87
60
88
76
45
55
7
1
35
94
79
83
49
26
72
60
73
9
75
5
27
27
32
38
56
45
74
40
47
2
7
85
30
14
51
79
46
99
86
15
29
63
66
62
80
24
57
43
78
49
99
95
93
55
71
78
86
64
4
23
62
50
37
98
21
32
57
61
98
6
1
82
82
94
95
81
96
77
49
67
31
60
20
90
63
62
82
36
76
31
47
75
77
29
94
27
84
95
32
38
32
37
2
65
40
53
87
95
53
42
43
89
69
93
81
40
71
31
33
73
75
25
47
97
62
81
19
46
62
92
53
46
66
45
48
94
16
69
60
42
98
59
52
44
57
4
83
89
71
58
52
46
58
35
22
62
52
2
58
77
96
86
33
58
69
97
14
51
2
4
67
58
42
6
75
81
99
28
50
57
88
25
38
71
47
53
48
79
59
29
82
90
93
81
17
14
69
25
32
39
10
89
4
67
99
28
98
88
20
74
18
60
48
69
18
89
6
39
38
15
37
2
48
15
89
67
79
38
23
21
96
11
41
84
30
58
30
98
31
45
59
77
74
41
8
19
54
4
68
9
91
67
19
40
71
77
38
9
82
3
76
20
60
42
94
66
72
14
25
61
36
4
14
26
60
77
62
85
79
90
27
93
23
33
88
18
58
51
83
23
85
56
20
7
20
30
56
19
4
35
18
26
0
56
47
83
59
83
40
44
3
23
9
77
43
15
72
77
19
73
77
7
29
4
61
50
30
39
45
19
51
37
17
28
45
16
12
41
49
63
71
12
11
77
35
3
46
15
84
19
36
70
62
34
94
30
11
42
99
33
90
16
56
4
24
71
3
19
14
23
68
45
81
10
90
21
57
22
87
82
85
38
10
93
79
84
41
64
76
25
91
94
42
79
19
76
87
18
51
1
50
94
6
45
23
0
55
91
48
95
48
45
54
69
51
68
56
19
80
47
67
71
25
50
60
79
0
44
74
98
93
2
32
83
61
76
97
13
30
27
74
8
17
42
91
11
4
69
50
57
84
32
85
3
91
79
76
13
8
92
69
82
7
73
89
77
42
39
45
80
4
15
74
16
62
94
71
75
83
62
85
48
59
11
5
11
18
75
75
4
3
72
17
89
92
19
36
10
73
83
63
2
92
37
35
99
77
56
22
84
14
71
94
44
12
41
52
91
85
43
82
76
97
42
96
47
22
1
11
78
49
93
85
18
63
65
25
44
2
86
44
59
2
54
35
56
75
47
76
20
48
97
9
1
38
5
3
50
43
84
18
6
9
72
38
6
75
15
29
11
20
95
3
58
74
44
83
91
74
86
28
74
58
36
90
8
49
65
40
41
14
90
0
58
96
1
61
59
21
60
89
82
61
80
52
65
55
32
77
69
26
42
79
11
20
38
59
15
79
65
63
52
26
29
31
79
39
30
99
5
8
38
52
40
58
54
82
31
96
93
70
99
21
17
56
64
74
1
92
61
85
78
58
10
53
26
47
5
34
81
64
77
67
66
63
45
93
46
18
74
87
63
87
26
41
70
34
21
32
90
36
85
36
87
21
87
71
83
27
74
1
8
6
7
61
88
90
10
83
27
85
34
24
74
49
12
28
64
78
58
45
87
79
63
14
47
31
77
59
69
71
25
67
81
98
54
67
17
21
1
88
21
77
95
91
12
15
82
22
16
66
25
1
29
29
73
27
81
63
53
23
81
86
78
71
28
75
35
62
79
16
8
7
22
81
87
83
65
62
49
70
57
72
18
40
91
23
13
80
6
42
66
30
55
35
94
41
36
52
12
43
86
97
53
50
64
3
61
20
22
57
25
71
72
68
20
49
67
87
16
41
66
55
12
63
1
15
42
6
12
8
2
5
45
93
71
56
99
67
78
2
76
50
30
53
91
81
55
70
23
46
95
40
95
62
11
23
78
96
67
65
8
15
4
80
27
60
7
54
48
16
57
94
30
92
43
92
58
19
23
38
40
96
95
10
99
86
53
89
11
52
58
54
85
74
72
82
72
32
43
31
34
47
52
84
53
45
8
83
3
90
87
28
53
27
59
4
33
92
89
44
44
55
89
98
78
82
91
31
91
47
9
73
69
36
24
91
95
37
61
83
69
98
64
76
55
78
90
35
94
24
39
1
33
33
55
79
39
15
99
3
41
66
80
27
45
74
32
5
45
9
44
33
65
11
7
56
65
11
38
23
39
25
97
58
5
47
72
56
98
82
41
38
51
79
19
18
73
64
78
96
49
64
40
36
97
40
93
49
62
10
37
4
79
81
91
5
87
3
50
80
86
89
17
12
80
4
24
32
25
13
98
81
21
76
14
59
49
30
49
38
51
66
87
38
63
53
4
48
24
13
31
29
84
46
61
24
34
35
45
99
27
51
91
0
72
50
57
4
60
90
86
9
46
92
99
77
57
62
2
70
69
69
32
79
93
58
0
20
7
85
82
79
58
72
58
3
85
55
70
29
97
35
53
37
73
28
86
50
24
29
95
1
2
36
59
99
72
85
0
23
64
82
62
31
86
10
72
73
42
91
84
85
90
69
82
21
89
68
68
76
31
13
8
90
13
30
78
88
33
99
27
12
92
8
82
78
97
62
4
4
90
29
38
74
56
18
6
72
95
54
0
45
16
73
29
33
6
86
19
97
4
9
57
89
14
58
26
49
46
14
80
83
3
27
30
52
74
29
59
90
14
77
72
7
75
27
16
30
74
83
14
51
42
70
