overall_acc,0.7956
loss,[10.860769736328125, 6.226069789428711, 4.201408620605469, 3.258006774139404, 2.81323228805542, 2.6022385205841063, 2.4823277109527586, 2.4212008818817137, 2.3782791801452636, 2.358875383605957, 2.3457529412841795, 2.3277430390930176, 2.3178780255126954, 2.315534362411499, 2.3090742057037352, 2.299941135559082, 2.3031740576934814, 2.2944703715515136, 2.296715767364502, 2.293109972305298, 2.299343875961304, 2.302591418914795, 2.309369480628967, 2.3051442710113523, 2.310754907073975, 2.315363380737305, 2.3142012004089354, 2.3166563510131835, 2.322193568878174, 2.32486505897522, 2.3376705493927004, 2.3449014221954347, 2.3441679090881347, 2.357602612915039, 2.365418340072632, 2.359037619934082, 2.3731809030914306, 2.3838394772338867, 2.3905959986877443, 2.40145665435791, 2.4039812842559813, 2.412466653366089, 2.437716464920044, 2.4444071620941163, 2.4478995918273925, 2.4585087865447997, 2.4615155449676513, 2.455077297744751, 2.4754851251220704, 2.481110732345581, 2.4862380685424803, 2.490105673828125, 2.491286849822998, 2.5098184969329833, 2.5128619969940185, 2.5097176822662353, 2.5165681900024413, 2.510437801361084, 2.5233035670471193, 2.525320980834961, 1.9996253748321533, 1.6203482705307006, 1.401644380569458, 1.2438725116348266, 1.1549948848342895, 1.0913360082244874, 1.0656745899391173, 1.0607241481781007, 1.0432508881378173, 1.0483354091835022, 1.053442219696045, 1.063060668449402, 1.0535021503067017, 1.0709677957344055, 1.0731903870201112, 1.0837990530395507, 1.0882069688415528, 1.082170566253662, 1.084984645843506, 1.1002886044311524, 1.0953395211791992, 1.1055782165527344, 1.09925323928833, 1.1035720251083374, 1.11083201461792, 1.1266251693725586, 1.1091999052810668, 1.1092691678237916, 1.1244521887397767, 1.1186770542144775, 1.1222902652740478, 1.1357841163253783, 1.1311030438995362, 1.131997149772644, 1.1409199923706055, 1.1387299923706056, 1.1410238697433472, 1.1534228574371337, 1.1548596796798707, 1.1651374087905884, 1.1535637174987794, 1.1357143000030518, 1.150787811012268, 1.1611481635284424, 1.1522793949127197, 1.163860880508423, 1.1843183505249024, 1.1679217547607421, 1.1771806090545653, 1.173078567352295, 1.1699297481536866, 1.1662827555847168, 1.1738041279220581, 1.1664591166305542, 1.1895226377868653, 1.185597003173828, 1.1829476669311523, 1.1774723307800292, 1.1743759927368165, 1.1923453296661377, 1.0570741121292113, 0.9676148825645446, 0.9312956530189515, 0.8998117888641357, 0.8700126714706421, 0.8427846423530578, 0.8159210393905639, 0.7911057886123657, 0.7668536858177185, 0.7430783000183105, 0.7204485438919067, 0.6985917086410522, 0.6772523916244507, 0.6564945160865784, 0.6367280300140381, 0.6175922572517395, 0.5986186468315124, 0.5807844333839417, 0.562902526435852, 0.5459469963073731, 0.5296803267288208, 0.5133581996536255, 0.4979534975910187, 0.4829345399570465, 0.4686314925670624, 0.45456816246032716, 0.44053414417266845, 0.4274141421318054, 0.4145686368751526, 0.4020720810317993, 0.3899982769393921, 0.37843910469055175, 0.36739739258766174, 0.35613116025924685, 0.34575528703689573, 0.335134950504303, 0.32519056369781496, 0.31538830136299134, 0.3059919787979126, 0.2967418133449554, 0.2912795125961304, 0.2893945571899414, 0.2876391199588776, 0.2858525554275513, 0.28406925443649295, 0.28235866307258606, 0.2806474655723572, 0.27890058218955993, 0.27729060938835143, 0.27559354445457457, 0.2739673122215271, 0.27224976250648497, 0.2705784362602234, 0.26897216411590574, 0.26740899911880495, 0.26567318851470945, 0.26412670300483704, 0.26254459540367125, 0.26087479254722595, 0.25933346873283386, 0.25777323895454407, 0.2562389019393921, 0.25467400487899783, 0.25317513909339906, 0.2516034847164154, 0.2500628239822388, 0.24860059460163117, 0.24710356184482574, 0.24562988844871522, 0.24410201546669005, 0.24266303843021392, 0.2412047251033783, 0.23972131125450133, 0.23826876331329347, 0.23682562025070192, 0.2353975013589859, 0.23402170022010804, 0.23258341307163238, 0.23120396196842194, 0.229830520362854]
0,0.9565217391304348
1,0.967741935483871
2,0.8260869565217391
3,0.7931034482758621
4,0.8064516129032258
5,0.75
6,0.8695652173913043
7,0.7692307692307693
8,1.0
9,0.9473684210526315
10,0.55
11,0.38095238095238093
12,0.8
13,0.6086956521739131
14,0.7777777777777778
15,0.8333333333333334
16,0.8076923076923077
17,0.8095238095238095
18,0.6470588235294118
19,0.84
20,0.7777777777777778
21,0.8947368421052632
22,0.9411764705882353
23,0.8461538461538461
24,0.7391304347826086
25,0.625
26,0.75
27,0.8333333333333334
28,0.8
29,0.7931034482758621
30,0.8888888888888888
31,0.72
32,0.7727272727272727
33,0.6206896551724138
34,0.84
35,0.5
36,0.9047619047619048
37,0.7894736842105263
38,0.8461538461538461
39,0.9565217391304348
40,0.75
41,0.8636363636363636
42,0.7391304347826086
43,0.8260869565217391
44,0.6956521739130435
45,0.7105263157894737
46,0.45454545454545453
47,0.7391304347826086
48,1.0
49,0.9411764705882353
50,0.6818181818181818
51,0.7142857142857143
52,0.75
53,0.896551724137931
54,0.9545454545454546
55,0.7142857142857143
56,0.8636363636363636
57,0.6428571428571429
58,0.8857142857142857
59,0.7083333333333334
60,0.8148148148148148
61,0.7931034482758621
62,0.8076923076923077
63,0.7083333333333334
64,0.7894736842105263
65,0.5909090909090909
66,0.8461538461538461
67,0.6956521739130435
68,0.9047619047619048
69,0.8666666666666667
70,0.8666666666666667
71,0.9047619047619048
72,0.5
73,0.6875
74,0.6666666666666666
75,0.9285714285714286
76,0.9047619047619048
77,0.7352941176470589
78,0.7894736842105263
79,0.9285714285714286
80,0.7586206896551724
81,0.9047619047619048
82,0.9459459459459459
83,0.7333333333333333
84,0.8888888888888888
85,0.9333333333333333
86,0.7857142857142857
87,0.9333333333333333
88,1.0
89,0.8928571428571429
90,0.875
91,0.8461538461538461
92,0.72
93,0.8571428571428571
94,0.9130434782608695
95,0.7241379310344828
96,0.6521739130434783
97,0.75
98,0.6538461538461539
99,0.9130434782608695
16
7
91
43
14
92
6
89
13
85
96
27
81
63
59
10
78
7
53
17
27
43
10
54
94
79
68
31
69
64
83
41
23
21
8
20
87
90
52
26
83
67
20
20
7
83
27
45
68
93
86
12
60
2
99
18
70
65
26
58
88
64
88
19
3
23
19
48
44
48
58
16
63
75
71
4
93
19
98
32
14
87
38
12
8
45
92
31
62
61
89
92
78
83
26
85
28
37
54
30
95
7
59
24
94
7
94
94
98
42
65
52
40
38
34
80
82
80
75
51
74
34
5
85
30
74
22
95
81
92
27
52
18
44
62
65
69
84
0
43
48
67
62
89
53
44
13
19
8
68
93
3
53
70
39
0
95
51
58
42
89
90
81
61
41
77
52
66
68
80
3
11
25
27
35
50
88
14
75
53
3
5
2
82
7
86
61
7
91
1
5
17
72
41
94
33
67
79
39
23
28
31
63
71
67
37
84
32
74
49
77
65
50
98
51
85
36
3
41
96
54
87
37
75
74
71
14
32
9
78
57
83
45
22
59
42
89
22
85
39
7
25
98
50
70
70
49
70
87
89
41
25
97
36
83
82
6
46
7
26
80
2
9
4
40
36
91
91
99
73
40
83
42
92
90
50
82
24
38
16
28
39
7
63
10
51
59
77
29
74
53
30
84
26
5
26
53
74
72
15
15
44
5
66
86
55
48
95
75
65
77
3
13
18
92
55
13
93
29
91
91
61
75
58
71
70
98
52
94
89
90
56
57
43
60
89
30
59
78
6
80
80
54
83
23
76
54
18
14
26
9
81
85
32
63
43
30
87
44
26
99
70
8
90
65
80
41
17
39
53
66
48
5
88
12
34
87
37
40
91
16
27
59
16
89
5
76
83
74
85
24
72
32
76
45
2
52
46
21
40
58
84
6
91
63
98
66
7
79
0
23
14
15
86
75
45
6
22
33
76
52
81
90
22
34
45
66
45
30
2
1
23
3
22
5
80
93
27
39
69
92
53
54
63
18
84
66
8
59
8
88
62
29
30
73
2
33
39
4
22
45
83
58
73
18
84
4
5
57
18
23
29
85
34
97
16
16
99
95
45
97
0
46
2
44
86
62
29
85
82
91
82
17
27
58
12
26
54
28
58
79
1
33
44
57
3
33
49
91
73
1
1
11
10
19
88
11
29
56
0
54
61
7
46
17
53
89
18
81
6
96
41
26
26
25
60
22
93
4
47
24
90
78
17
7
0
87
26
73
14
56
44
12
54
21
79
8
43
39
61
40
53
98
4
31
8
57
33
44
35
6
94
16
87
22
16
64
57
98
55
88
19
58
27
36
13
91
84
9
5
9
65
85
70
52
93
2
59
79
70
34
97
16
49
27
55
70
27
38
34
61
69
37
64
24
3
78
75
33
35
1
84
22
86
4
91
13
90
68
60
84
0
34
70
32
92
14
49
35
86
3
89
44
15
66
35
50
12
41
31
5
93
84
26
74
93
50
57
54
11
67
44
66
60
79
58
82
67
98
89
28
55
95
76
60
76
91
37
2
4
62
43
91
48
27
34
42
34
53
3
28
8
40
44
47
61
60
73
61
29
18
97
49
92
92
6
55
87
18
20
55
0
85
65
18
23
78
95
81
58
73
60
21
62
19
87
47
79
90
75
73
15
41
39
99
46
94
45
91
36
77
65
75
62
94
61
50
38
12
1
0
30
84
98
29
7
18
48
81
91
84
63
62
31
40
72
30
61
86
96
18
98
25
14
28
75
2
81
22
44
79
5
88
56
81
31
84
69
30
6
68
70
13
74
7
14
55
60
5
14
48
83
0
70
38
4
24
69
86
9
42
41
39
27
0
70
85
9
43
79
77
75
74
80
42
45
8
0
36
89
4
46
69
56
63
10
71
35
74
99
16
0
21
2
1
64
47
43
92
75
68
18
1
25
96
46
47
90
2
77
37
61
31
77
4
92
38
93
28
39
18
41
44
49
1
11
19
91
82
4
60
34
56
19
32
74
87
99
73
98
8
58
93
87
11
7
35
43
52
6
30
27
8
63
26
34
39
97
37
75
33
87
49
46
16
33
76
41
97
8
75
17
80
93
44
4
41
49
30
31
21
53
90
54
87
86
37
47
75
2
73
55
25
62
26
19
28
15
1
96
69
45
92
39
42
58
49
48
44
71
48
69
40
26
16
11
23
66
66
88
82
1
39
88
93
82
7
76
56
40
70
1
49
52
69
45
16
6
85
12
99
88
40
68
36
60
85
28
25
46
75
61
92
58
34
51
75
73
70
37
28
90
95
88
68
38
95
6
16
58
61
39
56
17
33
77
63
87
75
4
16
94
55
76
60
97
1
0
75
42
55
71
75
52
6
43
14
84
14
51
1
88
53
66
5
56
32
52
40
24
86
54
54
88
61
87
54
7
40
85
17
90
22
86
77
79
94
45
0
39
89
82
41
87
91
73
4
62
72
46
72
46
28
38
93
70
13
7
15
26
76
98
73
79
15
47
47
93
73
81
26
70
95
60
70
2
82
66
34
6
65
62
74
31
36
88
59
48
79
74
19
57
66
68
64
64
16
63
16
84
18
29
84
53
9
38
4
74
15
1
67
96
1
84
92
81
10
33
80
68
30
8
3
81
45
18
14
11
28
72
5
53
34
27
93
18
44
93
85
14
35
31
69
47
86
95
85
80
1
82
45
66
2
58
31
42
23
90
18
83
31
51
80
23
64
61
40
51
99
28
19
63
93
97
78
34
90
13
74
17
28
29
10
22
83
83
53
73
7
59
82
34
15
68
68
34
82
75
37
8
94
16
24
21
8
96
53
49
38
16
27
32
96
20
29
43
69
94
26
34
23
91
34
48
71
53
5
0
59
57
69
73
27
12
42
61
21
72
88
28
78
24
1
77
67
82
5
64
51
59
79
70
46
1
59
87
60
88
76
45
55
79
1
35
94
79
25
71
26
55
60
73
9
75
5
27
91
32
38
14
45
80
87
52
98
7
85
30
83
51
79
89
99
86
15
29
63
66
62
80
24
57
43
78
49
99
95
93
63
71
67
86
64
26
55
62
80
37
11
21
32
57
61
2
6
70
82
82
94
95
81
96
77
33
67
43
60
79
6
63
62
82
36
76
31
47
75
77
29
94
27
70
95
32
38
32
37
36
36
40
53
87
95
53
42
43
89
69
93
81
40
71
31
33
73
75
90
47
97
92
13
33
46
83
92
53
46
66
45
48
94
61
69
60
42
35
59
52
44
57
4
83
89
71
12
52
46
58
11
22
62
52
2
58
77
96
86
33
58
69
97
14
51
2
4
48
58
42
6
75
81
99
28
50
57
88
25
38
71
47
53
48
79
59
29
82
90
93
81
17
14
69
25
32
39
1
89
4
67
99
28
98
88
20
4
18
60
48
69
79
65
6
39
19
15
37
62
48
15
89
73
79
38
23
21
96
11
92
84
30
13
30
98
72
45
59
77
74
41
8
19
54
4
68
9
91
67
3
40
71
77
38
9
82
3
76
20
60
42
94
66
72
14
25
61
36
4
14
65
60
77
62
85
66
26
67
93
23
33
88
18
58
51
83
23
85
56
20
79
20
30
96
19
50
98
38
26
0
56
47
83
52
10
29
72
3
30
9
77
43
15
74
77
19
73
77
24
29
4
61
64
30
39
45
19
17
9
17
28
45
16
12
41
49
63
71
12
2
77
35
4
46
15
84
19
34
70
62
34
5
30
11
45
99
33
90
16
56
4
24
71
3
19
14
23
68
45
81
10
90
21
57
22
87
82
12
38
10
93
77
84
41
64
76
25
91
94
42
79
19
76
87
18
51
1
50
94
6
45
23
0
55
91
48
95
48
45
54
69
82
68
56
98
80
47
67
71
25
50
60
79
0
14
55
35
93
2
32
92
61
76
97
13
30
27
74
8
17
42
91
35
36
69
50
57
84
76
85
3
91
79
76
13
8
92
69
82
7
73
89
32
42
39
45
80
4
15
74
10
62
94
60
91
83
62
85
48
59
11
5
2
55
75
75
4
31
72
17
89
92
19
36
22
73
83
63
2
62
37
11
99
77
56
22
84
14
71
94
44
12
41
52
91
85
43
82
40
97
42
96
47
22
1
11
78
63
93
85
18
4
65
25
44
2
86
44
59
2
54
98
56
75
47
76
20
48
97
9
81
38
5
3
36
43
84
18
6
9
72
38
6
75
15
29
35
20
95
3
58
74
44
83
91
74
86
10
63
58
36
90
8
49
65
95
41
14
37
0
58
96
1
61
59
21
60
89
82
61
80
52
65
55
32
77
69
26
42
79
11
20
38
47
15
79
65
63
96
26
29
3
79
39
30
99
5
8
38
52
40
58
54
82
3
82
93
70
99
21
17
56
64
74
1
92
61
85
78
58
10
53
74
47
5
34
81
64
77
73
66
27
35
30
46
44
45
87
63
87
26
41
70
89
21
32
90
36
85
3
87
21
87
71
83
27
74
1
8
93
98
61
88
90
10
83
27
85
34
24
74
49
12
28
74
78
58
45
87
79
32
14
47
31
77
52
49
71
25
67
81
98
54
67
17
21
1
88
21
77
95
91
12
15
82
22
16
66
25
1
29
29
73
27
81
63
53
23
81
86
78
71
28
75
46
62
79
16
8
7
22
81
87
83
65
62
49
70
57
63
78
40
91
23
13
80
6
42
21
30
72
35
94
41
36
52
12
43
86
97
53
50
97
3
61
20
22
57
25
71
55
68
20
49
67
87
16
41
66
72
87
97
1
15
42
6
85
8
2
25
45
93
71
56
99
67
78
2
76
50
30
53
91
81
65
92
23
46
72
40
30
62
11
23
78
96
67
15
8
15
4
80
27
60
7
54
48
16
57
94
30
92
43
62
58
19
23
38
40
96
95
10
99
86
53
89
11
52
58
54
85
74
72
82
72
95
43
37
34
47
52
40
53
45
8
83
3
90
40
28
53
27
59
4
33
92
89
44
44
4
89
98
78
82
91
31
91
47
9
73
69
36
78
73
95
37
61
83
69
11
3
76
80
61
90
98
94
24
86
1
33
90
55
77
39
15
99
3
41
66
80
27
45
72
32
5
45
9
93
33
79
35
24
59
65
46
38
23
39
25
97
97
25
47
29
56
98
82
48
38
51
79
19
18
73
64
78
96
49
64
40
36
97
40
93
49
62
10
37
4
77
81
91
5
87
3
50
80
86
89
17
12
80
19
6
32
40
13
98
37
21
76
14
59
49
30
33
80
51
66
87
38
63
53
4
48
24
13
31
29
84
46
61
24
34
98
45
99
27
51
91
0
72
50
57
4
60
90
86
9
46
92
99
77
57
62
2
70
69
69
32
79
44
58
0
20
7
48
82
79
58
67
87
72
85
55
92
44
97
46
53
37
73
28
86
50
24
96
95
1
2
36
59
99
55
85
0
23
64
6
62
31
86
57
72
73
43
18
84
85
90
69
82
21
89
68
68
76
31
58
8
89
13
30
78
14
96
99
44
12
92
8
82
78
97
45
74
4
86
29
29
67
56
18
77
3
95
54
0
45
16
73
29
33
79
86
19
97
4
9
57
89
44
58
26
49
11
14
80
70
21
27
30
52
74
29
52
90
14
77
72
7
75
27
16
30
64
83
14
51
42
70
