overall_acc,0.8
loss,[10.849040477905273, 6.220511239013672, 4.186000523834228, 3.2694634187316893, 2.8145110192871092, 2.598928603210449, 2.4838523875427247, 2.418139946594238, 2.381432617492676, 2.357760093460083, 2.342362967071533, 2.32569150680542, 2.319172027435303, 2.317808839874268, 2.3043150959014893, 2.298836050415039, 2.313461648788452, 2.295388874053955, 2.2898761045837404, 2.2897522204589844, 2.29837701751709, 2.2997369430541994, 2.3065004148864747, 2.3070939402771, 2.3069316135406495, 2.3178398931884767, 2.313362921295166, 2.325640607223511, 2.3306739859008787, 2.3418399607849123, 2.3443617094039917, 2.3479897885131837, 2.369479898223877, 2.368293403015137, 2.38487229347229, 2.385375093536377, 2.3992276293945314, 2.41091677734375, 2.4139964823913576, 2.437965109786987, 2.4421998657989503, 2.4432034404754637, 2.455971385650635, 2.474700015182495, 2.469205397644043, 2.4771678515625, 2.495500752868652, 2.498610317687988, 2.4973486668395997, 2.5113783768081666, 2.52653543762207, 2.5150879811859133, 2.5349506462860107, 2.538833620452881, 2.5353512350463867, 2.5425338235473633, 2.5524374319458007, 2.5513654134368897, 2.5657104444885253, 2.5574183311462404, 2.0351511603546144, 1.6499202463150024, 1.4252985985565185, 1.2686196926498412, 1.165942928276062, 1.1003525231170654, 1.0651906243133544, 1.0572620501708985, 1.0549523308563233, 1.0605582451629638, 1.063135923805237, 1.06140615650177, 1.0594426434898376, 1.0725963363265991, 1.0828572459220887, 1.0860593727111816, 1.0849121102142334, 1.0932591731262207, 1.086115922088623, 1.0975225701904296, 1.1024162029266358, 1.1038686456680298, 1.102736872329712, 1.1102440475463866, 1.1126523191833495, 1.1165074310302734, 1.129514327545166, 1.126466766052246, 1.1295800426864624, 1.1319471068000793, 1.134522536239624, 1.1265700079345704, 1.1345291187286377, 1.137084087600708, 1.1457884503173827, 1.1498946514892578, 1.1552325338745117, 1.1528355863952637, 1.1609626554870605, 1.150534814529419, 1.1653267296600343, 1.1708531492614747, 1.16314837184906, 1.1689008025360108, 1.1761955542755127, 1.177702401046753, 1.1754287632369995, 1.1707292503738402, 1.1758618425369263, 1.178042720413208, 1.180714594039917, 1.177330920753479, 1.187638996925354, 1.1824407005691528, 1.180138112373352, 1.1844860044860839, 1.18749797996521, 1.2013305169296264, 1.1882897815322877, 1.1945528394317626, 1.054928631477356, 0.9721317408752441, 0.9346044177818298, 0.9025405586814881, 0.8736463414192199, 0.8461598788261414, 0.8196476903533936, 0.7942381563186646, 0.7701730082702637, 0.7463650008964539, 0.7235153396224976, 0.7014760988044739, 0.6804397994232178, 0.6593947739601135, 0.6393863865470886, 0.6203518677902222, 0.6012318215751647, 0.5829298820877076, 0.5649343951034546, 0.5480918057632447, 0.5313238371849061, 0.5154124564933776, 0.499826117477417, 0.4846931996154785, 0.47014177827835085, 0.456537712020874, 0.44239400645256044, 0.42909241937637327, 0.4162434236907959, 0.4038925180244446, 0.3914157659816742, 0.37998269416809083, 0.36850968133926393, 0.3575593166732788, 0.34674657685279847, 0.3362645735168457, 0.326058957490921, 0.3162656180667877, 0.30710640657424926, 0.29801482675552365, 0.2924083498764038, 0.29049289395332334, 0.2886786722755432, 0.2869506027603149, 0.28516178809165954, 0.2833629808521271, 0.2817035714530945, 0.27997842700004577, 0.2782588094806671, 0.27660618418693544, 0.27486950919151304, 0.2731996921157837, 0.271556958694458, 0.2698727677822113, 0.2682607844924927, 0.2666081019306183, 0.2650899573612213, 0.2634473355484009, 0.2618474470615387, 0.26024377163887025, 0.25868734582901, 0.25714509618759157, 0.255573474407196, 0.25398384943008423, 0.2524556534194946, 0.2509935685634613, 0.24943530994415283, 0.24792983900547028, 0.24642527248382567, 0.24493398481845854, 0.2434758674478531, 0.2420483391714096, 0.2405909950351715, 0.23908117542266846, 0.23767232730865478, 0.23623502876281738, 0.2348208641242981, 0.2334253692817688, 0.2319760687160492, 0.23062202361583709]
0,1.0
1,0.8709677419354839
2,0.8260869565217391
3,0.7586206896551724
4,0.8064516129032258
5,0.8333333333333334
6,0.782608695652174
7,0.8076923076923077
8,1.0
9,0.9473684210526315
10,0.5
11,0.47619047619047616
12,0.85
13,0.6086956521739131
14,0.7407407407407407
15,0.8333333333333334
16,0.8076923076923077
17,0.9523809523809523
18,0.6764705882352942
19,0.72
20,0.8333333333333334
21,0.7894736842105263
22,0.8823529411764706
23,0.8461538461538461
24,0.8260869565217391
25,0.5416666666666666
26,0.8333333333333334
27,0.7916666666666666
28,0.88
29,0.6896551724137931
30,0.8148148148148148
31,0.76
32,0.7727272727272727
33,0.6896551724137931
34,0.8
35,0.5909090909090909
36,0.9047619047619048
37,0.7368421052631579
38,0.8076923076923077
39,0.9565217391304348
40,0.8214285714285714
41,0.9545454545454546
42,0.782608695652174
43,0.8695652173913043
44,0.6956521739130435
45,0.7368421052631579
46,0.45454545454545453
47,0.782608695652174
48,1.0
49,0.8235294117647058
50,0.7272727272727273
51,0.8095238095238095
52,0.7
53,0.896551724137931
54,0.9545454545454546
55,0.6666666666666666
56,0.9090909090909091
57,0.5714285714285714
58,0.8571428571428571
59,0.75
60,0.8518518518518519
61,0.7931034482758621
62,0.9615384615384616
63,0.7916666666666666
64,0.6842105263157895
65,0.8181818181818182
66,0.8461538461538461
67,0.782608695652174
68,0.9523809523809523
69,0.9
70,0.8666666666666667
71,0.9047619047619048
72,0.5454545454545454
73,0.625
74,0.696969696969697
75,0.9285714285714286
76,0.8095238095238095
77,0.6764705882352942
78,0.7368421052631579
79,0.7857142857142857
80,0.8275862068965517
81,0.8571428571428571
82,0.918918918918919
83,0.7666666666666667
84,0.8888888888888888
85,1.0
86,0.7857142857142857
87,0.9
88,0.9523809523809523
89,0.9285714285714286
90,0.875
91,0.8974358974358975
92,0.72
93,0.8095238095238095
94,0.9565217391304348
95,0.6551724137931034
96,0.5217391304347826
97,0.8333333333333334
98,0.6538461538461539
99,0.9565217391304348
16
7
91
43
14
92
6
89
13
85
47
27
81
63
59
10
78
24
53
17
27
43
10
54
94
79
68
31
69
64
83
41
23
3
47
20
87
90
52
26
83
67
20
87
7
83
27
45
68
93
86
12
60
45
99
18
62
80
26
58
88
64
88
19
3
71
19
48
44
48
58
16
63
80
55
4
32
15
98
32
45
87
38
12
8
45
92
31
62
61
89
62
78
83
45
85
28
37
54
30
95
7
59
24
94
7
94
94
11
42
65
52
40
38
55
80
82
46
75
51
74
34
5
85
30
74
22
95
81
92
44
52
18
44
62
65
69
84
0
43
48
67
62
89
53
18
81
19
8
68
93
3
83
62
83
0
95
51
58
19
89
90
81
61
41
77
52
66
68
80
4
46
5
27
35
50
88
7
75
53
3
5
98
82
7
87
61
7
91
1
5
17
72
41
94
33
67
33
39
23
6
31
63
71
67
37
84
32
74
49
77
65
50
15
51
27
36
30
41
47
54
87
37
75
74
71
14
0
9
44
57
83
45
61
59
42
89
22
85
39
7
25
98
36
70
54
49
70
87
15
41
65
97
36
83
82
51
32
7
74
80
2
9
51
40
36
91
91
99
73
73
83
42
62
90
50
82
24
65
16
40
39
7
63
10
51
96
38
29
66
53
30
84
26
5
91
53
74
72
15
15
44
84
66
87
55
48
95
63
64
77
3
13
18
92
55
13
51
29
91
91
61
75
58
71
70
98
52
94
89
90
56
57
43
60
90
30
59
78
50
80
80
54
83
60
17
57
18
14
26
9
90
85
32
63
43
56
87
18
26
99
70
8
90
65
80
90
17
39
53
66
48
20
88
13
74
87
84
40
91
16
27
33
16
89
5
69
83
74
85
24
72
32
76
45
5
52
46
72
40
58
84
54
91
63
35
66
25
79
0
23
14
21
86
75
45
6
22
33
76
52
41
90
22
34
45
48
7
30
2
1
23
3
22
5
80
93
12
39
79
62
53
54
63
18
84
26
8
59
8
88
62
29
73
73
2
33
39
74
61
45
83
58
73
18
84
4
5
57
18
23
29
85
34
64
16
28
99
95
45
97
0
28
35
44
86
54
29
85
82
91
82
17
4
85
12
26
54
28
58
79
1
4
99
57
3
33
23
91
73
1
1
11
10
19
88
11
29
56
0
54
61
20
13
17
53
89
18
81
6
47
41
26
26
25
60
22
46
4
47
24
79
75
17
7
0
87
26
73
14
56
39
12
54
80
79
8
43
39
78
40
53
98
4
31
8
57
33
18
35
38
94
16
65
22
16
64
57
2
97
88
69
58
80
36
13
91
84
9
85
9
65
85
70
59
6
2
59
79
70
34
97
16
49
18
55
70
27
38
34
61
69
37
33
24
3
78
51
33
35
1
84
22
86
4
91
13
90
68
60
84
0
80
22
32
92
14
96
35
86
3
89
44
15
66
35
50
12
41
31
34
93
84
26
74
78
50
40
54
11
73
44
66
60
79
58
82
67
98
89
28
55
95
76
60
76
91
37
2
4
62
43
91
48
63
34
33
34
53
3
28
8
40
44
47
61
60
73
61
29
18
43
49
92
92
45
55
87
18
20
21
0
85
65
33
23
4
95
81
58
73
60
21
62
19
87
47
79
90
75
67
15
41
39
99
81
94
45
91
36
77
72
75
62
94
61
50
38
12
1
0
30
84
98
29
7
18
48
81
91
46
63
62
31
40
55
30
10
86
96
18
98
20
14
28
75
11
81
10
44
79
5
33
56
81
15
84
69
30
6
68
70
12
74
7
18
23
60
5
14
48
18
0
70
38
43
24
69
16
9
42
41
39
27
0
70
85
9
43
79
77
75
74
80
42
62
8
0
36
89
43
46
69
56
63
10
71
98
63
40
86
0
21
2
1
31
47
43
92
65
68
18
1
25
96
98
47
90
2
28
37
61
31
14
4
92
38
93
28
39
6
41
44
49
92
11
19
91
82
4
60
34
56
19
32
74
16
99
73
98
8
58
93
87
11
7
35
43
47
6
4
48
8
74
26
34
39
97
52
75
33
87
49
46
16
33
76
41
97
8
75
17
55
93
44
4
41
60
30
31
21
77
90
54
87
86
37
47
66
2
73
55
25
62
26
19
28
15
14
47
69
45
92
39
42
13
49
48
44
71
48
69
9
26
37
11
71
66
66
88
82
1
39
88
93
82
7
17
56
40
70
1
68
52
69
45
16
6
85
12
99
88
40
68
36
60
17
87
20
46
75
22
70
58
97
51
75
73
54
37
28
90
55
88
68
38
73
6
16
58
61
39
56
17
96
77
42
87
75
4
28
94
55
76
60
97
1
0
75
31
55
71
75
52
6
43
14
84
14
51
1
88
53
66
5
56
32
52
40
24
86
54
54
88
61
87
54
24
16
85
17
90
22
86
77
79
94
45
0
39
89
82
41
87
91
73
4
62
3
98
10
46
28
38
72
70
13
7
15
24
76
98
73
79
15
47
47
93
73
81
26
70
95
60
70
2
82
66
34
6
65
62
74
31
36
88
52
48
79
50
15
57
66
68
97
64
16
66
16
84
18
29
84
53
9
38
74
74
15
1
67
72
1
84
69
81
10
33
80
68
30
8
3
81
26
18
44
11
28
72
5
53
34
27
93
6
44
93
85
91
11
31
69
47
86
95
85
80
1
82
45
66
77
58
31
42
23
90
18
83
31
51
80
23
64
61
40
51
99
28
19
63
14
97
78
34
60
13
50
17
28
29
10
22
83
83
53
73
7
59
82
34
15
68
68
34
82
75
37
8
94
16
24
21
8
47
53
4
38
85
27
32
96
20
29
43
69
94
26
92
23
91
36
48
71
53
5
0
56
83
69
73
27
12
42
61
21
95
88
28
15
24
1
77
67
82
5
64
51
47
79
70
46
1
59
87
60
88
76
45
19
7
1
35
94
55
25
71
26
55
60
73
9
75
5
72
27
32
38
56
45
80
40
47
35
90
85
30
92
51
79
13
99
86
15
29
63
66
62
80
24
57
43
78
27
99
95
93
72
71
77
86
64
4
23
62
74
17
35
21
32
57
99
2
6
70
82
82
94
95
81
96
93
33
67
43
60
99
74
63
62
82
36
76
31
47
75
77
29
94
27
70
95
32
38
74
37
36
65
40
53
87
95
53
42
43
89
69
93
81
84
71
31
33
73
75
85
47
97
92
81
34
46
62
92
53
46
66
45
48
94
10
69
60
42
35
59
52
44
57
4
83
89
71
68
52
46
58
98
22
62
52
2
58
77
96
86
33
58
69
97
14
51
2
63
45
58
42
6
75
81
99
28
36
57
88
25
38
71
47
53
48
79
59
29
82
90
26
81
17
14
69
25
32
39
10
89
4
67
99
28
98
88
20
4
18
71
48
69
18
65
6
39
19
15
37
2
48
2
89
67
77
38
23
21
96
11
41
84
30
58
30
98
31
45
59
77
74
41
8
19
54
4
68
9
91
67
3
84
71
77
38
9
82
3
76
20
60
42
94
66
72
18
25
61
36
4
45
26
60
77
62
85
79
48
67
93
23
33
88
18
58
0
83
23
85
56
20
7
20
30
56
19
55
35
18
26
0
56
47
92
59
10
44
3
3
23
9
77
43
15
3
77
19
73
77
7
29
4
61
50
30
39
22
51
51
81
17
28
45
28
12
70
49
63
71
12
2
51
35
3
46
15
84
19
66
70
62
34
94
30
41
25
99
33
90
16
56
4
24
71
3
15
14
23
68
45
81
61
90
21
57
22
87
82
12
38
10
93
51
84
41
64
76
25
91
94
42
79
19
76
87
18
51
1
50
94
6
45
23
0
55
91
89
95
48
16
54
69
78
68
56
16
80
69
67
71
25
50
60
79
0
44
55
98
80
2
32
92
61
69
97
13
30
27
74
8
17
42
91
35
43
69
50
57
84
39
85
21
91
79
76
13
8
92
69
82
7
73
89
74
42
39
26
80
4
15
50
16
62
94
60
75
83
62
85
48
59
11
5
2
55
75
75
4
3
72
17
89
70
19
36
22
67
83
63
2
92
37
11
99
77
56
22
84
14
71
94
44
85
41
52
91
85
43
82
40
97
42
96
47
22
1
6
78
21
93
85
18
63
65
25
7
2
86
44
59
2
54
35
56
75
47
76
20
48
97
9
10
38
5
3
36
43
84
18
6
9
72
65
6
75
15
29
35
20
95
3
87
74
44
83
91
74
86
86
44
58
36
90
8
49
65
40
70
14
37
0
58
96
1
61
59
21
60
89
82
61
80
52
65
55
32
77
69
26
42
79
46
20
38
52
15
79
65
63
96
26
29
3
79
39
30
99
5
8
43
52
40
58
54
82
3
82
93
70
99
21
17
56
64
74
1
62
61
85
78
58
10
53
74
47
5
34
81
64
77
67
66
63
45
93
46
88
45
87
63
87
26
41
70
51
21
32
90
36
85
65
87
21
87
71
83
27
74
1
8
93
98
61
88
90
10
83
55
85
34
24
74
49
12
28
74
78
58
45
87
79
63
14
47
31
77
52
49
71
25
67
81
98
54
67
17
21
1
88
3
77
95
91
12
15
82
22
16
66
5
41
44
29
73
27
81
63
53
23
81
86
42
71
28
75
46
62
26
16
8
7
22
81
87
83
65
62
49
70
57
77
18
40
91
23
13
80
6
42
76
30
67
35
94
41
36
52
12
43
86
97
53
50
97
95
61
20
22
57
25
71
95
68
20
49
67
87
16
41
66
44
10
63
92
15
42
6
85
8
2
5
45
5
71
56
99
67
32
2
76
50
30
53
91
81
65
92
23
11
95
40
30
62
11
23
78
89
67
36
8
15
4
80
27
60
7
54
48
16
57
94
30
92
43
62
58
19
23
38
40
96
95
16
99
86
53
89
11
52
58
54
85
74
72
82
72
69
43
37
34
47
47
40
53
45
8
83
3
90
40
28
53
68
59
4
33
92
89
44
71
3
89
98
78
82
91
31
91
47
9
73
69
36
26
91
95
37
61
70
69
11
3
76
65
61
90
98
94
24
39
1
33
33
55
79
39
15
99
3
41
66
80
27
45
72
32
5
67
9
93
33
65
46
24
59
65
11
38
23
39
25
97
58
25
47
72
56
98
82
41
38
51
45
34
18
73
64
78
96
49
64
40
36
97
40
45
49
62
28
33
4
18
81
91
5
87
3
50
80
86
89
17
12
80
46
6
27
40
13
98
59
21
76
66
59
49
30
60
80
51
66
87
38
63
53
4
48
24
13
31
12
84
46
61
24
34
98
45
99
27
51
91
0
72
50
57
4
60
90
86
9
46
92
99
77
57
14
2
70
69
69
32
79
93
58
0
20
7
85
82
79
58
95
58
3
85
55
70
29
97
35
53
37
30
28
86
50
24
29
95
1
2
36
59
99
55
85
0
71
64
6
62
31
86
57
72
73
80
91
84
85
90
69
82
21
89
68
68
76
31
58
8
37
13
30
78
88
33
99
42
12
92
8
82
78
97
62
74
4
90
27
97
77
56
18
77
3
95
54
0
45
16
73
29
33
6
86
19
97
4
9
57
89
14
5
26
49
11
14
80
83
3
27
30
52
74
29
75
90
14
77
72
7
75
27
16
30
90
83
65
51
42
70
