overall_acc,0.79
loss,[10.864250037231445, 6.239847779388428, 4.195228742370605, 3.256997060394287, 2.815409693222046, 2.598101182785034, 2.4831687679290773, 2.426127378845215, 2.3833475678253175, 2.3600080102539063, 2.3377836743927003, 2.3369130022430418, 2.3215169561767577, 2.3181368448638917, 2.3137646018981934, 2.3057547442626953, 2.300158405456543, 2.293797597961426, 2.302978978805542, 2.3018498531723024, 2.30474049659729, 2.3040774000930786, 2.318542713546753, 2.3013643561553954, 2.3133182305908204, 2.3212584047698974, 2.329185168609619, 2.320586363067627, 2.324315379562378, 2.3482427313232423, 2.342287192993164, 2.354253873901367, 2.342403934020996, 2.3613774209594727, 2.374602080459595, 2.374398669204712, 2.3852543644714355, 2.3872920308685304, 2.397747903366089, 2.4042712719726564, 2.4260309631347656, 2.4228167179107665, 2.447520834503174, 2.460256920013428, 2.4417008627319334, 2.4557737019348145, 2.4702301219177247, 2.473988484649658, 2.4818154849243164, 2.4876384159851073, 2.4979646523284913, 2.5113971447753904, 2.510809079360962, 2.502119449157715, 2.5280152096557615, 2.5309612698364257, 2.520738165130615, 2.5395022555541993, 2.5327556579589845, 2.5366027754211427, 2.006957334060669, 1.6305432038116454, 1.41004826171875, 1.2497460396194457, 1.1597021133804322, 1.0944206234359741, 1.0653988169670106, 1.05758399974823, 1.0602016546249389, 1.05794007232666, 1.0558443266296387, 1.0578117893218995, 1.0643261540985107, 1.0734888329315186, 1.0629520369148255, 1.068040249595642, 1.0747065991592408, 1.0943479049682616, 1.0832996341514587, 1.099684782485962, 1.098360816040039, 1.1031350827026367, 1.092018692779541, 1.0959679302215577, 1.105688585395813, 1.118548960418701, 1.125107341156006, 1.1116101499938964, 1.115335639190674, 1.1123195955657958, 1.1233483358383178, 1.137600174331665, 1.145199859638214, 1.1414884085083008, 1.1393114979171752, 1.151338874282837, 1.144531001701355, 1.1398318659210205, 1.1418732931900024, 1.1584108282470704, 1.1532359393310547, 1.1496730401611328, 1.162995599708557, 1.158864883041382, 1.1624232091140747, 1.1578022885894776, 1.1712931530761719, 1.1634425427246093, 1.153909188194275, 1.1653378602218627, 1.1725512176513673, 1.173552837600708, 1.1709098973846435, 1.1826786651992798, 1.1681430433273317, 1.1813169874572753, 1.1850170175552368, 1.1771592249298095, 1.1867035026168824, 1.1865803071594239, 1.0513875205612182, 0.9656199111366272, 0.9298576479530335, 0.8986846892547607, 0.8695705744934082, 0.8422903904724122, 0.8157430375099182, 0.7905578069686889, 0.7661012042808533, 0.7429632712554932, 0.7200283395385743, 0.6982237733840942, 0.6768387117576599, 0.6562630738067627, 0.6366750164413452, 0.6170831572151184, 0.5985930575942994, 0.5803264581489563, 0.5623777446556091, 0.5456704483032226, 0.5289494417190552, 0.513164368019104, 0.49780017501831053, 0.4826734638977051, 0.468163641500473, 0.4540461771774292, 0.44036346888542177, 0.42739836758613586, 0.4144626380062103, 0.40182630466461183, 0.3898602100276947, 0.3781338811969757, 0.36675802062988283, 0.35601939227104185, 0.34521448689460754, 0.335030825548172, 0.3250685991191864, 0.315384539270401, 0.30613611075401304, 0.29746267743110655, 0.2913788030719757, 0.289428772687912, 0.2877011599636078, 0.28586185202598574, 0.2840871230983734, 0.2823954887676239, 0.28075218757629394, 0.2790302952957153, 0.27722442719459534, 0.27562226119041444, 0.2739723898601532, 0.2723278683948517, 0.27062093057632447, 0.26900209749221804, 0.2673322449874878, 0.2657269032859802, 0.2640754921627045, 0.26258965376853943, 0.26096048607826233, 0.2593661618232727, 0.25780330154418946, 0.25622024475097654, 0.2546659990024567, 0.2532156614685059, 0.25162312179565427, 0.2500840799808502, 0.24859488652229308, 0.24710761724472047, 0.24562399799346923, 0.2440832029247284, 0.24266188846588135, 0.24120292560100556, 0.23974425333499907, 0.23829257040977478, 0.23687900868415832, 0.23546861403942107, 0.23400756484985352, 0.23262661558151246, 0.23124557260036468, 0.22986818202972412]
0,1.0
1,0.9354838709677419
2,0.8260869565217391
3,0.8275862068965517
4,0.8064516129032258
5,0.7916666666666666
6,0.7391304347826086
7,0.9230769230769231
8,0.9615384615384616
9,1.0
10,0.3
11,0.42857142857142855
12,0.85
13,0.6521739130434783
14,0.7407407407407407
15,0.8333333333333334
16,0.9230769230769231
17,0.8571428571428571
18,0.6764705882352942
19,0.84
20,0.8888888888888888
21,0.8947368421052632
22,0.9411764705882353
23,0.8461538461538461
24,0.8260869565217391
25,0.5833333333333334
26,0.75
27,0.75
28,0.8
29,0.7241379310344828
30,0.8518518518518519
31,0.72
32,0.6363636363636364
33,0.6551724137931034
34,0.88
35,0.45454545454545453
36,0.9047619047619048
37,0.8421052631578947
38,0.8076923076923077
39,0.9565217391304348
40,0.75
41,0.9090909090909091
42,0.8260869565217391
43,0.8695652173913043
44,0.43478260869565216
45,0.6842105263157895
46,0.5
47,0.782608695652174
48,1.0
49,0.8235294117647058
50,0.6363636363636364
51,0.8095238095238095
52,0.85
53,0.896551724137931
54,0.9545454545454546
55,0.6666666666666666
56,0.7727272727272727
57,0.7142857142857143
58,0.9428571428571428
59,0.625
60,0.8148148148148148
61,0.896551724137931
62,0.6923076923076923
63,0.75
64,0.631578947368421
65,0.7272727272727273
66,0.7692307692307693
67,0.7391304347826086
68,0.9523809523809523
69,0.8333333333333334
70,0.8333333333333334
71,0.9047619047619048
72,0.45454545454545453
73,0.6875
74,0.6060606060606061
75,0.9642857142857143
76,0.9523809523809523
77,0.6764705882352942
78,0.7894736842105263
79,0.7857142857142857
80,0.7241379310344828
81,0.9047619047619048
82,0.8918918918918919
83,0.8333333333333334
84,0.8518518518518519
85,0.9
86,0.7857142857142857
87,0.9
88,0.8571428571428571
89,0.8928571428571429
90,0.9166666666666666
91,0.8717948717948718
92,0.76
93,0.8095238095238095
94,0.9130434782608695
95,0.6206896551724138
96,0.6086956521739131
97,0.8333333333333334
98,0.6538461538461539
99,0.9130434782608695
16
7
91
43
14
92
6
89
13
85
96
27
81
63
59
61
78
18
53
17
27
43
10
54
87
79
68
31
69
64
10
41
23
11
96
20
87
90
52
26
83
67
20
20
7
83
27
45
68
93
86
12
69
45
99
1
62
80
26
58
88
97
88
19
3
23
19
48
91
48
58
16
63
75
55
4
1
15
98
32
14
87
38
12
8
45
92
31
92
61
89
92
78
83
45
85
28
37
54
30
95
7
59
24
94
7
94
94
11
42
65
52
40
38
55
80
82
46
75
51
50
34
25
85
30
74
22
95
81
92
27
52
51
44
92
65
69
84
0
43
48
67
14
7
53
44
37
19
8
68
32
3
83
62
39
0
95
51
58
19
89
90
81
61
41
77
52
66
68
80
4
46
25
66
35
36
88
14
75
53
3
5
11
82
7
81
61
7
91
1
5
37
72
41
94
33
67
39
39
23
16
31
63
71
67
45
26
46
74
33
77
65
50
98
51
65
36
3
41
47
54
87
37
75
55
71
90
0
9
44
57
83
45
61
59
63
89
22
85
39
7
25
98
24
70
70
49
70
87
90
38
60
97
36
83
82
77
11
7
74
80
2
9
51
40
36
32
91
99
73
40
83
42
62
90
50
82
24
38
16
40
39
7
63
10
51
96
65
29
66
83
30
84
26
5
91
53
74
72
15
15
93
5
66
28
55
48
73
65
97
77
3
13
18
92
55
13
30
29
91
91
61
75
58
71
70
98
52
94
89
90
59
57
43
60
90
30
59
78
50
80
80
54
83
60
76
92
18
14
26
9
81
85
32
63
43
73
87
18
26
99
70
8
90
65
80
90
17
39
53
66
48
5
34
89
80
87
37
40
91
16
27
33
16
89
5
76
83
74
85
24
18
32
76
45
5
52
46
21
40
58
84
54
91
38
46
66
41
26
53
23
14
72
86
75
45
6
22
33
76
52
81
90
22
34
45
48
7
30
11
1
23
3
22
5
80
93
27
86
79
92
53
54
63
18
84
61
8
59
8
88
62
29
30
73
2
33
39
4
22
45
83
58
73
18
84
4
5
57
18
23
29
85
34
42
16
86
99
95
45
97
0
66
32
44
86
92
29
85
82
91
82
17
80
58
12
26
54
28
58
79
1
4
44
16
3
33
49
91
73
1
1
35
1
19
88
11
29
56
0
54
61
20
13
17
53
89
18
81
6
96
41
26
26
25
60
22
73
4
47
24
90
78
17
7
0
87
26
73
14
56
19
12
54
21
79
8
43
39
78
40
53
98
4
31
8
57
33
26
35
6
94
16
65
22
16
90
57
98
55
88
80
58
27
36
13
91
84
9
5
9
65
85
70
47
26
70
52
79
70
34
97
99
49
18
55
70
27
38
34
61
69
37
55
24
3
78
74
3
35
1
84
22
86
4
91
13
90
68
60
84
0
34
26
32
92
14
52
35
86
3
89
7
15
66
98
50
12
41
31
34
93
84
26
74
44
50
57
54
35
73
44
66
60
8
58
82
67
98
89
28
55
95
76
60
76
91
37
2
4
62
43
91
48
63
34
33
34
53
3
28
8
40
44
96
61
60
73
61
29
63
97
49
92
92
6
57
12
18
20
55
0
85
65
76
23
74
95
81
58
73
60
21
62
19
87
47
79
90
75
30
15
41
39
99
33
94
45
91
36
77
3
75
25
94
61
36
38
12
1
0
30
84
98
29
7
18
48
87
91
84
74
62
31
40
3
30
61
86
47
96
98
25
14
28
75
11
81
22
73
79
5
88
56
81
15
84
69
30
6
68
70
81
74
7
80
23
60
5
14
48
18
0
92
38
4
24
69
86
9
42
41
39
27
0
70
85
9
43
79
77
75
74
80
42
45
8
0
36
89
4
46
69
56
42
22
71
35
72
40
16
0
21
2
1
64
47
43
92
75
68
18
1
25
96
98
47
90
2
51
37
61
31
9
4
92
38
93
28
39
18
41
44
49
92
11
19
91
82
4
60
34
56
19
32
74
16
99
49
98
47
58
93
87
11
24
35
43
52
6
4
27
8
63
26
34
39
97
37
75
33
87
49
46
16
33
76
41
97
8
75
17
55
93
44
4
41
60
30
31
21
53
90
54
87
86
37
47
66
2
73
55
25
62
26
19
28
15
1
59
17
45
92
39
42
58
49
48
44
71
48
69
9
78
94
46
71
66
66
88
82
1
39
88
93
82
7
17
56
40
70
77
68
52
69
45
16
62
85
12
99
88
40
68
36
23
37
87
25
32
75
61
70
58
88
51
75
73
70
37
28
90
55
88
68
38
73
7
16
58
61
39
56
17
33
77
63
87
75
4
16
94
55
76
60
97
1
0
75
31
55
71
75
52
6
43
14
84
14
51
1
88
53
72
5
52
32
52
40
24
86
54
54
88
61
87
54
24
40
85
17
90
22
86
77
79
94
45
0
39
89
82
41
87
91
73
4
62
3
46
63
46
28
38
86
70
13
7
15
26
76
98
73
79
15
47
47
93
73
81
26
70
95
60
70
2
82
66
34
6
65
62
74
31
36
42
52
48
79
74
15
57
66
68
4
64
16
61
16
40
18
29
84
57
9
38
43
33
15
1
42
67
1
84
69
81
10
33
80
68
30
8
3
81
26
18
20
35
28
93
5
53
34
27
93
18
44
93
85
91
46
31
69
47
57
95
85
80
1
82
2
66
44
58
31
42
23
90
6
83
31
51
80
23
64
61
16
51
99
28
19
63
26
97
78
34
90
13
50
17
28
29
10
57
83
83
53
73
7
59
82
34
15
68
68
34
82
75
37
8
94
16
24
21
8
96
53
49
38
16
55
32
96
20
29
43
69
94
26
92
23
91
34
48
71
53
5
0
63
57
69
73
27
12
42
61
21
95
88
28
15
24
1
77
67
82
5
64
51
52
79
70
46
1
59
87
60
33
76
45
19
7
1
35
94
79
16
71
26
55
60
73
9
75
5
27
27
96
65
51
45
36
87
47
98
7
85
30
92
51
79
76
99
86
15
29
63
66
62
80
24
57
43
78
49
99
95
93
72
71
78
86
64
4
3
62
50
17
92
21
32
57
61
2
6
1
82
82
94
95
81
96
77
33
67
43
60
26
63
63
62
82
36
12
31
47
75
77
29
94
27
70
95
32
38
29
37
2
65
40
53
87
95
53
42
43
89
69
93
81
40
71
19
33
91
75
85
47
97
1
13
34
46
62
92
53
46
66
45
48
94
10
40
60
31
35
59
52
79
57
4
83
89
71
58
52
32
58
98
22
62
52
2
58
77
96
86
33
13
69
97
14
51
2
63
7
58
42
6
75
81
99
28
50
57
88
25
38
71
47
53
48
79
59
29
82
90
93
81
17
14
69
25
32
39
10
89
50
67
99
28
98
88
20
4
18
60
48
69
1
16
6
39
25
15
37
78
48
35
89
67
77
38
23
21
96
11
9
84
30
58
30
46
72
83
59
77
4
41
8
19
54
63
68
9
91
67
3
40
71
77
38
9
82
3
76
20
23
42
94
66
72
14
25
61
36
4
14
31
60
77
62
85
4
16
67
93
23
33
88
18
58
0
83
23
85
56
20
7
20
30
52
19
38
98
97
26
0
56
47
83
52
10
51
6
3
23
9
77
43
15
63
77
19
73
79
7
37
4
61
50
30
39
45
75
17
9
17
28
45
16
12
70
49
63
71
12
2
77
11
3
46
15
84
19
29
70
62
34
87
30
11
32
99
33
90
16
56
4
24
71
3
19
14
23
68
91
81
61
90
21
57
22
87
82
12
38
10
93
77
84
41
64
76
25
91
94
42
79
19
76
87
18
51
1
50
94
6
45
23
0
55
91
89
95
48
45
54
69
51
68
56
86
80
69
67
71
25
50
60
79
0
14
55
46
72
2
32
83
61
69
97
13
30
27
74
8
17
42
91
35
4
69
4
57
84
76
89
3
91
44
76
81
8
92
69
82
7
73
89
74
42
39
45
80
4
15
50
16
70
94
60
91
83
62
85
48
59
11
5
2
67
75
75
4
31
72
17
89
92
19
36
86
67
83
63
2
62
37
11
99
77
56
22
84
14
71
94
44
41
41
52
91
85
43
82
40
97
42
96
47
22
1
11
78
72
93
85
18
63
65
25
7
2
22
44
59
2
54
98
56
75
52
76
20
48
97
9
81
38
84
3
36
43
84
18
6
9
72
42
6
75
15
29
11
20
95
3
58
74
14
83
91
74
86
10
44
58
36
90
8
96
65
30
61
14
37
0
58
96
1
61
59
21
60
89
82
61
80
52
65
55
32
77
69
26
42
79
46
20
38
52
15
7
65
63
52
26
29
3
79
39
30
99
5
8
19
52
40
58
54
82
3
96
93
70
99
21
17
56
64
74
1
92
61
85
78
58
61
53
74
47
5
34
81
64
77
67
66
63
98
93
46
42
7
87
63
87
26
41
70
51
21
32
90
36
85
54
87
21
87
71
83
27
74
1
8
6
98
61
88
90
10
83
55
85
34
24
74
49
12
28
64
48
58
45
87
79
63
14
47
31
77
52
17
71
5
67
81
2
54
67
17
21
1
88
21
77
95
91
12
15
82
22
16
66
25
1
44
29
73
67
81
63
53
23
81
86
78
71
28
75
46
62
79
16
8
7
22
81
87
83
65
62
49
70
57
26
79
40
91
23
13
80
6
42
97
30
55
35
94
41
36
52
12
43
86
97
53
50
97
3
61
20
22
57
25
71
55
68
20
49
67
87
16
41
66
27
87
70
1
15
42
6
12
8
2
5
45
85
71
56
99
67
78
2
76
50
30
53
91
81
65
92
23
46
72
40
74
62
11
23
78
96
67
78
8
15
4
80
27
60
7
54
48
16
57
94
30
92
43
92
58
19
23
38
40
47
95
22
99
86
53
89
11
52
58
54
85
74
72
82
72
32
43
37
34
47
52
40
53
45
8
83
3
90
40
28
53
27
59
4
33
92
89
44
60
55
89
98
78
82
91
31
91
47
9
73
69
36
24
44
95
37
61
83
69
98
15
76
44
78
90
98
94
24
86
1
33
37
55
7
39
15
99
3
41
66
80
27
45
3
32
5
45
9
93
33
28
35
24
56
65
11
38
23
39
25
97
58
25
47
29
56
98
82
41
38
51
79
19
18
95
64
78
96
49
64
46
36
97
40
45
49
62
28
96
4
80
81
91
5
87
3
50
72
86
89
17
12
80
19
24
32
40
13
98
37
21
76
14
59
49
30
60
80
51
66
87
38
3
53
4
48
24
13
31
29
84
46
61
24
34
98
45
99
27
51
91
0
15
50
57
4
60
90
86
9
32
92
99
77
57
14
2
70
69
69
91
7
14
58
0
20
7
85
82
79
58
72
87
75
85
38
70
29
97
46
53
37
73
28
98
50
24
31
95
1
2
36
59
99
55
85
0
60
64
54
62
31
86
51
72
73
63
91
84
85
90
69
82
21
89
68
68
76
31
58
8
37
13
30
78
88
47
99
27
12
92
8
82
78
97
92
74
4
12
29
97
32
56
18
77
72
95
54
0
88
16
73
26
33
14
86
19
97
4
9
57
89
55
25
26
49
11
18
27
83
3
27
30
52
74
29
59
90
14
77
65
7
75
27
16
30
55
83
14
51
42
70
