overall_acc,0.7924
loss,[10.923812437744141, 6.285747844848633, 4.213437114562988, 3.270065357208252, 2.818108444213867, 2.6091803491210936, 2.488497049636841, 2.428754680709839, 2.388719189300537, 2.362519952964783, 2.3423937680053712, 2.3352297265625, 2.3262564698028565, 2.3104349069213868, 2.312584672317505, 2.305995371322632, 2.300241054534912, 2.300425235481262, 2.3042121343231203, 2.3023251820373534, 2.3004727520751955, 2.3113395861053467, 2.3112010970687864, 2.3095969506073, 2.321726559677124, 2.313944599571228, 2.3253483337402345, 2.3283206935882568, 2.3452708437347414, 2.3404784214019774, 2.348207758026123, 2.353810653915405, 2.3653031536865234, 2.3673341819381712, 2.3759868996429443, 2.378247298164368, 2.390454758148193, 2.414373625488281, 2.4260328048706055, 2.422894717102051, 2.4230067761230467, 2.4474183749389646, 2.4436466025543213, 2.448945697479248, 2.4615297911071776, 2.470628893737793, 2.4773476114654542, 2.487730986709595, 2.492807701873779, 2.496493507385254, 2.5111806021118164, 2.501900307121277, 2.5298845226287843, 2.5235584212493896, 2.5340598388671873, 2.5265775942993165, 2.5379949481201174, 2.536917095184326, 2.565401648826599, 2.5559715979003905, 2.022860107421875, 1.6426555012130737, 1.4232104224395752, 1.2690504624176024, 1.171902364959717, 1.1114940866470338, 1.0849528722190858, 1.0684697358322144, 1.0536497708892822, 1.0767592555999757, 1.0615595398902893, 1.072111114768982, 1.0804594958496094, 1.0891122583389283, 1.0888508308029174, 1.091218582611084, 1.093124973602295, 1.0939626752471925, 1.1116282909965516, 1.1147879295349121, 1.1146569611358643, 1.114045618019104, 1.1164317043685914, 1.1279821493911744, 1.1312155109596251, 1.1382630517196655, 1.125556972808838, 1.1495655055618286, 1.1344958457183838, 1.146738470840454, 1.1431105525207519, 1.1393412398147582, 1.1559319398117065, 1.1492048392868042, 1.1605924824523925, 1.161144521369934, 1.1749841946792603, 1.170144974861145, 1.1648960085868836, 1.1662896726226806, 1.158762931213379, 1.1779870986557006, 1.1720329945373535, 1.164151409072876, 1.1579584761047363, 1.1727723930740357, 1.1881225798797608, 1.1794617429351806, 1.1851927653503418, 1.1797440440368652, 1.1786691775131226, 1.1957577822113037, 1.1889191539764403, 1.199371460838318, 1.1838180448150635, 1.1882938181304932, 1.183571754951477, 1.1983007878494263, 1.191907417907715, 1.1957406843566893, 1.0585614805984498, 0.9729854768753051, 0.9362704271507263, 0.9046736930847168, 0.8750443309783935, 0.8474227285575867, 0.8209877003669739, 0.7959370916175842, 0.7713611853790283, 0.7478496974182129, 0.724806770954132, 0.7028538529205323, 0.681403679523468, 0.6605108972358703, 0.6407005087280273, 0.6210675805091858, 0.6027534140968323, 0.5840816905975342, 0.566247422580719, 0.5491121940040589, 0.5325718836975097, 0.5164443139266968, 0.5008002209091187, 0.4855201985454559, 0.471367045545578, 0.45704606989860536, 0.44318113662719727, 0.43005362302780153, 0.4169540155029297, 0.40437759318351746, 0.39228973969459535, 0.3804418009471893, 0.3691032402420044, 0.35815759308815004, 0.34736460086822507, 0.3372599308395386, 0.32766756631851196, 0.3194137125301361, 0.3092134460544586, 0.30003236108779907, 0.2938172745704651, 0.29192158430099485, 0.29014723627090455, 0.2882375990104675, 0.28653516098022463, 0.28474528495788576, 0.2830025453662872, 0.2813481003665924, 0.2795475213623047, 0.27782151263237, 0.27617683194160464, 0.2745739582920074, 0.2727995855998993, 0.2711019081687927, 0.26958863097190855, 0.2678979582118988, 0.26628871945381166, 0.26464893219947816, 0.2630740912628174, 0.26146221305847167, 0.25989488356590273, 0.25831379914283753, 0.2568262644004822, 0.2551672179222107, 0.2536227979564667, 0.25216562641143797, 0.2506736684989929, 0.24911193768501283, 0.24760972669124603, 0.24609132128238678, 0.24462951040267944, 0.24314844895362853, 0.24167500147342683, 0.24020310828208924, 0.23874396861076355, 0.23733062298297883, 0.2359244645547867, 0.23453179406642913, 0.23307800720691682, 0.2316930311203003]
0,0.9565217391304348
1,0.9354838709677419
2,0.6521739130434783
3,0.8275862068965517
4,0.7741935483870968
5,0.75
6,0.8260869565217391
7,0.8076923076923077
8,1.0
9,0.9473684210526315
10,0.45
11,0.38095238095238093
12,0.75
13,0.5652173913043478
14,0.7407407407407407
15,0.875
16,0.9230769230769231
17,0.9047619047619048
18,0.6764705882352942
19,0.8
20,0.8888888888888888
21,0.8421052631578947
22,0.8823529411764706
23,0.7692307692307693
24,0.782608695652174
25,0.5833333333333334
26,0.8333333333333334
27,0.7083333333333334
28,0.84
29,0.7241379310344828
30,0.8888888888888888
31,0.72
32,0.7727272727272727
33,0.6896551724137931
34,0.84
35,0.45454545454545453
36,0.8571428571428571
37,0.6842105263157895
38,0.8076923076923077
39,1.0
40,0.7857142857142857
41,1.0
42,0.8695652173913043
43,0.8695652173913043
44,0.5652173913043478
45,0.6842105263157895
46,0.45454545454545453
47,0.782608695652174
48,0.95
49,0.8823529411764706
50,0.8181818181818182
51,0.7142857142857143
52,0.75
53,0.9310344827586207
54,0.9545454545454546
55,0.6666666666666666
56,0.7727272727272727
57,0.6071428571428571
58,0.9142857142857143
59,0.7916666666666666
60,0.8148148148148148
61,0.8620689655172413
62,0.8461538461538461
63,0.875
64,0.7894736842105263
65,0.6363636363636364
66,0.7307692307692307
67,0.6521739130434783
68,0.9523809523809523
69,0.8666666666666667
70,0.8666666666666667
71,0.9047619047619048
72,0.45454545454545453
73,0.6875
74,0.6060606060606061
75,0.9642857142857143
76,0.9047619047619048
77,0.6470588235294118
78,0.8421052631578947
79,0.8214285714285714
80,0.7241379310344828
81,0.8571428571428571
82,0.9459459459459459
83,0.7666666666666667
84,0.8518518518518519
85,0.9666666666666667
86,0.8571428571428571
87,0.9
88,0.9523809523809523
89,0.8571428571428571
90,0.875
91,0.8717948717948718
92,0.76
93,0.8095238095238095
94,0.9565217391304348
95,0.6551724137931034
96,0.6086956521739131
97,0.75
98,0.6538461538461539
99,0.9565217391304348
16
7
91
43
14
92
6
89
13
85
47
27
81
63
59
10
78
18
53
17
27
43
61
54
25
79
68
31
69
64
83
41
23
11
47
20
87
90
52
26
83
93
20
20
7
83
27
45
68
93
86
12
69
45
99
1
70
86
26
58
88
64
88
19
34
71
19
48
73
48
58
16
63
75
71
4
32
15
98
32
14
87
38
33
8
45
92
31
62
61
89
62
78
83
45
85
28
37
54
30
95
7
59
24
94
7
94
94
11
42
65
52
40
38
55
80
82
46
75
51
74
34
5
85
30
74
22
95
81
92
27
52
18
44
62
65
69
84
0
43
48
67
62
89
53
44
37
19
8
68
64
3
53
70
39
0
86
51
58
66
12
90
81
61
41
66
52
66
68
80
4
46
5
66
35
50
88
7
75
53
3
5
98
82
7
87
61
7
91
1
5
37
72
41
94
33
67
39
39
23
86
31
63
71
67
26
84
32
74
33
77
65
50
55
51
65
36
3
41
47
54
87
37
75
74
71
24
92
9
44
57
83
45
61
85
63
89
22
85
39
18
25
98
24
70
54
49
70
87
89
41
65
97
36
83
82
51
11
7
74
80
2
9
78
40
36
91
91
99
73
79
83
42
28
90
50
82
24
42
16
40
39
7
63
10
51
96
38
29
74
53
30
84
44
5
91
53
74
72
15
15
93
5
66
77
55
48
73
66
64
77
3
13
18
92
55
13
73
29
91
91
99
75
58
71
54
98
52
94
89
90
56
57
43
60
81
30
33
78
6
80
80
54
99
60
76
54
18
14
26
9
90
85
32
63
43
73
87
44
26
99
70
8
90
65
80
41
17
39
53
66
48
5
88
12
4
46
37
40
91
16
27
33
16
89
5
76
83
74
85
24
72
32
76
33
65
52
46
27
40
58
84
6
91
38
46
66
41
79
0
23
14
15
86
75
45
6
22
33
76
52
41
90
22
34
45
48
7
91
2
1
23
3
22
5
80
93
27
86
79
92
53
54
63
18
84
12
8
59
8
88
62
29
30
73
2
33
39
63
61
45
83
58
73
18
84
4
5
83
18
23
29
85
88
64
16
16
40
95
45
97
0
72
11
44
86
54
29
85
82
91
82
17
32
58
12
26
54
28
58
6
1
4
99
28
3
33
23
91
73
1
1
98
32
19
88
11
29
56
0
54
61
20
37
17
53
89
18
81
6
47
41
26
26
25
60
22
93
4
47
24
18
78
17
7
0
87
26
95
14
56
18
12
54
3
79
8
43
39
61
40
53
98
4
31
8
57
33
33
35
6
94
16
14
22
16
64
57
2
63
88
55
58
27
36
13
91
84
9
5
9
19
85
70
59
10
11
59
79
70
34
97
99
49
44
55
70
15
38
34
61
69
37
64
24
3
78
51
63
35
1
84
22
86
4
91
58
90
68
60
84
0
34
54
32
92
18
49
35
86
3
89
6
15
66
35
50
12
41
31
5
93
84
26
74
93
50
57
54
11
67
44
66
60
26
58
82
67
98
89
28
55
95
76
60
76
91
37
2
4
62
43
91
48
63
34
33
34
53
3
28
8
40
44
33
61
60
73
61
26
63
4
49
92
92
6
57
87
18
20
55
0
85
65
68
23
4
95
81
58
73
60
21
70
19
87
47
79
90
75
73
15
41
39
99
33
94
45
91
36
77
3
75
92
94
61
50
38
12
1
0
30
84
98
29
7
18
48
87
91
45
63
62
31
40
55
30
43
86
96
96
72
20
14
28
75
2
81
61
73
79
5
88
56
81
15
84
69
30
6
68
70
5
74
7
18
55
60
5
14
48
18
0
70
38
24
24
69
16
9
42
41
39
27
0
70
85
9
43
79
77
75
74
80
42
62
8
0
36
89
4
46
69
56
42
22
71
98
72
86
16
0
21
45
1
64
47
43
92
91
68
18
1
25
96
98
47
90
2
28
49
61
31
9
4
92
38
93
28
39
18
41
44
49
1
11
19
91
82
4
60
34
56
19
32
74
87
99
49
98
8
58
93
87
11
79
35
43
52
6
4
27
8
63
26
34
39
97
37
75
33
87
49
46
16
33
76
41
97
8
75
17
55
93
44
4
41
60
30
65
21
77
90
54
87
86
37
47
3
2
73
55
25
62
26
19
28
15
14
59
69
45
92
39
42
13
49
48
44
71
48
69
9
65
37
46
71
66
66
88
82
1
39
88
93
82
7
17
56
40
70
54
68
52
69
45
16
62
85
12
99
88
40
68
36
60
17
6
25
46
75
61
70
58
88
51
75
73
70
37
28
90
72
88
68
38
73
6
16
58
61
39
56
17
33
77
63
87
75
4
16
94
72
76
60
97
1
0
75
31
55
71
75
52
6
43
14
84
14
88
1
88
53
66
5
56
32
52
62
24
86
54
54
88
61
87
54
24
40
85
17
90
22
86
77
79
94
45
0
39
89
82
41
87
91
73
4
62
72
98
10
46
28
38
72
70
13
7
15
26
76
98
73
79
15
47
47
93
73
81
26
70
95
60
70
2
82
66
34
6
65
62
45
31
36
88
52
48
79
38
75
57
66
68
64
64
16
63
16
84
18
29
63
53
9
77
43
74
15
1
74
96
1
84
69
81
10
33
80
68
30
8
3
13
45
18
20
35
28
55
5
53
34
27
93
18
44
93
85
91
46
31
69
47
86
95
85
80
1
82
79
66
44
58
31
42
23
90
6
83
19
51
80
23
64
61
40
51
99
28
19
63
26
97
78
34
90
13
74
17
28
29
10
61
83
83
53
73
7
59
82
34
15
68
68
34
82
75
37
8
94
16
24
21
8
96
53
49
38
85
55
32
96
20
29
43
69
94
26
54
60
91
34
48
71
53
5
0
59
57
69
73
50
12
42
61
21
95
88
28
15
24
1
77
67
82
5
64
51
59
79
70
46
1
59
87
60
33
76
45
15
7
1
35
94
79
25
71
26
55
60
73
9
75
5
55
27
32
38
56
4
66
40
47
2
7
85
30
92
51
79
89
99
86
15
29
63
66
62
80
24
57
43
78
72
99
95
93
55
71
78
86
64
35
23
62
50
17
98
21
32
57
99
2
6
1
82
82
94
95
81
96
77
33
67
38
60
20
16
63
62
82
36
60
31
47
75
4
29
94
96
70
95
32
38
32
37
36
65
40
53
87
95
53
42
43
89
69
93
81
40
71
31
33
73
75
85
47
97
1
81
77
46
62
92
53
98
66
45
48
94
10
69
60
42
35
59
52
30
57
4
83
89
71
68
96
32
58
35
22
62
52
2
58
77
96
86
33
58
69
97
14
51
2
63
67
58
42
6
75
81
99
28
50
57
88
25
38
71
47
53
48
79
59
29
82
90
45
81
17
14
69
25
32
39
74
89
4
67
99
28
98
88
20
42
18
60
48
69
14
41
6
39
25
43
37
78
48
15
89
67
79
38
23
21
96
11
16
84
30
58
30
46
31
83
59
77
50
41
8
19
54
4
68
53
91
67
3
40
71
77
38
9
82
3
76
20
60
42
94
66
72
14
25
61
36
4
14
10
60
77
70
85
38
16
67
93
23
33
88
18
58
51
83
23
85
96
20
18
20
30
96
19
55
35
38
26
0
56
47
83
59
10
40
65
3
30
9
77
43
15
72
77
19
73
24
7
29
4
61
50
30
39
33
75
17
9
17
28
45
16
12
41
49
63
71
12
2
77
98
68
46
15
84
19
36
70
62
34
94
73
41
4
99
96
90
16
47
4
24
71
3
19
14
23
68
10
81
61
90
21
57
22
87
82
12
38
10
93
77
84
41
64
76
25
91
94
42
79
19
76
87
18
51
1
50
94
6
45
23
0
55
91
48
95
48
45
54
69
98
68
56
86
80
12
67
71
25
50
60
79
0
44
74
46
29
11
32
92
72
76
97
13
30
27
74
8
17
42
91
46
35
69
50
57
84
76
85
3
91
79
76
13
8
92
69
82
42
73
89
32
42
39
45
80
32
15
50
16
70
94
60
91
83
62
85
48
59
11
5
63
65
75
75
4
31
72
17
89
70
19
36
22
67
83
63
2
92
37
11
99
77
56
22
84
14
71
94
44
85
41
52
91
85
43
82
40
80
42
96
47
22
1
6
78
72
93
85
84
63
65
25
7
2
86
44
59
2
54
98
56
75
47
76
20
89
97
9
90
38
5
3
36
43
84
18
6
9
72
38
6
75
15
29
11
20
95
3
58
74
44
83
91
74
86
25
63
58
36
90
8
49
42
40
10
14
37
0
58
96
1
61
59
21
60
89
82
61
80
52
65
55
32
77
69
26
42
79
11
20
38
52
15
79
65
63
96
26
29
3
79
39
30
99
5
8
19
52
40
58
54
82
3
82
93
70
99
21
17
56
64
74
1
92
61
85
78
58
10
53
74
47
5
34
81
64
77
30
66
63
45
93
46
44
3
87
63
87
26
41
70
34
21
32
90
36
85
57
87
21
87
71
83
27
74
1
8
93
98
61
88
90
10
83
55
84
34
24
74
49
12
28
50
26
58
45
87
79
63
14
47
31
77
52
49
71
25
67
81
98
54
32
17
21
1
88
21
77
95
91
12
15
82
22
16
66
5
44
29
29
73
27
81
63
53
23
81
86
78
71
28
75
35
62
79
16
8
7
22
81
87
83
65
62
49
70
53
77
33
40
91
23
13
80
6
42
3
30
30
35
94
41
36
52
12
43
86
97
53
50
97
3
61
20
22
57
25
71
72
68
20
49
67
87
16
41
66
52
10
63
1
15
42
6
85
8
2
25
45
85
71
56
99
67
78
2
76
50
30
53
91
81
65
92
23
11
72
40
30
62
11
23
78
96
67
64
8
15
4
80
27
60
7
54
48
16
57
94
30
92
43
62
58
19
23
31
40
96
95
61
99
86
53
89
11
52
58
54
85
74
3
82
72
32
43
81
34
47
52
40
53
45
8
83
3
90
40
28
53
27
59
4
33
92
89
44
44
55
89
98
78
82
91
31
91
47
9
73
69
36
77
73
95
37
61
83
69
50
64
76
22
22
90
98
94
24
39
1
33
33
55
7
39
15
99
3
41
66
80
27
45
4
32
5
45
9
44
33
65
35
24
59
65
11
38
23
39
25
97
58
25
47
29
56
98
82
41
38
51
45
34
18
95
64
78
96
49
64
40
36
97
40
45
49
62
10
33
4
18
81
91
5
87
3
50
80
86
89
17
12
80
4
24
32
40
13
98
37
21
76
14
59
49
30
33
80
51
66
87
38
21
53
4
48
24
13
31
29
84
46
61
24
34
46
45
99
27
51
91
0
72
50
57
63
60
90
86
9
46
92
99
77
57
14
2
70
69
69
32
79
93
58
0
20
7
89
82
79
58
72
58
75
85
55
70
44
97
98
53
37
30
28
86
50
24
29
95
1
2
36
59
99
55
85
0
60
64
82
62
31
86
57
72
73
42
91
84
85
90
69
82
21
89
68
68
76
31
58
8
90
13
30
78
8
33
99
42
12
92
8
82
78
97
70
74
4
86
27
97
77
56
18
77
72
95
54
0
88
16
73
44
33
18
86
19
97
4
9
53
89
14
5
26
49
11
14
80
83
3
27
30
52
74
29
52
90
14
77
63
7
75
27
16
30
50
83
14
51
42
70
