overall_acc,0.7944
loss,[10.817999102478028, 6.2015125666809086, 4.181346242370606, 3.248893285369873, 2.810485023574829, 2.6035983419799806, 2.4857581452941893, 2.420982479095459, 2.387228628234863, 2.356151455078125, 2.350354262313843, 2.340671399078369, 2.3223069998168944, 2.3142393977355957, 2.3116156993103028, 2.31126918586731, 2.3078718049621583, 2.3106288297271727, 2.3052059103393554, 2.300801131286621, 2.3018267196655273, 2.3068307375335695, 2.3073461656188963, 2.313393463821411, 2.318949657058716, 2.319270146942139, 2.3208004460906984, 2.3286663073349, 2.347768006668091, 2.3401131613922117, 2.357981354217529, 2.3553659167480467, 2.358780081329346, 2.3661201428222656, 2.3792061964416504, 2.391596620788574, 2.4110334243774414, 2.397678486480713, 2.416891535949707, 2.4365868994903566, 2.4384783036041258, 2.446122202301025, 2.4547860791015625, 2.4670372981262205, 2.456176285858154, 2.4708674678039553, 2.495172415008545, 2.500151864852905, 2.504530506286621, 2.5038794688415527, 2.5095609033203123, 2.5224377683258057, 2.522569719390869, 2.523166944580078, 2.5208823098754882, 2.5419772171020507, 2.5478630353546143, 2.5385197398376467, 2.5501957969665527, 2.5502032217407224, 2.0238569771957398, 1.6372303108596802, 1.420890488243103, 1.2641781657409668, 1.1568117679977417, 1.09931349319458, 1.0678269470977784, 1.0558853623580933, 1.0506879648971557, 1.057288947315216, 1.0641268360137939, 1.0559051766204834, 1.0669741569900513, 1.0749177576637268, 1.069694041557312, 1.0817852654266358, 1.0857010037231445, 1.096180528907776, 1.0930318579101563, 1.0967615760040283, 1.0926658401489258, 1.1049791149902344, 1.1089140047454833, 1.1303610625457763, 1.1147886453247071, 1.1231074937820436, 1.114190622291565, 1.1363676669311524, 1.1321372988510132, 1.1324822988510133, 1.1183638347625733, 1.1349545086288453, 1.1380954242706298, 1.1395533045959472, 1.1582164116287232, 1.13879962600708, 1.1377892135238648, 1.1437818181610107, 1.1555404943084717, 1.160495526008606, 1.1732465173339843, 1.1530899340438843, 1.1678988053131103, 1.1716205603790284, 1.1680885259628295, 1.163940192565918, 1.1586580348968505, 1.1782918651199341, 1.1632963719177245, 1.1650493408203124, 1.1935665658569337, 1.1846612664794922, 1.1826359020233155, 1.1866504064178467, 1.1689747270965576, 1.176629061126709, 1.1837992631530763, 1.181950330429077, 1.19016955368042, 1.1914363233184815, 1.0622128681564331, 0.9705726870727539, 0.9308809331703186, 0.8999585247421265, 0.8712672806167603, 0.8436400433349609, 0.8171214403152466, 0.7918707827186584, 0.767358859577179, 0.7442608660507202, 0.7215206018257141, 0.6990179480743408, 0.6777109030151367, 0.6572242376518249, 0.6375697093772889, 0.6179917680358886, 0.599236733455658, 0.5811468855857849, 0.563533205318451, 0.546428808631897, 0.5299681965637207, 0.5138357061004639, 0.4983901723098755, 0.48336562518119813, 0.46911072087287903, 0.4547914044761658, 0.4408708880615234, 0.42749314841270447, 0.414809783039093, 0.4023183963775635, 0.390103868560791, 0.37852766213417055, 0.36703775182723997, 0.35622466307640077, 0.3454410793399811, 0.3350281660270691, 0.3257532235813141, 0.3160439215660095, 0.3064778113746643, 0.2973014926147461, 0.2918557214832306, 0.2901427656650543, 0.287935892162323, 0.2862123415184021, 0.28444990352630617, 0.2827332296180725, 0.28105225036621095, 0.27921910081863405, 0.277591628074646, 0.2760026359367371, 0.2742331989860535, 0.27255405920028686, 0.27094659677505495, 0.26926079895973204, 0.26769628801345824, 0.2660439366054535, 0.26447104144096373, 0.2628060135746002, 0.26124714197158816, 0.2596296250343323, 0.2580987403869629, 0.25649101269721986, 0.25492175993919375, 0.253457301864624, 0.25191932666778566, 0.25043083379745484, 0.24882268018245696, 0.2473538343811035, 0.2458925798559189, 0.24437339408874512, 0.2429270111656189, 0.24150020309448242, 0.23996474323272704, 0.23853017429828643, 0.23714553861141205, 0.2357318406009674, 0.234268016910553, 0.23284178212165832, 0.2314776202583313, 0.23005903915882112]
0,0.9565217391304348
1,0.9354838709677419
2,0.8695652173913043
3,0.7586206896551724
4,0.8064516129032258
5,0.7083333333333334
6,0.8695652173913043
7,0.9615384615384616
8,1.0
9,1.0
10,0.4
11,0.47619047619047616
12,0.7
13,0.782608695652174
14,0.7037037037037037
15,0.8333333333333334
16,0.9230769230769231
17,0.9047619047619048
18,0.6764705882352942
19,0.84
20,0.8333333333333334
21,0.8947368421052632
22,0.8235294117647058
23,0.8076923076923077
24,0.8260869565217391
25,0.7083333333333334
26,0.7916666666666666
27,0.8333333333333334
28,0.76
29,0.7931034482758621
30,0.8148148148148148
31,0.72
32,0.7272727272727273
33,0.7241379310344828
34,0.76
35,0.5
36,0.8095238095238095
37,0.8947368421052632
38,0.8076923076923077
39,0.9565217391304348
40,0.75
41,0.9545454545454546
42,0.8260869565217391
43,0.9130434782608695
44,0.6086956521739131
45,0.6842105263157895
46,0.5
47,0.8260869565217391
48,1.0
49,0.8235294117647058
50,0.5909090909090909
51,0.6666666666666666
52,0.75
53,0.9655172413793104
54,0.9545454545454546
55,0.5714285714285714
56,0.7727272727272727
57,0.6785714285714286
58,0.8857142857142857
59,0.7083333333333334
60,0.8148148148148148
61,0.7931034482758621
62,0.8076923076923077
63,0.7916666666666666
64,0.7894736842105263
65,0.7727272727272727
66,0.8846153846153846
67,0.7391304347826086
68,0.9523809523809523
69,0.8333333333333334
70,0.8666666666666667
71,0.9047619047619048
72,0.4090909090909091
73,0.71875
74,0.5454545454545454
75,0.9642857142857143
76,0.9523809523809523
77,0.6764705882352942
78,0.6842105263157895
79,0.75
80,0.6551724137931034
81,0.9523809523809523
82,0.972972972972973
83,0.7
84,0.8148148148148148
85,0.9333333333333333
86,0.8571428571428571
87,0.8666666666666667
88,1.0
89,0.9285714285714286
90,0.875
91,0.9230769230769231
92,0.64
93,0.7619047619047619
94,0.9565217391304348
95,0.6551724137931034
96,0.6086956521739131
97,0.75
98,0.6538461538461539
99,0.9130434782608695
16
7
91
43
14
92
6
89
13
85
47
27
81
63
59
10
78
18
53
17
27
43
10
54
25
79
68
99
69
64
83
41
23
11
47
20
87
90
52
26
83
67
20
20
7
83
27
45
68
93
86
12
69
73
99
18
70
44
26
58
88
42
88
19
34
71
19
48
44
48
58
16
63
3
55
4
32
15
98
32
14
87
38
33
8
45
92
31
62
61
89
92
99
83
26
85
28
37
54
30
95
7
59
24
94
7
94
94
11
42
65
52
40
38
55
80
82
46
75
93
74
34
25
85
30
74
22
95
81
92
91
52
18
44
62
65
69
84
0
43
48
67
62
89
53
18
37
19
8
68
3
3
53
70
83
0
86
51
58
19
89
90
81
61
41
77
52
66
68
80
43
46
25
27
35
50
88
7
75
53
3
5
98
82
7
86
61
7
91
1
5
37
72
41
94
33
67
33
39
23
16
31
63
71
67
45
10
32
74
49
77
65
50
55
51
85
36
3
41
47
54
81
37
75
21
71
14
0
9
78
57
83
45
22
52
42
89
22
85
39
7
25
98
57
70
54
49
70
87
89
38
65
97
36
83
82
77
11
7
26
80
2
9
91
40
36
91
91
99
73
40
83
42
62
90
50
82
24
38
16
65
39
7
63
10
51
96
77
29
66
53
30
84
44
5
91
53
74
72
15
15
44
5
66
77
55
48
73
63
64
77
72
13
18
92
55
13
72
29
91
91
61
75
58
71
70
46
52
94
89
90
56
57
43
60
78
30
59
78
6
80
80
54
99
60
76
51
18
48
26
9
81
85
32
63
43
30
87
44
26
99
70
8
90
65
80
41
17
39
53
66
48
5
88
8
27
87
37
40
91
16
27
33
16
89
84
76
83
74
85
24
55
32
76
45
5
52
46
55
40
58
84
6
91
38
98
66
25
26
0
23
14
80
86
75
45
6
22
33
76
52
41
90
22
34
45
48
7
30
98
1
23
3
22
5
80
93
18
39
79
92
53
54
63
18
84
66
8
59
8
88
62
29
30
73
2
33
39
4
32
45
83
58
73
18
84
4
5
2
18
23
29
85
88
97
16
86
64
95
45
97
0
69
93
44
86
92
29
85
82
91
82
17
65
58
12
26
54
28
58
79
1
4
44
57
3
33
23
91
73
1
1
35
1
19
88
11
29
56
57
54
61
20
13
17
53
89
18
81
6
96
41
26
26
25
60
22
93
74
47
24
79
78
17
7
0
87
26
73
14
59
19
12
54
21
79
8
43
39
61
40
53
98
4
31
8
57
33
84
35
6
94
87
16
22
16
64
57
2
55
88
72
58
27
36
13
91
84
9
85
9
65
85
70
52
85
11
59
79
70
34
97
99
49
18
4
70
21
38
34
61
69
37
64
24
3
78
75
33
3
1
84
45
86
4
91
13
90
68
60
84
0
34
54
32
92
14
49
35
86
3
89
7
15
66
35
50
12
41
31
34
93
84
26
74
39
50
57
54
35
67
44
66
60
79
58
82
67
98
89
28
55
95
76
60
76
91
37
2
4
62
43
91
48
63
44
42
34
53
3
28
8
40
44
47
61
60
73
67
26
66
63
49
92
92
6
57
94
18
20
55
0
85
75
18
23
66
95
81
58
73
60
21
92
19
87
47
79
90
75
73
15
41
39
99
46
94
45
91
36
77
75
75
62
94
61
50
38
12
1
0
30
84
98
29
7
18
48
89
91
84
45
62
31
40
55
30
22
86
47
18
72
25
14
28
75
35
81
22
44
79
5
88
56
81
15
84
69
30
6
68
92
81
4
7
80
55
60
5
14
48
83
0
70
38
4
24
69
16
9
42
41
39
27
0
70
85
9
43
79
77
75
74
80
42
62
8
0
36
89
15
98
69
56
42
22
71
35
72
40
16
0
21
2
1
64
47
43
83
65
68
18
1
25
96
46
47
90
2
28
37
61
31
14
4
92
38
93
28
39
18
41
44
49
1
11
19
91
82
4
60
34
56
19
32
74
86
99
49
98
8
58
93
87
35
24
35
43
47
6
4
27
8
63
26
34
39
97
52
75
33
87
49
98
16
33
76
41
97
8
75
17
55
93
27
4
41
60
67
65
21
14
90
54
87
86
37
47
75
2
73
55
25
62
26
65
28
15
14
96
17
45
92
39
42
58
49
48
44
71
48
69
9
93
88
11
71
66
66
88
82
1
39
88
93
82
7
17
56
40
70
1
68
52
69
45
16
6
85
12
99
88
40
68
36
60
17
13
25
46
75
61
70
58
97
51
75
73
70
37
28
90
55
88
68
38
93
6
16
58
61
39
56
17
33
77
63
87
63
4
16
94
55
76
60
97
1
0
75
31
72
71
75
52
6
43
14
84
14
51
1
88
53
66
5
56
32
52
40
24
86
54
54
88
61
87
54
24
40
85
17
90
22
86
77
79
94
45
0
39
89
82
41
87
91
73
4
62
3
98
10
46
28
38
66
70
13
7
15
26
76
98
73
79
15
47
47
93
73
13
26
70
95
60
70
2
82
66
34
6
65
62
74
31
36
88
47
48
79
38
72
57
66
68
27
64
16
61
16
84
18
29
29
53
9
38
43
74
15
1
93
67
1
84
92
81
10
33
80
68
30
8
3
81
45
18
14
35
20
55
5
53
34
27
93
6
44
93
85
91
46
31
69
47
86
95
85
80
1
82
45
66
44
58
31
42
23
90
7
83
31
51
80
23
64
61
40
51
99
28
19
63
7
97
78
34
18
13
74
17
28
29
10
22
83
83
53
73
7
59
82
34
15
68
68
34
82
75
37
8
94
16
24
21
8
96
53
49
38
85
27
32
96
20
29
43
69
94
26
82
23
91
34
48
71
53
5
0
59
57
69
73
72
12
42
61
21
95
88
28
15
24
1
77
67
82
5
64
51
59
79
70
46
1
59
87
60
88
76
45
19
7
1
35
94
44
25
71
26
55
60
73
9
75
5
55
44
96
38
56
45
36
40
47
98
7
85
30
92
51
79
76
99
86
15
29
63
66
62
80
24
57
43
78
49
99
95
93
63
71
99
86
64
4
15
62
80
17
98
21
32
57
61
2
6
70
82
82
94
95
81
96
77
33
67
38
60
99
90
63
62
82
36
60
31
47
75
77
29
94
27
70
95
32
38
67
37
2
65
40
53
87
95
53
42
43
89
69
93
81
40
71
31
33
73
75
85
47
97
1
13
33
46
2
92
53
46
66
45
48
94
10
69
60
27
98
59
47
44
57
4
83
89
71
12
52
46
58
98
22
62
52
2
58
77
96
86
33
58
69
97
14
51
2
63
45
58
42
6
75
81
99
28
50
57
88
25
38
71
47
53
48
79
59
29
82
90
93
81
17
14
69
25
32
39
10
89
66
67
99
28
98
88
20
42
18
60
48
69
7
48
6
39
25
15
37
7
48
15
89
67
77
38
23
21
96
11
16
84
30
58
30
46
31
45
59
77
4
41
8
19
54
4
68
9
91
67
19
40
71
57
38
9
82
3
76
20
60
42
94
66
72
84
25
61
36
50
14
10
60
77
62
85
66
16
67
93
23
33
88
18
58
0
33
23
85
56
20
7
20
30
47
19
4
35
67
26
0
56
47
92
52
83
44
44
3
46
9
77
43
15
63
77
19
73
24
7
29
4
61
50
30
39
51
19
17
9
17
28
45
16
12
41
49
63
71
12
2
51
11
3
46
15
84
19
66
70
62
34
94
30
35
24
99
33
90
16
47
4
24
71
3
19
14
23
68
45
81
61
90
21
57
22
87
82
12
38
10
93
77
84
41
64
76
25
91
94
42
79
19
76
87
18
51
1
50
37
6
45
23
0
55
91
48
95
48
61
54
69
82
68
56
98
80
69
67
71
25
50
60
79
0
44
74
46
29
2
32
92
61
76
97
13
30
27
74
8
17
42
91
11
4
69
74
57
84
49
85
3
91
6
76
13
8
92
69
82
7
73
89
74
42
39
10
80
63
15
50
16
70
94
60
91
83
62
85
48
59
11
5
2
79
75
75
4
31
72
17
89
92
19
36
22
73
83
63
2
62
37
35
99
77
56
22
84
14
71
94
44
41
41
52
91
85
43
82
40
80
42
96
47
22
1
11
78
72
93
85
18
63
65
25
7
2
86
44
59
2
54
98
56
75
52
76
20
48
97
9
10
38
5
3
50
43
84
18
6
9
72
42
6
75
15
29
35
20
95
3
87
74
44
83
91
74
86
16
80
58
36
90
8
1
65
40
54
14
81
0
58
96
1
61
59
21
60
89
82
61
80
52
65
55
32
77
69
26
42
8
11
20
38
52
15
7
65
63
96
26
29
3
79
39
30
99
5
8
19
52
40
58
54
82
3
82
93
70
99
21
17
56
64
74
1
70
61
85
78
58
10
53
74
47
5
34
81
64
77
67
66
63
45
93
46
27
45
87
63
87
26
41
70
34
21
32
90
36
85
3
87
21
87
71
53
27
74
1
8
6
98
61
88
90
10
83
27
13
3
24
74
49
76
28
74
6
13
45
87
79
63
14
47
31
77
52
69
71
25
67
81
98
54
67
17
21
1
88
21
77
95
91
12
15
82
22
16
66
25
41
38
29
73
27
81
63
53
23
13
86
78
71
28
75
98
62
79
16
8
7
22
81
87
83
65
62
49
70
57
75
18
86
91
23
13
80
6
42
19
30
30
35
25
41
36
52
12
43
86
97
53
65
97
3
61
20
22
57
25
71
72
68
20
49
67
87
16
41
66
27
10
51
1
15
42
6
12
8
2
5
45
72
71
56
99
67
65
2
76
50
30
53
91
81
65
70
23
11
95
40
30
62
11
23
78
96
67
65
8
15
4
80
27
60
7
54
48
16
57
94
30
92
43
92
58
19
23
15
40
96
95
22
99
86
53
89
11
52
58
54
85
63
3
82
72
95
43
37
51
47
52
40
53
45
8
83
3
90
87
10
53
27
59
4
33
92
89
44
79
4
89
98
78
82
91
31
91
47
9
73
69
36
24
91
95
37
61
83
69
11
33
76
84
82
90
98
94
24
39
1
33
90
55
7
39
15
99
3
41
66
80
27
45
74
32
5
45
9
26
33
28
35
24
59
65
11
38
23
39
25
97
58
87
47
29
56
98
82
41
38
51
79
6
18
95
64
78
96
49
64
40
36
97
40
32
49
62
10
15
4
77
81
91
5
87
3
50
55
86
89
17
12
80
32
24
32
40
13
98
37
21
76
14
59
49
30
49
38
51
66
87
38
63
53
4
48
24
13
31
29
46
46
61
24
34
46
45
99
27
51
91
0
72
50
57
4
60
90
86
9
46
1
99
77
57
62
2
70
69
69
32
79
93
58
0
20
7
85
82
79
58
72
58
75
85
38
70
29
97
46
53
37
73
28
86
50
24
31
95
1
2
72
59
99
55
85
0
23
64
82
62
31
86
57
72
73
42
91
84
85
90
69
82
21
89
68
68
76
31
58
8
37
13
30
78
88
33
99
27
12
92
8
82
78
97
62
74
4
69
29
97
67
56
18
6
72
95
54
53
88
16
73
29
33
18
86
19
97
4
9
57
89
14
25
26
49
11
14
80
83
3
27
30
59
74
29
52
90
14
77
65
7
75
27
16
30
55
0
65
51
42
70
