overall_acc,0.7956
loss,[10.86502130126953, 6.223839678802491, 4.193548136367798, 3.2566442178344728, 2.808240708770752, 2.591958841018677, 2.4862443203735354, 2.410632630767822, 2.379038402557373, 2.3594629095458983, 2.342817646713257, 2.3297025158691405, 2.317722579879761, 2.318766300048828, 2.310211796875, 2.3016181229400634, 2.303578716430664, 2.2954470626831056, 2.2937249002075197, 2.3010905838775635, 2.2984418421936037, 2.309955859069824, 2.307364411621094, 2.314057225341797, 2.313182989578247, 2.3239530908966066, 2.330322746887207, 2.331306404418945, 2.331727688446045, 2.3487295553588865, 2.3557238121032715, 2.3564026847839354, 2.352565426940918, 2.3787347149658205, 2.3805345700073244, 2.392848508605957, 2.3852101708221434, 2.394096683731079, 2.40307356048584, 2.4217838926696778, 2.4208379837799074, 2.43893308883667, 2.447618466339111, 2.45951216796875, 2.4626776098632814, 2.46996332321167, 2.4773744111633302, 2.4745070178222655, 2.4971839877319337, 2.498509732055664, 2.505546327972412, 2.5066337576293947, 2.5190278897094727, 2.525454641571045, 2.5384789489746096, 2.53432064201355, 2.52393181930542, 2.5422794146728513, 2.5462858494567873, 2.5427778704071047, 2.0319782484436035, 1.6397327694702148, 1.4207869744873047, 1.2673780332183837, 1.1634377355194092, 1.1047682732391357, 1.0790010153961183, 1.0764985239601135, 1.061739612388611, 1.0648347875976563, 1.0761398877716064, 1.0645975692367553, 1.0672171767807006, 1.0814374434661864, 1.071342989692688, 1.0775966873931884, 1.091245411720276, 1.1046517824172974, 1.1022108808135986, 1.1005543546676635, 1.0998004040145875, 1.111068145980835, 1.126344426651001, 1.1182178686523438, 1.1235604678344726, 1.120886132850647, 1.130523786392212, 1.140290420188904, 1.1361785543823242, 1.1281523748397828, 1.1392492296218872, 1.143414594078064, 1.1407518767547606, 1.141451436958313, 1.1363217255020142, 1.1453011238861084, 1.1571599736404419, 1.1561472428131103, 1.1478271333312988, 1.1661246152877807, 1.1689493857574462, 1.167612449798584, 1.1594788580322266, 1.1638234992980958, 1.1499908127593994, 1.1590928100967408, 1.1714307709884644, 1.1727755590820312, 1.1683075327301025, 1.1829130613327026, 1.1744880616378783, 1.1814270419311523, 1.1949937777328492, 1.1875559887695313, 1.1952774521636962, 1.1788158361816405, 1.1919171807098388, 1.17823174823761, 1.1915137830734253, 1.1964860878372192, 1.0679173263549804, 0.9758883293151855, 0.9386722687911987, 0.9065363229370117, 0.877730039138794, 0.8492572738838196, 0.8231013823890686, 0.7975289803695679, 0.7729233192825318, 0.7491577390098572, 0.7264085705184936, 0.7042682557678223, 0.6826696875190735, 0.6621449744033814, 0.6418047002601623, 0.622465344696045, 0.6033527602005004, 0.5853284068679809, 0.567576111869812, 0.5503827076911926, 0.5337117597579956, 0.5175674571037292, 0.5020224024391174, 0.48682922057151795, 0.47225340942382815, 0.45809154829978943, 0.4442812500095367, 0.4308585257434845, 0.4178783781051636, 0.40536592933654786, 0.3931115787029266, 0.3814091129875183, 0.36997073384284973, 0.35886887783050536, 0.34815536312103273, 0.33789459079742434, 0.32779997049331666, 0.3179495037078857, 0.30843080686569213, 0.2991808556365967, 0.2935842384338379, 0.2918218302536011, 0.2899357673454285, 0.2882660572242737, 0.2864261566734314, 0.28473393065452574, 0.28296109392166136, 0.2813051612186432, 0.27956177008628846, 0.2779055746936798, 0.2762331117153168, 0.2744817500114441, 0.2728160543727875, 0.27119405745506286, 0.269541760263443, 0.2678887838363647, 0.26631981194496157, 0.2647039250087738, 0.2631163296318054, 0.26155386430740357, 0.25996738919258117, 0.2583670557594299, 0.25681171949386594, 0.25523731317520143, 0.2536891060447693, 0.2521604936218262, 0.25062801614761354, 0.24916517195701599, 0.24767067967891693, 0.24617279756069183, 0.2446881844520569, 0.24324311326026918, 0.2417650036716461, 0.24028783371925355, 0.23885062776088714, 0.23744464183807373, 0.2359606390237808, 0.23457552782058716, 0.2331474130344391, 0.23173306080341338]
0,1.0
1,0.967741935483871
2,0.782608695652174
3,0.7931034482758621
4,0.7741935483870968
5,0.7916666666666666
6,0.8260869565217391
7,0.7692307692307693
8,1.0
9,1.0
10,0.45
11,0.47619047619047616
12,0.85
13,0.6086956521739131
14,0.7037037037037037
15,0.875
16,0.9615384615384616
17,0.9047619047619048
18,0.6470588235294118
19,0.84
20,0.8333333333333334
21,0.8421052631578947
22,0.8823529411764706
23,0.8076923076923077
24,0.782608695652174
25,0.5416666666666666
26,0.75
27,0.875
28,0.84
29,0.7241379310344828
30,0.7407407407407407
31,0.56
32,0.7272727272727273
33,0.6551724137931034
34,0.84
35,0.4090909090909091
36,0.9047619047619048
37,0.7894736842105263
38,0.8846153846153846
39,0.9565217391304348
40,0.7857142857142857
41,0.9545454545454546
42,0.8695652173913043
43,0.8260869565217391
44,0.6086956521739131
45,0.7105263157894737
46,0.5
47,0.7391304347826086
48,1.0
49,0.7647058823529411
50,0.7272727272727273
51,0.7142857142857143
52,0.8
53,0.896551724137931
54,0.9545454545454546
55,0.5714285714285714
56,0.8636363636363636
57,0.6428571428571429
58,0.9428571428571428
59,0.6666666666666666
60,0.8518518518518519
61,0.8275862068965517
62,0.8461538461538461
63,0.75
64,0.6842105263157895
65,0.6818181818181818
66,0.8461538461538461
67,0.7391304347826086
68,0.9047619047619048
69,0.8666666666666667
70,0.8666666666666667
71,0.7619047619047619
72,0.5454545454545454
73,0.65625
74,0.6060606060606061
75,1.0
76,0.9047619047619048
77,0.7941176470588235
78,0.8421052631578947
79,0.8571428571428571
80,0.7241379310344828
81,0.9523809523809523
82,0.918918918918919
83,0.8
84,0.8888888888888888
85,0.9666666666666667
86,0.8571428571428571
87,0.9
88,0.9523809523809523
89,0.8928571428571429
90,0.9166666666666666
91,0.8717948717948718
92,0.68
93,0.8095238095238095
94,0.9565217391304348
95,0.6896551724137931
96,0.5217391304347826
97,0.75
98,0.7692307692307693
99,0.8695652173913043
16
7
91
43
14
92
6
89
13
85
47
27
81
63
59
10
78
78
53
17
27
43
10
54
94
79
68
31
69
64
83
41
23
2
47
20
87
90
52
26
83
67
20
20
7
83
27
45
68
93
86
12
69
73
99
1
70
44
26
58
88
64
88
19
3
71
19
48
73
48
58
16
63
75
71
4
32
15
98
32
45
87
38
12
8
45
92
31
62
61
89
92
78
83
26
85
28
37
54
72
95
7
59
24
94
7
94
94
11
42
65
52
40
38
72
80
82
65
75
51
74
34
5
85
30
74
22
95
81
92
27
52
18
44
92
65
69
84
0
4
48
67
62
89
53
18
81
19
8
68
64
3
83
70
83
0
95
51
58
19
89
90
81
61
41
77
52
66
68
80
4
46
25
66
35
50
88
14
75
53
3
5
98
82
7
81
61
7
91
1
5
37
72
41
94
33
67
39
39
23
9
96
63
71
67
45
84
32
74
49
77
65
50
35
51
55
36
3
41
59
54
81
37
75
63
71
14
0
9
44
57
83
45
61
52
78
89
22
85
39
7
25
98
5
70
92
49
70
87
90
41
79
97
36
83
82
6
58
7
74
80
2
9
78
40
36
91
91
99
73
40
83
42
62
90
50
82
24
38
16
28
39
7
63
10
51
47
77
29
66
53
30
84
44
5
91
53
74
72
15
15
44
5
66
77
55
48
95
75
38
77
3
13
18
92
55
13
95
29
91
91
61
75
58
71
70
98
52
94
89
90
56
57
43
60
90
30
47
78
6
80
80
54
99
60
76
54
18
14
26
9
90
85
32
63
43
73
87
44
26
99
70
8
90
65
80
41
17
39
53
66
48
5
88
13
80
87
37
40
91
16
27
33
16
89
5
76
83
74
85
24
55
32
76
33
5
52
46
74
40
58
84
54
91
38
35
66
41
79
53
23
14
15
86
75
45
6
22
33
76
52
41
90
22
34
45
48
7
30
2
1
23
3
22
5
80
93
27
84
79
62
53
54
63
18
84
66
8
59
8
88
62
29
30
73
2
33
39
4
36
45
83
58
73
18
84
4
5
57
18
23
29
85
34
64
16
86
26
95
45
97
0
87
2
44
86
62
29
85
82
91
82
17
50
58
12
26
54
28
58
79
1
4
44
57
3
33
23
91
73
1
1
35
32
19
88
11
29
56
0
54
61
20
33
17
53
89
18
81
6
47
41
26
26
25
60
22
73
4
47
24
90
78
17
7
0
87
26
73
14
56
44
12
54
19
79
8
43
39
78
40
53
98
74
31
8
57
33
10
35
6
94
94
65
22
16
78
57
98
72
88
72
58
27
36
13
91
84
9
89
9
65
85
70
59
45
2
52
79
70
34
97
86
49
18
55
70
27
38
34
61
69
37
27
24
3
78
50
63
35
1
84
22
86
55
91
13
90
68
60
84
0
34
54
32
92
18
49
35
86
3
89
44
15
66
98
50
12
41
4
5
93
84
26
74
78
50
57
54
11
73
44
66
60
79
58
82
67
98
89
28
55
95
76
60
76
91
37
2
3
62
43
91
48
27
34
42
34
53
3
28
8
40
44
59
61
60
73
61
29
63
63
49
92
92
78
57
76
18
20
72
0
85
75
76
23
4
95
81
58
73
60
21
70
19
87
47
79
90
75
91
15
41
39
99
46
94
45
91
36
77
3
75
62
94
61
50
38
12
1
0
30
84
98
29
7
18
48
81
91
84
63
62
31
40
30
30
10
86
47
33
98
20
14
28
75
2
81
61
44
79
5
18
56
81
19
84
69
30
6
68
70
81
74
7
67
23
60
5
14
48
83
0
70
38
24
24
69
16
9
42
41
39
27
0
70
85
9
43
79
77
75
74
80
42
62
8
0
36
89
43
46
69
56
42
22
71
98
55
40
16
0
21
2
1
64
47
43
83
3
68
18
1
25
96
98
47
90
2
28
37
61
31
9
4
92
38
93
28
39
6
41
44
49
1
11
19
91
82
4
60
34
56
19
32
74
87
99
30
98
8
58
93
87
11
79
35
43
47
6
4
27
8
63
26
34
39
97
37
75
33
87
49
46
16
33
76
41
97
8
75
17
55
93
27
4
41
60
73
65
21
77
90
54
87
86
37
47
66
2
73
55
25
62
26
19
28
15
14
52
17
45
92
39
42
58
17
48
44
71
48
69
9
26
88
46
71
66
66
88
82
1
39
88
93
82
7
17
56
40
70
14
68
52
69
45
16
6
85
12
99
88
40
68
36
60
17
28
25
46
75
61
70
58
42
51
75
73
54
37
28
90
55
88
68
38
95
6
16
58
61
39
56
17
96
77
63
87
75
4
16
94
55
76
60
97
1
0
75
31
55
71
75
52
6
43
14
84
18
51
1
88
53
66
5
56
32
52
40
24
86
54
54
88
61
87
54
24
40
85
17
90
22
86
77
79
94
45
0
39
89
82
41
87
91
73
4
62
72
98
77
46
28
38
93
70
13
20
15
26
76
98
73
79
15
47
47
93
67
81
26
70
95
60
70
2
82
66
34
6
65
62
74
31
36
88
52
48
79
74
20
57
66
68
27
64
16
63
16
84
18
29
84
53
9
38
80
33
15
1
93
96
1
84
69
81
10
33
80
68
30
8
3
81
26
18
14
11
28
72
5
53
34
27
93
6
44
93
85
91
46
31
69
47
57
95
85
80
1
82
79
66
80
58
31
42
23
90
6
83
31
51
80
23
64
61
40
51
99
28
19
63
93
97
78
34
60
13
74
17
28
29
10
61
83
83
53
73
7
59
82
34
15
68
68
34
82
75
37
8
94
16
24
21
8
96
53
49
38
84
27
32
96
20
29
43
69
94
26
54
60
91
34
48
23
53
5
0
59
57
69
73
27
12
42
61
21
95
88
28
15
24
1
77
67
82
5
64
51
59
79
70
46
1
59
87
60
88
76
45
19
14
1
35
94
79
16
71
26
55
60
73
9
75
5
72
27
32
38
14
45
45
40
47
2
77
85
30
92
51
79
13
99
86
15
29
63
66
62
80
24
53
43
78
49
99
95
93
72
12
77
86
64
26
3
62
50
17
98
21
32
57
61
2
6
70
82
82
94
95
81
96
93
33
67
31
60
8
16
63
62
82
36
76
31
47
75
77
29
94
27
70
95
32
38
32
37
26
65
40
53
87
95
53
42
43
89
69
93
81
40
71
31
33
73
75
85
47
97
92
13
19
46
62
92
53
11
66
45
48
94
10
69
60
42
98
59
52
44
57
4
83
89
71
12
52
11
58
98
22
62
52
2
58
77
96
86
33
58
69
97
14
51
2
63
67
58
63
6
75
81
99
28
50
57
88
25
38
71
47
53
48
79
59
29
82
90
93
81
17
14
69
25
32
39
74
89
4
67
99
28
98
88
20
74
18
60
48
69
18
21
6
39
25
15
37
77
48
35
89
67
77
38
23
21
96
11
41
84
30
58
30
92
72
45
59
77
74
41
8
19
54
4
68
9
91
67
3
40
71
77
38
9
82
72
76
20
60
42
94
31
72
6
25
61
36
4
45
10
60
77
62
44
33
16
67
93
23
33
88
18
58
0
83
23
85
56
20
79
20
30
47
19
38
98
67
26
0
56
47
83
52
83
40
3
3
23
9
77
43
15
93
77
19
73
77
7
69
4
61
64
30
39
47
19
17
9
17
28
45
16
12
41
49
63
71
12
2
77
98
3
46
15
84
19
36
70
62
34
94
73
41
42
99
33
90
16
56
4
24
71
3
19
14
23
76
45
81
10
90
21
57
22
87
82
12
38
10
93
77
84
41
64
76
25
91
94
42
79
19
76
87
18
51
1
50
94
6
45
23
0
55
91
48
95
48
45
54
69
9
68
56
86
80
37
67
71
25
50
60
79
0
27
55
46
72
2
32
92
61
69
97
13
30
27
74
8
17
42
91
11
36
69
50
57
84
95
85
3
91
79
76
13
8
92
85
82
7
73
89
66
42
39
45
80
63
15
50
16
62
94
60
91
83
62
85
48
59
11
5
11
55
75
75
4
31
4
17
89
92
19
36
77
67
83
63
2
92
37
2
99
77
56
22
84
14
71
94
44
37
41
52
91
85
43
82
40
97
42
96
47
22
1
11
78
72
93
85
18
63
65
25
44
2
86
44
59
2
54
98
56
75
52
76
20
48
97
9
45
38
5
3
36
43
84
18
6
9
72
38
82
75
15
29
2
20
95
3
58
74
44
83
91
74
86
21
74
58
36
90
8
1
78
40
44
14
81
0
58
96
1
61
59
21
60
89
82
61
80
52
65
55
32
77
69
26
42
79
46
20
38
52
15
79
65
63
96
26
29
3
79
39
30
99
5
8
67
52
40
58
54
82
3
96
93
70
99
21
17
56
64
74
1
92
61
85
78
58
10
53
44
47
5
34
81
64
77
67
66
63
45
93
46
18
7
87
63
87
26
41
70
51
21
32
90
36
85
3
87
21
87
71
83
27
74
1
8
93
98
61
88
90
10
83
29
85
34
24
74
49
12
28
74
48
58
45
87
79
67
14
47
3
77
52
60
71
25
67
81
98
54
67
17
21
1
88
21
77
95
91
12
15
82
22
16
66
5
1
34
29
73
27
81
63
53
23
81
86
78
71
28
75
35
62
79
16
8
7
22
81
87
83
65
62
49
70
57
74
18
40
91
23
13
80
6
42
66
30
72
35
94
41
36
90
12
43
86
97
53
50
97
3
61
20
22
57
25
71
72
68
20
49
67
87
16
41
66
27
12
63
1
15
42
6
85
8
2
5
45
16
75
56
99
67
18
2
76
50
30
53
91
81
65
92
23
11
95
40
24
62
11
23
78
96
67
50
8
15
4
80
27
60
7
54
48
16
57
94
30
92
43
62
58
19
23
38
98
96
95
10
99
86
53
89
11
52
58
54
85
74
72
82
72
69
43
81
34
47
52
40
53
45
8
83
3
90
87
28
53
27
59
4
33
54
89
44
12
55
89
98
78
82
91
31
91
47
9
73
69
36
24
91
95
37
61
83
69
11
55
76
57
10
90
98
94
24
39
1
33
27
55
7
39
15
78
3
41
66
80
27
45
4
32
5
45
9
93
33
65
35
24
59
65
11
38
23
39
25
97
58
46
47
29
56
98
82
41
38
51
45
19
18
73
64
78
96
49
64
40
36
97
40
96
49
62
10
49
4
77
81
91
5
87
3
50
80
86
89
17
12
80
87
24
32
40
13
98
37
21
76
14
59
49
30
49
80
51
66
87
38
49
53
4
48
24
13
31
29
84
46
61
24
34
98
45
99
27
51
91
0
72
50
57
4
60
81
86
9
46
92
99
77
57
14
2
70
69
69
32
79
93
58
0
20
6
74
82
79
58
72
58
75
85
55
70
29
97
35
53
37
30
28
86
50
24
29
95
1
2
36
59
99
91
85
0
23
64
82
62
31
86
57
72
73
80
29
84
85
90
69
82
21
89
68
68
76
38
58
8
37
13
30
78
88
33
99
42
12
92
8
82
78
97
62
74
4
69
29
38
77
56
18
77
72
95
54
0
45
16
73
29
33
6
86
19
97
4
9
57
89
18
25
26
49
11
14
80
83
75
27
30
52
74
42
52
90
14
77
65
7
75
27
16
30
74
83
65
51
42
70
