overall_acc,0.7872
loss,[10.89250979248047, 6.24490864074707, 4.189765257568359, 3.2675025450134276, 2.8198671799468995, 2.603144470214844, 2.4859251852416993, 2.420175831451416, 2.3821861042022707, 2.358333893890381, 2.3402228327941894, 2.3389250009918214, 2.318490852584839, 2.3162471714019777, 2.3075573722839358, 2.3016967658233645, 2.306045951385498, 2.3006810757446288, 2.3016071676635743, 2.296662583694458, 2.2960574002075194, 2.29978412109375, 2.309233352890015, 2.3042025772857664, 2.3127948238372804, 2.3152093362426758, 2.315020379486084, 2.3261503569793702, 2.3269741438293456, 2.343258861083984, 2.336435495376587, 2.336482201538086, 2.356291376800537, 2.3720927665710447, 2.371293440170288, 2.3920033293914793, 2.3861212811279295, 2.397268585205078, 2.4046271267700194, 2.417484366912842, 2.416222568588257, 2.4283944423675536, 2.434049524459839, 2.4478544146728516, 2.4574692472839357, 2.4697666831970215, 2.4722394235992433, 2.485475588684082, 2.4872279315185546, 2.499464370727539, 2.5032931802368164, 2.5213305353546143, 2.513065502090454, 2.52021048034668, 2.5314041758728028, 2.5335819847106933, 2.522522397003174, 2.53790660736084, 2.5395785089874265, 2.555421580886841, 2.0096352697753908, 1.626491879425049, 1.408449571876526, 1.2542149936676026, 1.152771253013611, 1.0973622459030152, 1.0652224158859254, 1.0559920831298828, 1.0487865099334717, 1.0421977995300293, 1.0485995935440064, 1.0593508491516113, 1.0705557039642335, 1.0600589843559265, 1.0754490392684937, 1.0719226940155029, 1.087046911315918, 1.0838673257827758, 1.0851698207855225, 1.0838230152893067, 1.092762581424713, 1.0953593500328065, 1.1138166667175293, 1.1079604761886597, 1.114497971420288, 1.1186556673812866, 1.1167118658065796, 1.1178792979049683, 1.1242695915222167, 1.1365608165740966, 1.137143059463501, 1.1418777987289428, 1.141464923286438, 1.13349112575531, 1.133200135345459, 1.1446022106933593, 1.1416934925079345, 1.1444104929351806, 1.1419178062438964, 1.161799231452942, 1.1644909526062013, 1.1677231457901, 1.149038999633789, 1.1561275637817383, 1.1752802755355836, 1.163412385482788, 1.181642805557251, 1.1743456892395019, 1.1729261285018922, 1.1787372218322754, 1.169646282196045, 1.1773498188400269, 1.1768425807189942, 1.192026704597473, 1.1880914391326904, 1.1841393924331665, 1.183169938850403, 1.1827226364898682, 1.1884559512329103, 1.1753187015914917, 1.050182497177124, 0.9623381582832337, 0.9260848592185974, 0.8946534087181092, 0.8655271888542175, 0.8379762832641602, 0.8120103765678406, 0.7871831860923767, 0.7628566790008545, 0.7395369598007202, 0.7171378355789184, 0.694938542060852, 0.6735926198959351, 0.6532658861732483, 0.6331580220031738, 0.614094264125824, 0.5953378623580933, 0.5774434010505676, 0.5599333761215209, 0.5431584218215942, 0.5266787058448792, 0.5106257153892517, 0.495373508682251, 0.48041807823181154, 0.4659116033267975, 0.4516973068523407, 0.4382456541633606, 0.4252639217567444, 0.41230952890396116, 0.40000904353141786, 0.3879635782623291, 0.3763776353263855, 0.3650977775764465, 0.35444208083152773, 0.3437615271759033, 0.3332249758720398, 0.3231808034324646, 0.3135068248271942, 0.3042380612850189, 0.29513022466659544, 0.2895523858356476, 0.287775065536499, 0.28601928730010984, 0.28427685935974123, 0.282552411031723, 0.28079619927406313, 0.2791204022026062, 0.2773676826953888, 0.2757691372013092, 0.27406608627319334, 0.2724014018344879, 0.2707619100189209, 0.26911523021698, 0.2674590818119049, 0.2659073880767822, 0.2642029907608032, 0.26267881861686704, 0.2610741655540466, 0.25943356669425965, 0.257907163772583, 0.2563745907974243, 0.2548478442764282, 0.25327356850624083, 0.251753369512558, 0.25024139152526853, 0.24872421067237854, 0.2472631863117218, 0.24578186640262603, 0.24424945070266724, 0.24279264727592467, 0.24134716542720794, 0.23985285326957703, 0.23843268800735473, 0.23702303173542022, 0.23557729984283446, 0.2341470043992996, 0.23272914731025696, 0.23136039934635164, 0.22995442335128785, 0.2285656366157532]
0,1.0
1,1.0
2,0.8260869565217391
3,0.7241379310344828
4,0.7741935483870968
5,0.7916666666666666
6,0.8260869565217391
7,0.7692307692307693
8,1.0
9,0.8947368421052632
10,0.55
11,0.47619047619047616
12,0.85
13,0.6956521739130435
14,0.8148148148148148
15,0.875
16,0.8846153846153846
17,0.8571428571428571
18,0.6764705882352942
19,0.76
20,0.8888888888888888
21,0.8421052631578947
22,0.9411764705882353
23,0.8076923076923077
24,0.8695652173913043
25,0.5416666666666666
26,0.7916666666666666
27,0.6666666666666666
28,0.84
29,0.7931034482758621
30,0.8148148148148148
31,0.72
32,0.6363636363636364
33,0.6551724137931034
34,0.8
35,0.5
36,0.8571428571428571
37,0.7368421052631579
38,0.8461538461538461
39,1.0
40,0.6428571428571429
41,0.9090909090909091
42,0.8260869565217391
43,0.8260869565217391
44,0.6086956521739131
45,0.6578947368421053
46,0.4090909090909091
47,0.7391304347826086
48,1.0
49,0.8235294117647058
50,0.6818181818181818
51,0.8571428571428571
52,0.75
53,0.9310344827586207
54,0.9545454545454546
55,0.5714285714285714
56,0.9090909090909091
57,0.6785714285714286
58,0.9428571428571428
59,0.625
60,0.8518518518518519
61,0.7931034482758621
62,0.8461538461538461
63,0.6666666666666666
64,0.6842105263157895
65,0.8181818181818182
66,0.7692307692307693
67,0.6086956521739131
68,0.9523809523809523
69,0.8666666666666667
70,0.8
71,0.8571428571428571
72,0.45454545454545453
73,0.71875
74,0.5757575757575758
75,0.9285714285714286
76,0.8571428571428571
77,0.7058823529411765
78,0.7368421052631579
79,0.8571428571428571
80,0.6896551724137931
81,0.8571428571428571
82,0.918918918918919
83,0.8
84,0.8888888888888888
85,1.0
86,0.8571428571428571
87,0.8333333333333334
88,0.9523809523809523
89,0.9285714285714286
90,0.8333333333333334
91,0.8205128205128205
92,0.6
93,0.8571428571428571
94,0.9565217391304348
95,0.6206896551724138
96,0.6956521739130435
97,0.7916666666666666
98,0.6153846153846154
99,0.9130434782608695
16
7
91
43
14
92
6
89
13
85
96
27
81
63
59
10
78
33
53
17
27
43
10
54
25
79
68
31
69
64
83
41
49
65
59
20
87
90
47
26
83
51
20
20
7
83
27
45
68
93
86
12
60
45
99
1
70
91
26
58
88
43
88
19
3
71
19
48
91
48
58
16
63
75
71
4
1
15
98
32
14
87
38
12
8
45
92
31
62
61
89
92
78
83
26
85
28
37
54
30
95
7
59
24
94
7
94
94
11
42
65
52
40
38
55
80
82
65
75
51
74
34
5
85
30
74
22
95
81
92
44
52
51
44
62
65
69
84
0
43
48
67
62
89
53
44
81
19
8
68
3
3
53
62
39
0
95
51
58
72
89
90
81
61
41
77
52
66
68
80
43
46
25
66
35
50
88
14
75
53
3
5
35
82
7
81
61
7
91
1
5
37
72
41
94
33
67
8
39
23
28
31
63
71
67
37
10
46
74
49
77
65
50
11
51
27
36
3
41
96
54
81
37
75
55
71
14
57
9
44
57
83
45
22
52
42
89
61
85
39
7
89
98
36
70
70
49
70
87
77
41
31
97
36
83
82
51
11
7
74
80
2
9
91
40
36
91
73
99
73
24
83
42
62
90
50
82
24
65
16
28
39
7
63
10
51
96
51
29
66
53
30
84
27
5
91
53
74
72
15
15
44
5
66
77
55
48
73
75
66
77
3
13
18
92
55
13
73
29
1
91
99
75
58
71
54
46
52
94
89
90
56
57
34
60
29
30
59
78
74
80
80
54
99
60
76
54
18
14
26
9
90
85
32
63
43
30
87
44
26
99
70
8
90
65
80
48
17
39
53
66
48
5
88
89
63
87
37
40
91
16
4
33
16
89
5
69
83
74
85
24
72
32
76
18
5
52
46
95
40
58
84
6
91
38
46
66
41
79
0
23
14
72
86
75
45
6
22
33
76
52
37
90
22
34
33
48
7
30
35
1
23
3
22
5
80
93
29
86
41
62
53
54
63
18
84
48
8
96
8
88
62
29
30
73
2
33
39
4
22
45
83
58
73
18
84
4
5
57
18
23
29
85
42
97
16
86
99
95
45
97
0
66
2
44
86
54
27
85
82
91
82
17
27
58
12
26
54
28
58
79
1
4
99
57
3
96
23
91
73
1
1
98
1
19
88
11
29
56
0
54
61
20
13
17
53
89
18
81
6
96
41
26
26
25
60
22
93
74
47
24
90
78
17
7
0
87
26
73
14
56
18
12
54
38
79
8
43
39
51
40
53
98
4
31
8
57
33
32
35
6
94
87
65
22
16
48
57
2
97
88
72
58
27
36
13
91
84
9
85
9
65
85
70
52
90
2
59
79
70
34
97
86
49
18
55
70
41
38
34
61
69
37
64
24
4
78
51
33
2
1
84
22
86
4
91
13
90
68
60
84
0
34
70
32
92
14
49
35
86
3
89
44
15
66
35
65
12
41
31
5
93
84
26
74
93
50
57
54
11
67
44
66
60
26
58
82
67
98
89
28
55
95
76
60
76
91
37
2
74
62
43
91
48
63
34
42
34
53
3
28
8
44
44
33
61
60
73
61
29
40
43
49
92
92
6
57
25
18
20
55
0
85
75
46
23
55
95
81
58
73
60
21
62
19
87
47
79
90
75
27
15
41
39
99
46
94
45
91
36
77
3
75
92
94
61
50
38
12
1
0
30
84
98
29
7
18
48
81
91
84
63
62
31
40
55
30
22
86
96
18
15
20
14
28
75
11
81
61
73
79
5
18
56
81
15
84
69
30
6
68
70
81
74
7
80
55
60
5
14
48
83
0
70
38
77
24
69
16
9
42
41
39
27
0
70
85
9
43
79
77
75
74
65
42
62
8
0
36
89
51
98
69
56
42
22
71
98
72
86
86
0
21
2
1
64
47
43
92
65
68
18
1
13
96
46
47
90
2
28
37
61
31
77
4
92
38
93
28
39
18
41
44
49
1
11
19
91
82
4
60
34
56
19
32
74
16
99
30
98
8
58
93
87
98
7
35
43
52
6
4
27
8
63
26
34
39
97
37
75
33
87
17
46
16
33
76
41
97
8
75
17
55
93
18
4
41
60
95
31
21
77
90
54
87
86
37
47
19
2
73
55
25
62
26
19
28
15
14
47
17
45
92
39
42
58
49
48
44
71
48
69
9
26
94
46
23
66
66
88
82
1
39
88
93
82
18
17
56
40
70
1
68
52
69
45
16
6
85
12
99
88
40
68
36
60
85
87
25
46
75
61
70
58
88
51
75
73
54
37
28
90
55
88
68
38
73
6
16
58
61
39
56
17
33
77
72
87
63
4
16
94
90
76
60
97
1
0
75
31
72
71
75
52
6
43
14
84
14
44
1
88
53
66
5
56
32
59
40
24
86
54
54
88
61
87
54
24
40
85
17
90
22
86
77
79
94
45
0
39
89
82
41
87
91
73
4
62
72
98
10
46
28
38
9
70
13
29
15
24
76
98
67
79
15
47
47
93
73
81
26
70
95
60
70
2
82
66
34
6
65
62
74
31
36
88
52
48
79
50
72
83
66
68
64
64
16
61
16
84
18
29
84
53
9
38
43
74
15
1
45
96
1
84
69
13
10
33
80
68
30
8
3
81
45
18
20
35
28
93
5
53
34
27
93
6
44
93
85
91
11
31
69
47
57
95
85
80
1
82
45
66
77
58
31
42
23
90
18
83
31
51
80
23
64
61
16
51
99
28
19
63
26
97
78
34
90
13
74
17
28
29
10
61
83
83
53
73
7
59
82
34
15
68
68
34
82
75
37
8
94
16
24
21
8
96
53
49
38
85
27
32
96
20
29
43
69
94
26
82
60
91
34
48
71
53
5
0
59
83
69
73
27
12
42
61
21
65
88
28
15
24
1
77
67
82
5
64
51
52
79
70
11
1
59
87
60
88
76
45
15
14
1
35
94
79
25
49
26
55
60
73
9
75
5
74
14
32
38
14
45
80
87
47
98
7
85
30
83
51
79
13
99
86
15
29
27
66
62
80
24
57
43
78
49
99
95
93
55
71
74
86
64
46
23
62
77
17
2
21
32
57
61
2
6
1
82
82
94
95
81
96
93
49
67
38
60
50
64
63
62
82
36
12
31
47
75
77
29
94
63
70
95
32
40
32
37
2
65
40
53
87
95
53
42
43
89
69
93
81
84
71
31
33
73
75
85
47
97
1
13
19
46
62
92
53
46
64
45
48
94
10
69
60
42
35
59
52
44
57
4
83
89
71
68
52
46
58
98
22
62
52
2
58
77
96
86
33
58
69
97
14
51
2
4
79
58
42
6
75
81
99
28
50
57
88
25
38
71
47
53
48
79
59
29
82
90
93
81
17
14
69
25
32
39
1
89
4
67
99
28
98
88
20
42
18
60
48
69
18
16
6
39
3
15
37
78
48
15
89
67
77
38
23
21
96
11
84
84
30
58
73
46
31
83
59
77
74
41
16
19
54
4
68
9
91
67
19
40
71
77
38
9
82
3
76
20
60
42
94
66
72
6
25
22
36
4
14
10
60
77
62
85
66
16
67
93
23
33
88
18
58
0
57
23
85
56
20
7
20
30
96
19
55
98
18
26
0
56
47
83
52
10
40
3
3
23
9
77
43
15
72
77
19
73
24
7
29
4
61
50
30
39
14
25
51
94
17
28
45
16
12
83
49
63
71
12
35
77
98
68
46
15
84
19
64
70
62
34
94
30
35
5
99
33
90
16
56
4
24
71
3
15
14
23
68
1
81
61
90
21
57
22
87
82
12
38
10
93
14
84
41
64
76
25
91
94
42
79
19
76
87
18
51
1
50
17
6
45
23
0
55
91
89
95
48
45
54
69
14
68
56
98
80
81
67
71
25
50
60
79
0
44
55
11
72
2
32
83
61
69
97
13
30
27
74
8
17
42
91
46
36
69
50
57
84
76
85
21
91
79
76
13
8
92
69
82
7
73
89
74
42
39
45
80
32
15
50
16
70
94
60
91
83
62
85
48
33
11
5
35
55
75
75
24
31
72
17
89
70
19
36
22
73
83
63
2
92
37
2
99
77
56
22
84
14
71
94
44
67
41
52
91
85
43
82
40
97
42
96
47
22
1
11
78
72
93
85
12
63
65
25
44
2
22
44
59
2
54
98
56
75
47
76
20
48
97
9
41
38
5
3
50
42
84
18
6
9
72
38
82
75
15
29
2
20
95
3
58
74
14
83
91
74
86
86
74
58
36
90
8
1
65
40
1
14
37
0
58
96
1
61
59
21
60
89
82
61
80
52
65
55
32
77
69
26
42
79
11
20
38
52
15
79
65
63
96
26
29
3
79
39
30
99
5
8
38
52
76
58
54
82
3
96
93
70
99
21
17
56
64
74
1
92
61
85
78
58
10
53
44
47
5
34
81
64
77
67
66
63
44
30
46
19
7
87
63
87
26
41
70
51
21
32
90
36
85
3
87
21
87
60
83
27
74
1
8
93
98
61
88
90
10
83
27
85
34
24
74
49
12
28
42
78
58
45
87
79
63
14
47
3
77
52
49
71
25
73
81
2
54
93
17
21
1
88
21
77
95
91
12
15
82
22
16
66
25
1
29
29
73
27
81
63
53
23
81
86
42
71
28
75
35
62
79
16
8
7
22
81
5
10
65
62
49
70
57
7
44
40
91
23
13
80
6
42
97
30
50
35
94
41
36
52
12
43
86
97
53
50
64
3
61
20
22
57
25
71
55
68
20
49
67
87
16
41
66
27
87
54
1
15
42
6
85
8
2
5
45
93
71
56
99
67
24
2
76
50
30
53
91
81
65
92
23
11
72
40
30
62
11
23
78
96
67
50
8
15
4
80
27
60
7
54
48
16
57
94
30
54
43
62
58
19
23
38
40
96
95
10
99
86
53
89
11
52
58
54
85
74
55
82
72
32
43
81
34
47
47
40
53
45
8
83
3
90
9
28
53
27
59
4
33
92
89
44
44
55
89
98
78
82
91
31
91
47
9
73
69
36
45
91
95
37
61
83
69
11
3
76
98
61
12
98
94
24
39
1
33
37
55
7
39
15
99
3
41
66
80
27
45
3
32
5
45
9
93
33
42
35
24
56
65
11
38
23
39
25
97
58
87
47
29
56
98
82
41
38
51
45
19
18
95
64
78
96
49
64
40
36
97
40
45
49
62
10
56
4
77
81
91
5
87
3
50
80
86
89
17
12
80
21
24
32
40
13
98
37
21
76
14
59
49
30
33
80
51
66
87
38
21
53
4
48
24
13
31
29
84
46
61
24
34
46
45
99
27
51
91
0
72
50
57
4
60
90
86
81
46
1
99
77
57
14
2
70
69
69
91
79
18
58
0
20
6
55
82
79
58
72
58
3
85
77
92
29
97
46
53
37
73
28
86
50
24
96
95
1
2
36
59
99
91
85
0
60
64
82
62
31
86
57
72
73
38
29
84
85
90
69
82
21
89
68
68
76
31
58
8
81
13
30
78
88
47
99
42
12
92
8
82
78
97
70
50
4
12
29
97
74
56
18
80
72
95
54
0
88
16
73
29
33
14
86
19
97
4
9
53
89
18
5
26
49
11
14
50
83
75
27
73
52
74
29
99
90
14
77
65
7
75
27
16
30
97
83
65
51
42
70
