overall_acc,0.7952
loss,[10.895734725952149, 6.240922286071777, 4.195661219787597, 3.2671814698028565, 2.8219792138671873, 2.5953498277282714, 2.4907627838897706, 2.4208992556762694, 2.3934523707580566, 2.359922186050415, 2.3337829830932617, 2.329379038848877, 2.321280816192627, 2.309389801559448, 2.312809045715332, 2.3083038064575194, 2.301175272598267, 2.3095990142822265, 2.3046126658630373, 2.3065931922912597, 2.3032414511871337, 2.310957448730469, 2.3152042251586913, 2.3144633880615233, 2.310310015792847, 2.3146209397888184, 2.33053830619812, 2.3283224607086184, 2.335982110748291, 2.339056971740723, 2.346022952880859, 2.3494922303009034, 2.3522169566345217, 2.3674446967315674, 2.378277565460205, 2.381175092315674, 2.391816202850342, 2.3939675787353516, 2.40753641204834, 2.4128329483795166, 2.4276905069732666, 2.4338129180908203, 2.4341432465362547, 2.4419124406433106, 2.4608451055908205, 2.4748897008514406, 2.478290133666992, 2.4863905865478517, 2.485295168685913, 2.4949961039733886, 2.5018343675231933, 2.5102429793548584, 2.507628589553833, 2.5167687202453615, 2.5233567693328856, 2.5323791915893556, 2.528146258239746, 2.5326903762817383, 2.529980476913452, 2.554577114868164, 2.021538359680176, 1.631540237350464, 1.413511205291748, 1.2619692331695556, 1.1587747898101806, 1.1129826258468627, 1.0803109016418457, 1.0670401458358765, 1.062894891052246, 1.0463793063545228, 1.057264913673401, 1.0575427669715882, 1.069334535369873, 1.071758144340515, 1.0730899216079712, 1.0880764626312256, 1.0702333771705628, 1.0833020580291748, 1.1057411822128296, 1.1012710981750489, 1.10728286819458, 1.1114215676879884, 1.0960462188911437, 1.1193181213378907, 1.1060469312286376, 1.1257607511138916, 1.121713941078186, 1.1253753998184204, 1.1274195177459716, 1.1202706449127198, 1.125418090286255, 1.1304123489379883, 1.1395291650390624, 1.130468016204834, 1.150245774383545, 1.147271506252289, 1.1499924815368652, 1.1617890398406983, 1.1581657034301758, 1.1636790699768067, 1.1376177338790894, 1.1594813130187989, 1.1721071069335938, 1.1584250727081298, 1.1613222571182251, 1.1697007007598876, 1.1700759532546996, 1.1655309831619263, 1.1753155807495117, 1.175213925666809, 1.164279568824768, 1.1626119174957275, 1.1798076181030273, 1.1840123690795898, 1.189065941619873, 1.1919792625808716, 1.1760558724212646, 1.1822364614105225, 1.1932601320648193, 1.1921816969299317, 1.0556731003189086, 0.9695071003341674, 0.932599310722351, 0.9016148824310303, 0.8728938816070556, 0.8448449021720886, 0.8187618383598327, 0.7935542691612244, 0.768976571521759, 0.7456555809783936, 0.7229370206069946, 0.7005642291641235, 0.6794867058372498, 0.6586950849151612, 0.6383349306869507, 0.6191647191810608, 0.6005184028244018, 0.5821359383964538, 0.5645787182235718, 0.5474003049278259, 0.5307647346305847, 0.5148242080497741, 0.49917868757247924, 0.48413545011520387, 0.46946325559616087, 0.4553276683425903, 0.4417154819107056, 0.4286893179702759, 0.4157750439167023, 0.4031036315727234, 0.3911973815917969, 0.3793584111404419, 0.3678226878738403, 0.356931818780899, 0.34644229669570925, 0.33592563432693484, 0.3258727598762512, 0.31623613514900206, 0.30756644632339475, 0.2989568800163269, 0.29274001514434816, 0.290774271478653, 0.28894234936714175, 0.28701264801979065, 0.2853980762386322, 0.28363590797424315, 0.2818451393985748, 0.2801316391372681, 0.27837962515830994, 0.2766930134963989, 0.2749749769973755, 0.2733297863674164, 0.27171491032600403, 0.27001785367012027, 0.26838638983726504, 0.26681562722206115, 0.2651232521247864, 0.2635219520568848, 0.26194555017471316, 0.26035610931396486, 0.2587912284564972, 0.25722055307388303, 0.2556632547092438, 0.2541099890804291, 0.2525707360935211, 0.25112484127044676, 0.24956430067062377, 0.2479778013753891, 0.24654021676540375, 0.24502176082134247, 0.24362183443546295, 0.2421389765882492, 0.2406653496837616, 0.2392704024553299, 0.2377937231016159, 0.23634950288772583, 0.2348980833005905, 0.23350700139522554, 0.2321054215478897, 0.23068340898513795]
0,0.9565217391304348
1,0.967741935483871
2,0.9130434782608695
3,0.7241379310344828
4,0.7741935483870968
5,0.75
6,0.8260869565217391
7,0.8076923076923077
8,1.0
9,1.0
10,0.35
11,0.5714285714285714
12,0.8
13,0.6086956521739131
14,0.8518518518518519
15,0.7916666666666666
16,0.9230769230769231
17,0.9047619047619048
18,0.5588235294117647
19,0.76
20,0.8888888888888888
21,0.8947368421052632
22,0.8823529411764706
23,0.8846153846153846
24,0.8260869565217391
25,0.6666666666666666
26,0.8333333333333334
27,0.8333333333333334
28,0.84
29,0.6896551724137931
30,0.7777777777777778
31,0.8
32,0.7272727272727273
33,0.5862068965517241
34,0.88
35,0.36363636363636365
36,0.8095238095238095
37,0.7894736842105263
38,0.7307692307692307
39,0.9565217391304348
40,0.75
41,0.9090909090909091
42,0.7391304347826086
43,0.8695652173913043
44,0.5217391304347826
45,0.7894736842105263
46,0.5454545454545454
47,0.6956521739130435
48,1.0
49,0.7647058823529411
50,0.6818181818181818
51,0.7619047619047619
52,0.85
53,0.9310344827586207
54,0.9545454545454546
55,0.5714285714285714
56,0.8181818181818182
57,0.7142857142857143
58,0.9142857142857143
59,0.8333333333333334
60,0.8518518518518519
61,0.8620689655172413
62,0.8076923076923077
63,0.9166666666666666
64,0.6842105263157895
65,0.6818181818181818
66,0.7692307692307693
67,0.6956521739130435
68,0.9047619047619048
69,0.8666666666666667
70,0.9333333333333333
71,0.8571428571428571
72,0.5
73,0.71875
74,0.6060606060606061
75,0.9285714285714286
76,0.9047619047619048
77,0.7352941176470589
78,0.8421052631578947
79,0.7857142857142857
80,0.7931034482758621
81,0.9523809523809523
82,0.9459459459459459
83,0.8666666666666667
84,0.8888888888888888
85,0.9666666666666667
86,0.75
87,0.8666666666666667
88,0.9047619047619048
89,0.9285714285714286
90,0.8333333333333334
91,0.8974358974358975
92,0.76
93,0.7619047619047619
94,0.9565217391304348
95,0.6206896551724138
96,0.5217391304347826
97,0.75
98,0.5384615384615384
99,0.9130434782608695
16
7
91
43
14
92
6
89
13
85
47
27
81
63
59
10
78
81
53
17
27
43
10
54
94
79
68
31
69
64
83
41
23
45
47
20
87
90
52
26
83
67
20
20
7
83
27
45
68
93
86
12
60
45
99
1
62
44
26
58
88
15
88
19
3
71
19
48
44
48
58
16
63
75
71
4
32
15
98
32
14
87
38
12
8
45
92
31
62
61
89
92
78
83
45
85
28
37
54
30
95
7
59
24
94
7
94
94
11
42
65
52
40
38
42
80
82
46
75
51
74
34
25
85
30
74
22
95
81
92
27
52
6
44
62
65
69
84
0
4
48
67
62
89
53
67
37
19
8
68
64
3
83
70
83
0
95
51
58
27
89
90
81
61
41
77
52
66
68
80
43
46
25
27
35
50
88
7
75
53
3
5
98
82
7
87
61
7
91
1
5
17
72
41
94
59
67
79
39
23
28
31
63
71
67
45
10
46
74
49
77
65
50
55
51
27
36
3
41
47
54
81
37
75
74
71
14
92
9
78
57
83
45
22
52
63
89
22
85
39
7
25
98
69
70
70
49
70
87
89
41
33
97
36
83
82
96
64
7
74
80
2
9
91
40
36
91
91
99
73
24
83
42
92
90
50
82
24
65
16
5
39
7
63
10
51
96
51
29
66
53
55
84
44
5
91
53
74
72
15
15
78
84
63
77
55
48
73
63
64
77
3
13
18
92
55
13
91
29
91
91
61
75
58
71
70
98
52
94
89
90
59
57
43
60
13
30
59
78
6
80
80
54
83
60
76
54
18
14
26
9
81
85
32
63
43
73
87
44
54
99
70
8
90
65
80
41
17
39
53
66
48
5
88
13
27
98
37
69
91
16
27
81
16
89
5
76
83
74
85
24
72
32
76
45
5
52
46
21
40
58
84
6
91
38
46
66
25
79
0
23
14
80
86
75
45
6
22
33
76
52
81
90
22
34
45
66
7
30
11
1
23
97
22
5
80
93
27
39
79
92
53
54
31
18
84
99
8
59
8
88
62
29
73
73
2
33
39
4
61
45
83
58
73
18
84
4
5
2
18
23
29
85
34
64
16
22
93
95
45
97
0
59
45
44
86
54
44
85
82
91
82
17
65
58
12
26
54
28
58
79
1
88
99
0
3
33
23
91
73
1
1
11
67
19
88
11
29
56
0
54
61
7
9
17
53
89
18
81
6
59
41
26
26
25
60
22
73
4
87
24
90
78
17
7
0
87
26
73
14
56
27
12
54
21
79
8
43
39
61
40
53
98
4
31
8
57
33
67
35
50
94
87
65
22
16
42
57
2
38
88
72
58
27
36
13
91
84
9
58
9
65
85
70
52
7
2
59
79
70
34
97
99
49
18
55
70
90
38
34
61
69
37
55
24
3
78
51
33
35
1
84
22
86
55
91
13
90
68
60
84
0
34
70
32
92
14
96
35
28
3
89
7
50
66
35
50
12
41
31
34
93
84
26
74
78
50
57
54
35
67
44
66
60
26
58
82
67
98
89
28
55
95
76
60
76
91
37
2
64
62
43
91
48
63
34
42
34
53
3
28
8
40
44
33
61
60
73
61
29
63
3
49
92
92
45
72
68
18
20
55
0
85
75
76
23
66
95
81
58
73
60
21
70
19
87
47
79
90
75
73
15
41
39
99
33
94
45
91
36
77
72
75
62
94
61
64
38
12
1
0
30
84
98
29
7
18
48
81
91
84
63
62
31
40
55
30
61
86
96
96
65
20
14
28
75
2
81
22
73
79
5
33
56
81
33
84
69
30
6
68
70
81
74
7
80
23
60
5
14
48
83
0
70
38
4
24
69
16
9
42
41
39
27
0
70
85
9
43
79
77
75
74
80
42
86
8
0
36
89
4
46
69
56
42
22
71
35
72
40
16
0
21
2
1
64
47
43
83
75
68
18
1
25
96
98
47
90
2
28
37
61
33
9
4
92
38
93
28
39
18
41
44
49
1
11
19
91
82
4
60
34
56
19
32
74
87
99
95
98
8
58
93
87
11
24
22
43
52
6
4
27
8
63
26
34
39
97
96
75
33
87
49
46
16
33
76
41
97
8
75
17
80
93
44
4
41
60
30
31
21
77
90
54
87
86
37
47
19
2
73
55
25
62
26
65
28
15
14
59
69
45
92
39
42
13
49
48
44
71
48
69
9
26
16
46
23
66
66
84
82
1
39
88
93
82
7
76
56
40
70
1
49
52
69
45
16
62
85
12
99
88
40
68
36
60
17
94
20
46
75
61
70
58
34
51
75
73
70
37
28
90
55
88
68
38
73
6
16
58
61
39
56
17
33
77
63
87
63
4
16
94
55
76
60
97
1
0
75
31
97
71
75
52
6
43
14
84
14
88
1
88
53
66
5
56
32
59
40
24
86
54
54
88
61
87
54
7
84
85
17
90
22
86
77
79
94
45
0
39
89
82
41
87
91
73
4
62
72
98
78
46
28
38
93
70
13
7
15
26
76
98
73
79
15
47
47
93
73
81
26
70
95
60
70
11
82
66
34
6
65
62
74
31
36
88
47
48
79
50
15
57
66
68
64
64
16
61
16
84
7
29
63
53
9
77
43
74
15
1
59
67
1
84
69
81
10
33
80
68
30
8
3
81
45
18
20
35
20
63
5
53
34
27
93
6
44
93
85
91
46
31
69
47
57
95
85
80
1
82
2
66
57
58
31
42
23
90
14
83
21
51
80
23
64
61
40
51
99
28
19
63
26
97
78
34
18
13
74
17
28
29
10
61
83
83
53
73
7
59
82
34
15
68
68
34
82
75
37
8
94
76
24
21
8
96
53
67
31
85
72
32
96
20
29
43
69
94
26
34
23
91
34
48
71
53
25
0
59
57
69
73
27
12
64
61
21
95
88
28
15
24
1
77
67
82
5
64
51
52
79
70
46
1
59
87
60
88
76
45
19
7
1
35
94
4
16
71
26
55
60
73
9
75
5
74
27
32
65
56
45
80
87
47
2
7
85
30
92
51
79
25
99
86
15
29
63
66
62
80
24
57
43
78
49
99
95
93
63
71
59
86
64
4
3
62
65
17
35
21
32
57
61
2
6
70
82
82
94
95
81
96
77
49
67
31
60
26
74
63
62
82
36
60
31
47
75
77
29
94
27
70
95
32
38
67
37
2
65
40
53
87
95
53
42
43
89
69
93
81
40
71
31
56
91
75
85
47
97
1
13
33
46
83
92
53
46
66
45
48
94
10
69
60
42
98
59
52
79
57
4
83
89
71
58
52
46
58
46
22
62
52
2
58
77
96
86
33
58
69
97
14
51
2
63
7
58
97
6
75
81
99
28
50
57
88
25
38
71
47
53
48
79
59
29
82
90
26
81
17
14
69
25
32
39
14
89
4
67
99
28
98
88
20
50
18
60
48
69
1
86
6
39
2
15
37
77
48
15
89
73
77
38
23
21
96
11
25
84
30
13
30
98
31
83
59
77
74
41
8
19
54
4
68
9
91
67
19
40
71
57
38
9
82
3
76
20
71
42
94
66
72
6
25
61
36
4
14
10
60
77
62
85
38
16
27
93
23
33
88
18
58
51
83
23
85
56
20
79
20
30
47
19
4
35
44
26
0
56
47
14
52
83
51
3
3
23
9
77
43
15
74
77
19
73
77
24
29
4
61
50
30
39
33
51
97
9
17
28
45
28
81
57
49
63
23
12
11
77
98
34
19
15
84
19
1
70
62
34
94
30
41
69
99
33
90
16
56
4
24
71
3
19
14
23
68
1
81
61
90
21
57
22
87
82
12
38
10
93
77
84
41
64
76
25
91
94
42
79
19
76
87
18
51
1
50
94
6
45
23
0
55
91
89
95
48
45
54
69
93
68
56
86
80
69
67
71
25
50
60
79
0
44
55
46
80
2
32
92
72
76
97
13
30
27
74
8
17
42
91
11
4
69
50
57
84
39
85
3
91
44
76
13
8
92
85
82
7
73
89
15
42
39
45
80
4
15
50
16
62
94
60
91
83
62
85
48
33
11
5
2
67
75
75
4
31
72
17
89
92
19
36
22
67
83
63
2
92
37
2
99
77
56
22
84
14
71
94
44
12
41
52
91
85
43
82
40
80
42
96
47
22
1
45
78
31
93
85
18
63
65
25
7
2
86
44
59
2
54
35
56
75
52
76
20
48
97
9
45
38
84
3
50
43
84
18
6
9
72
65
6
75
15
29
11
20
95
3
58
74
14
83
91
74
86
16
74
58
36
90
8
1
18
40
26
14
90
0
58
96
1
61
59
21
60
89
82
61
80
52
65
55
32
77
69
26
42
79
11
20
38
52
15
79
65
63
52
26
29
3
79
39
30
99
5
8
38
52
40
58
54
82
3
82
93
70
99
21
17
56
64
74
1
70
61
85
78
58
10
53
74
47
5
34
81
64
77
30
66
63
45
93
46
45
74
87
63
87
26
41
70
34
21
32
90
36
85
65
87
21
87
71
83
27
63
1
8
6
98
61
88
90
10
83
27
58
34
24
74
49
12
28
4
78
58
45
87
79
63
14
47
31
77
59
60
71
25
67
81
98
54
67
17
21
1
88
21
77
95
91
12
15
82
22
16
66
25
41
29
29
73
27
81
63
53
23
81
86
78
71
28
75
35
62
79
16
8
7
22
81
87
44
65
62
49
70
57
63
33
40
91
23
13
80
6
42
66
30
67
35
94
41
36
59
12
43
86
97
53
50
97
95
61
20
22
57
25
71
72
68
20
49
67
87
16
41
66
27
12
63
1
15
42
6
85
8
2
5
45
93
71
56
99
67
78
2
76
50
30
53
91
81
65
92
23
11
95
40
24
62
11
23
78
96
67
50
8
15
4
80
27
60
7
54
48
16
57
94
30
92
43
62
58
19
23
38
40
47
95
22
99
86
53
89
11
52
58
54
85
63
72
82
72
32
43
37
34
47
52
40
53
45
8
83
3
26
16
28
53
27
59
4
33
54
89
44
12
55
89
98
78
82
91
31
91
47
9
73
69
36
78
91
95
37
61
83
69
35
15
76
64
22
90
98
94
24
39
1
33
96
55
79
39
15
99
3
41
66
80
27
45
4
32
5
45
9
44
33
79
40
24
59
65
11
38
23
39
25
97
58
87
47
72
56
98
82
41
38
51
45
19
18
73
64
78
96
49
64
40
36
97
40
45
49
62
10
37
4
18
81
91
5
87
3
50
80
86
89
17
12
80
64
24
27
40
13
98
59
21
76
14
59
49
30
33
80
51
66
87
38
76
53
4
48
24
13
31
29
84
46
61
24
34
46
45
99
27
51
91
0
72
50
57
4
60
81
86
9
46
92
99
77
57
14
2
70
69
69
32
79
44
58
0
20
7
85
82
79
58
72
58
3
85
19
70
44
97
98
53
37
73
28
86
50
24
31
95
1
2
36
59
99
55
85
0
23
64
82
62
31
86
57
72
73
63
91
84
85
90
69
82
21
89
68
68
76
31
58
8
37
13
30
78
88
47
99
27
12
92
8
82
78
97
92
50
4
69
29
97
80
56
18
77
72
95
54
53
45
16
73
29
33
6
86
19
97
4
9
57
89
44
25
26
49
11
14
80
83
3
27
30
52
74
43
59
90
14
77
4
7
75
27
16
30
74
83
14
51
42
70
