overall_acc,0.7904
loss,[10.943090432128907, 6.294152448120117, 4.227704507141113, 3.2827921545410157, 2.8250709257507323, 2.610805844039917, 2.501617463607788, 2.42701805809021, 2.38878700012207, 2.3668052868652345, 2.3508232348632814, 2.3329797972106934, 2.322044824066162, 2.324724595184326, 2.315144750595093, 2.3160370001220705, 2.306373399505615, 2.3062407191467287, 2.3000798533630373, 2.3062192289733887, 2.307578461151123, 2.313505425567627, 2.3060477746582033, 2.312680121765137, 2.3219723789978026, 2.3132147084808348, 2.3228302293395995, 2.322829703063965, 2.329941594924927, 2.341265590362549, 2.3576794721221925, 2.3550024362182618, 2.357214438934326, 2.371331139984131, 2.385514814147949, 2.392288130874634, 2.3857902392578123, 2.402520253982544, 2.4053906343078615, 2.417622377624512, 2.4289774545288085, 2.445783441925049, 2.4557422872924803, 2.4357683071899414, 2.4597214878845213, 2.4766453007507323, 2.4679143794250487, 2.4840909936523436, 2.486978560333252, 2.494586551132202, 2.496835075073242, 2.49871445022583, 2.4998564241027834, 2.518734738845825, 2.5241889308166505, 2.5248053880310057, 2.5348495510864257, 2.5337258601379395, 2.5455647991943358, 2.543094918670654, 1.99390232006073, 1.619322597732544, 1.4085795709991455, 1.257284526863098, 1.1574019610595703, 1.1036146265411377, 1.076863706665039, 1.069403690662384, 1.0518168453025818, 1.0582601349258423, 1.0698007522964477, 1.0663868381881714, 1.0744853173065185, 1.0710644709968566, 1.0787087796592711, 1.086902640800476, 1.0842649022293092, 1.0881411078262329, 1.0978611949539185, 1.094786425704956, 1.1100445861816406, 1.1023468198394775, 1.1008505110931397, 1.1120305992317199, 1.1269358777236937, 1.1285743092346192, 1.1210813328933715, 1.1292336157226563, 1.1277412460327148, 1.1254071165084838, 1.1465150640869142, 1.1386559394073485, 1.1480736751937866, 1.1415602538681031, 1.134351912841797, 1.1628570307159425, 1.1524184581375123, 1.1535406838226319, 1.1678645721817016, 1.1448906330108644, 1.1642544457626343, 1.1639328498458863, 1.159292834815979, 1.1776587010192872, 1.1665666609954835, 1.1742240698242188, 1.1629854734802245, 1.1781886699295043, 1.1679724397277833, 1.1828769990539552, 1.1692441431045533, 1.1774042016601562, 1.188295008468628, 1.1795572184753418, 1.1746497288513185, 1.1914815190124513, 1.1702011189270018, 1.1863183869934082, 1.187470024986267, 1.1913828002166749, 1.0543926551055909, 0.9682308798789978, 0.9318628165817261, 0.9002448543167114, 0.8709710611534118, 0.8436629830932617, 0.8169755659866333, 0.7918221277999878, 0.7674396575164795, 0.7435531123924255, 0.7213652306747437, 0.6994217814254761, 0.6780105171012878, 0.6570304097938537, 0.6373179651451111, 0.6182453973770141, 0.5989947730445861, 0.5809731495285034, 0.5636670660209656, 0.5463357557868957, 0.5298403093719483, 0.5139573635673523, 0.49832953698158267, 0.4834148575210571, 0.4689036570930481, 0.4550017227745056, 0.44112776067733767, 0.42773468085289, 0.41474167727470396, 0.40237569408416746, 0.39040864569664, 0.3792202046203613, 0.36747623077392577, 0.3561941008758545, 0.3459008130836487, 0.33553665521621706, 0.32562201736450197, 0.3161917126274109, 0.3067983855056763, 0.29737670725822446, 0.29183472455978393, 0.28992844168663023, 0.28809419748306275, 0.28631232491493225, 0.2845487089920044, 0.28281892760276794, 0.2811735409736633, 0.279409922914505, 0.277763220205307, 0.2759620922851562, 0.27431140248298647, 0.272647079000473, 0.27104571659088134, 0.2693527091598511, 0.267750410900116, 0.26609311133384705, 0.2645211161327362, 0.2628891918182373, 0.26129694424629213, 0.2597446904850006, 0.2581406138896942, 0.25665574793815615, 0.25506404079437256, 0.2534917031955719, 0.2519936649799347, 0.2504895048236847, 0.24897657700061798, 0.2474451960468292, 0.24595319057464599, 0.24451155746936798, 0.24302177370071412, 0.24155012229919434, 0.24007370381355286, 0.23861326320171355, 0.2372387189722061, 0.23577395984172822, 0.2343527591753006, 0.23296179195404051, 0.23157112322807313, 0.23017338270664214]
0,0.9565217391304348
1,0.9032258064516129
2,0.8260869565217391
3,0.7586206896551724
4,0.8064516129032258
5,0.75
6,0.8260869565217391
7,0.7307692307692307
8,1.0
9,0.9473684210526315
10,0.45
11,0.47619047619047616
12,0.8
13,0.6521739130434783
14,0.8148148148148148
15,0.9166666666666666
16,0.9230769230769231
17,0.9047619047619048
18,0.7058823529411765
19,0.76
20,0.8333333333333334
21,0.8421052631578947
22,1.0
23,0.8461538461538461
24,0.782608695652174
25,0.5833333333333334
26,0.8333333333333334
27,0.875
28,0.8
29,0.7241379310344828
30,0.7037037037037037
31,0.76
32,0.7727272727272727
33,0.5517241379310345
34,0.84
35,0.45454545454545453
36,0.8571428571428571
37,0.7368421052631579
38,0.8461538461538461
39,1.0
40,0.75
41,0.9090909090909091
42,0.6956521739130435
43,0.8260869565217391
44,0.4782608695652174
45,0.7105263157894737
46,0.5909090909090909
47,0.8260869565217391
48,1.0
49,0.7647058823529411
50,0.7272727272727273
51,0.7142857142857143
52,0.75
53,0.9310344827586207
54,0.9545454545454546
55,0.6190476190476191
56,0.7272727272727273
57,0.6785714285714286
58,0.9428571428571428
59,0.75
60,0.8518518518518519
61,0.7931034482758621
62,0.8846153846153846
63,0.7916666666666666
64,0.7368421052631579
65,0.5909090909090909
66,0.8461538461538461
67,0.7391304347826086
68,0.9047619047619048
69,0.9333333333333333
70,0.7666666666666667
71,0.8571428571428571
72,0.5454545454545454
73,0.6875
74,0.6363636363636364
75,0.9642857142857143
76,0.8571428571428571
77,0.5882352941176471
78,0.8421052631578947
79,0.8571428571428571
80,0.7241379310344828
81,0.9047619047619048
82,0.972972972972973
83,0.8333333333333334
84,0.9259259259259259
85,0.9
86,0.8214285714285714
87,0.8666666666666667
88,0.9523809523809523
89,0.8928571428571429
90,0.8333333333333334
91,0.8717948717948718
92,0.6
93,0.8571428571428571
94,0.9565217391304348
95,0.6206896551724138
96,0.4782608695652174
97,0.8333333333333334
98,0.6538461538461539
99,0.9130434782608695
16
7
91
43
14
92
6
89
13
85
47
27
81
63
59
10
78
18
53
17
27
43
10
54
25
79
68
31
69
64
83
41
23
11
47
20
87
90
52
26
83
67
20
20
7
83
27
45
68
93
86
12
69
45
99
1
62
44
26
58
88
97
88
19
34
71
19
48
91
48
58
16
63
75
55
4
32
15
98
32
14
87
29
12
8
45
92
31
62
61
89
92
78
83
26
85
28
37
54
97
95
7
59
24
94
7
94
94
11
42
65
52
40
38
55
80
82
46
75
93
74
42
25
85
30
74
22
95
81
92
27
52
6
44
62
65
69
84
0
43
48
67
62
89
53
18
81
19
8
68
3
3
83
70
39
0
86
51
13
19
89
90
81
61
41
66
52
66
68
80
4
11
5
27
35
36
88
14
75
53
3
5
46
82
7
87
61
7
91
1
5
17
72
41
94
33
67
8
39
23
28
31
63
71
67
45
84
11
74
33
77
65
50
98
51
15
36
3
41
47
54
87
37
75
74
71
14
83
9
44
57
83
45
22
52
74
89
22
85
39
7
25
98
65
70
54
49
70
87
77
41
25
97
36
83
82
96
11
7
74
80
2
9
78
40
36
91
91
99
73
69
83
42
62
90
50
82
24
38
16
5
39
7
63
10
51
96
51
29
66
53
30
84
44
5
91
53
74
72
15
15
78
5
66
87
15
48
73
63
64
77
3
13
18
92
55
13
73
29
87
91
61
75
58
71
70
46
52
94
89
90
59
57
3
60
41
30
59
78
6
80
80
54
83
60
76
57
18
14
26
9
90
85
32
63
43
73
87
44
26
99
70
8
90
65
80
41
17
39
53
66
48
20
88
75
67
98
37
41
91
16
27
33
16
89
5
69
83
74
85
24
44
32
76
27
84
52
46
72
40
58
84
54
91
63
98
66
9
79
53
23
14
15
86
75
45
6
22
96
76
52
81
49
22
34
45
48
79
30
2
1
23
3
22
5
80
93
27
39
79
62
53
54
63
33
84
22
8
96
8
88
62
29
73
73
2
33
39
4
22
45
83
58
73
18
84
4
5
26
18
23
29
85
88
64
16
86
99
95
45
97
0
87
46
44
86
54
29
85
82
91
82
17
27
58
12
26
54
28
58
79
1
45
44
57
80
56
23
91
73
1
1
98
10
19
88
11
29
56
0
54
61
20
13
17
53
89
18
81
6
47
41
26
26
25
60
22
73
74
47
24
90
78
17
7
0
87
26
73
14
56
44
12
54
80
79
8
43
39
51
40
53
98
4
31
8
57
33
7
35
6
94
13
10
22
16
64
57
2
38
88
72
58
27
36
13
91
84
9
5
9
65
85
70
59
93
2
59
79
70
34
97
16
49
18
55
70
19
38
34
61
69
37
27
24
3
78
72
96
35
1
84
22
86
4
91
13
90
68
60
84
0
34
70
32
92
14
49
35
87
3
89
44
15
66
35
74
12
41
31
34
93
84
26
74
72
50
57
54
11
73
44
66
60
26
58
82
67
98
89
28
55
95
76
60
76
91
37
2
4
62
43
91
48
27
34
33
34
53
3
28
8
40
44
47
61
60
73
61
26
63
66
49
92
92
6
57
87
18
20
4
0
85
65
18
23
42
95
81
58
73
60
21
62
19
87
47
79
90
75
27
15
41
39
99
46
94
45
91
36
77
73
75
62
94
61
50
38
12
1
0
30
84
98
29
7
18
48
87
91
84
63
62
31
40
30
30
43
86
47
96
72
20
14
28
75
35
81
10
44
79
5
33
56
81
15
84
69
30
6
68
70
81
74
7
80
55
60
5
14
48
18
0
70
38
4
24
69
16
9
42
41
39
27
0
70
85
9
43
79
77
75
74
80
42
45
8
0
36
89
43
46
69
56
39
22
71
35
72
40
16
0
21
2
1
64
47
43
83
75
68
18
1
25
96
98
47
90
2
77
37
61
31
9
4
92
38
93
28
39
18
41
18
49
70
11
19
91
82
4
60
34
56
19
32
74
16
99
49
98
8
58
93
87
11
7
35
43
52
6
4
27
8
63
26
34
39
97
37
75
33
87
49
46
16
33
76
41
97
8
75
17
55
93
44
4
41
60
30
65
21
77
90
54
87
86
37
47
66
2
73
55
25
62
26
65
28
15
14
59
69
45
92
39
42
58
49
48
44
71
48
69
9
65
94
11
71
66
66
88
82
1
39
88
93
82
7
17
56
40
70
1
68
52
69
45
16
62
85
12
99
88
40
68
36
60
17
13
25
46
75
61
92
58
88
51
75
73
54
37
28
90
55
88
40
38
73
7
16
58
61
39
56
17
33
77
63
87
75
4
16
94
55
76
60
97
1
0
75
31
97
71
75
52
6
43
14
84
14
88
1
88
53
66
5
56
32
52
40
24
86
54
54
88
61
87
54
24
40
85
37
90
22
86
77
79
94
45
0
39
89
82
41
87
91
73
4
62
55
2
10
46
28
38
72
70
13
29
15
26
76
98
73
79
15
47
47
93
73
81
26
92
95
60
70
2
82
66
34
6
65
62
16
31
36
88
47
48
79
50
55
57
66
68
4
64
16
61
16
86
18
29
26
53
9
38
74
74
15
1
42
91
1
84
69
81
28
33
80
68
30
8
3
81
45
18
14
35
28
55
5
53
34
27
93
6
44
93
85
26
35
31
69
47
86
95
85
80
1
82
45
66
77
58
31
42
23
90
6
83
31
51
80
23
64
61
40
51
99
28
19
63
83
97
78
34
27
13
50
17
28
29
10
61
83
83
53
73
7
59
82
34
15
68
68
34
82
75
37
8
94
16
24
21
8
96
53
49
38
13
27
32
96
20
29
43
69
94
26
82
23
91
34
48
71
53
5
0
59
57
69
73
27
12
74
61
21
72
88
28
15
24
1
77
67
82
5
64
51
59
79
70
46
1
59
87
60
88
76
45
15
7
1
35
94
79
55
71
26
72
60
73
9
75
5
27
27
32
38
56
45
80
40
47
98
18
85
30
92
51
79
89
99
86
15
29
63
66
62
80
24
57
43
78
49
99
95
93
63
71
78
86
64
4
23
62
50
17
98
21
32
57
61
11
6
70
82
82
94
95
81
96
93
49
67
31
60
26
64
63
62
82
36
76
31
47
75
4
29
94
27
84
95
32
38
32
37
2
65
40
53
87
95
53
42
43
89
69
93
81
84
71
31
33
73
75
85
47
97
92
13
34
46
62
92
53
46
66
45
48
94
10
69
60
42
35
59
52
44
57
4
83
89
71
58
52
46
58
98
22
62
52
2
58
77
96
86
33
58
69
97
14
51
2
4
45
58
42
6
63
81
99
28
50
57
88
25
38
71
47
53
48
79
59
29
82
90
93
81
17
14
69
25
32
39
10
89
4
67
99
28
98
88
20
42
18
60
48
69
18
16
6
39
87
15
37
83
48
15
89
67
79
38
23
21
96
11
87
84
30
58
30
92
31
45
59
77
4
41
8
19
54
4
68
20
91
67
1
40
71
57
38
9
82
3
76
20
60
42
94
66
72
14
25
61
36
4
14
51
60
77
62
85
6
16
67
93
23
33
88
18
58
51
83
23
85
96
20
7
20
30
52
19
55
98
67
26
0
56
47
83
52
83
40
3
3
23
9
77
43
15
72
77
19
73
24
7
29
4
61
50
30
39
14
19
51
9
17
28
45
16
12
70
46
63
60
12
11
77
98
3
46
15
84
19
66
70
62
34
94
73
11
5
99
33
90
16
56
4
24
71
3
19
14
23
68
45
81
10
90
21
57
22
87
82
12
38
10
93
14
84
41
64
76
25
91
94
42
79
19
76
87
18
51
1
50
94
6
45
23
0
55
91
48
95
48
45
54
69
82
68
56
39
80
37
67
71
25
50
60
79
0
44
55
46
80
2
32
92
61
69
97
13
30
27
74
8
17
42
91
35
4
69
50
57
84
76
85
3
91
79
76
81
8
83
69
82
79
73
89
64
42
39
45
80
4
15
50
16
62
94
60
75
83
62
85
48
59
11
5
2
55
75
75
4
31
72
17
89
92
19
36
22
67
83
63
2
62
37
35
99
77
59
22
84
14
71
94
44
12
41
52
91
85
43
82
40
97
42
96
47
22
1
11
78
72
93
85
18
63
65
25
67
2
86
44
59
2
54
2
56
75
47
76
20
48
97
9
41
38
84
3
36
43
84
18
6
9
72
38
6
75
15
29
35
20
95
3
58
74
14
83
91
74
86
10
74
58
36
90
8
1
50
30
54
14
81
0
58
96
1
61
59
21
60
89
82
61
80
52
65
55
32
77
69
26
42
79
11
20
38
47
15
7
65
63
52
26
29
78
79
39
30
99
5
8
67
52
40
58
54
82
3
82
93
70
99
21
17
56
64
74
1
92
61
85
78
58
10
53
74
47
5
34
81
64
77
67
66
63
45
93
46
27
45
87
63
87
26
41
70
22
21
32
90
36
85
65
87
21
87
71
53
27
74
1
8
93
98
61
88
90
10
83
55
85
34
24
74
49
12
28
74
78
58
45
87
79
32
14
47
31
77
59
60
71
25
67
81
35
54
67
17
21
1
88
21
77
95
91
12
15
82
22
16
66
25
44
29
29
73
27
81
63
53
23
81
86
78
71
28
75
46
62
79
16
8
7
22
81
87
83
65
62
49
70
57
75
18
40
91
23
13
55
6
42
66
30
30
11
94
41
36
52
12
43
86
97
53
50
97
3
61
20
22
57
25
71
55
68
20
49
67
87
16
41
66
52
87
51
92
15
42
6
85
8
2
5
45
93
71
56
99
67
78
2
76
50
30
53
91
81
65
92
23
46
72
40
80
62
11
23
78
96
67
50
8
15
4
80
27
60
7
54
48
16
57
94
30
92
43
62
58
19
23
38
40
33
95
16
99
86
53
89
11
52
58
54
85
74
64
82
72
69
43
37
34
47
47
69
53
45
8
83
3
90
40
28
53
27
59
4
33
92
89
44
60
55
89
98
78
82
91
31
91
47
9
73
69
36
24
91
95
37
61
83
69
11
64
76
43
10
90
98
94
24
39
1
33
90
55
79
39
15
99
3
41
66
80
27
45
4
32
5
67
9
44
33
65
11
24
56
65
46
38
23
39
25
97
58
25
47
72
56
98
82
41
38
51
45
88
18
95
64
78
96
49
64
40
36
97
40
45
49
62
10
33
4
18
81
91
5
87
3
74
80
86
89
17
12
80
55
24
27
40
13
98
81
21
76
14
59
49
30
33
80
51
66
87
38
63
53
4
48
24
13
31
29
84
46
61
24
34
98
45
99
27
51
91
0
72
50
57
4
60
90
86
9
46
92
99
77
57
62
2
70
69
69
32
79
93
58
0
20
7
48
82
79
58
95
58
75
41
55
70
29
97
46
53
37
73
28
86
50
24
96
95
1
2
36
59
99
55
85
0
71
64
82
62
31
86
57
72
73
43
45
84
44
90
69
82
21
89
68
68
76
31
58
8
81
13
30
78
88
47
99
3
12
92
8
82
78
97
62
74
4
69
29
97
77
56
18
77
3
95
54
0
45
16
73
10
33
6
86
19
97
4
9
57
89
14
5
26
49
11
14
80
83
3
27
73
52
74
42
52
90
14
77
4
7
75
27
16
30
50
83
14
51
42
70
