overall_acc,0.7956
loss,[10.785104356994628, 6.173029737548828, 4.1714398080444335, 3.2485786933135987, 2.8062738396453857, 2.59650912902832, 2.480193768005371, 2.4226668781280516, 2.3910246322631834, 2.3635295013427733, 2.355963285064697, 2.335710094909668, 2.3293770837402343, 2.3260508917236327, 2.315673229446411, 2.3184760721588136, 2.3162757669830323, 2.3219658317565917, 2.3172283249664307, 2.3160374029541018, 2.321932127609253, 2.31723371673584, 2.322001638031006, 2.328449120101929, 2.3310412316131592, 2.3343847482299807, 2.3346221238708496, 2.3434643962097166, 2.343177553100586, 2.344596092529297, 2.3558030113220214, 2.369794638824463, 2.372267516784668, 2.378734598236084, 2.3820130841064455, 2.391586269302368, 2.4036023666381836, 2.4137593864440916, 2.4214041802215576, 2.423706249771118, 2.4443843584442138, 2.440053090209961, 2.4691188555908203, 2.4545511351013185, 2.4854054792022704, 2.4705816400146485, 2.4860899755859376, 2.4864450677490235, 2.4856512395477295, 2.489329890289307, 2.5090578260803222, 2.5183612769317625, 2.5155379972839356, 2.534097621231079, 2.5330059756469727, 2.5488022275543214, 2.532750132141113, 2.5345105268859864, 2.536510084075928, 2.5505947467041015, 2.016944842033386, 1.6354372478866577, 1.4205405013275147, 1.2650987985229492, 1.1675705668258667, 1.1106596878814696, 1.0879978734588622, 1.073476270866394, 1.070783056640625, 1.0697461041641236, 1.0635741524124145, 1.0638881633377075, 1.092859156074524, 1.087247223777771, 1.0887171855163573, 1.0943149691009522, 1.0872535432434083, 1.0913004287719728, 1.1010796593093872, 1.1132905055999756, 1.1052789489746093, 1.120162081375122, 1.1189720389938353, 1.1224567192077637, 1.1377351737976074, 1.1309245719146728, 1.1400493742752076, 1.1197857051086426, 1.1221072595977784, 1.150494766845703, 1.1451351290130616, 1.1422259218215942, 1.1500629730987548, 1.1593101949310303, 1.1507875973510742, 1.1549139098358154, 1.1705517518997193, 1.1694176559448242, 1.167539059677124, 1.1591472330474855, 1.1583633921432495, 1.1622734461212159, 1.1677026521682738, 1.1794142631149291, 1.1919533486175538, 1.1849758742523193, 1.1697848146057128, 1.1855240859222411, 1.1654067459869384, 1.175329569129944, 1.1773628495025634, 1.1956637132263184, 1.1830518956375122, 1.1834001976013184, 1.1815435473251343, 1.1895011140441893, 1.2144582413864136, 1.18689512134552, 1.198117915878296, 1.1988076802825929, 1.0676414339065552, 0.978163438243866, 0.9403858127212524, 0.9086114213371277, 0.879381115989685, 0.8512929669952393, 0.8250809673881531, 0.7998389592742919, 0.7751223536491394, 0.7515450023651123, 0.7285254404640198, 0.7062431139755249, 0.6847609831619262, 0.6637612903785706, 0.6435234235954285, 0.6238366373634339, 0.6053242677688598, 0.5869479276657105, 0.5689102264022827, 0.5519352780914306, 0.5351552651977539, 0.5192803250694275, 0.5034285704231263, 0.48810516495704653, 0.47357560874938964, 0.45923099960327146, 0.44530300461769107, 0.4319291449069977, 0.41893092241287233, 0.4062877665901184, 0.394295181350708, 0.38257822628974913, 0.3709860577011108, 0.35995713806152346, 0.3491456320095062, 0.33874016376495364, 0.32895328768730164, 0.3187626120853424, 0.3099639005088806, 0.3010400230407715, 0.29493782446861266, 0.29309924669265747, 0.29111972204208375, 0.28927948662757874, 0.2875192222595215, 0.2857289602565765, 0.2841149434566498, 0.2822825653076172, 0.2805619141101837, 0.27889825521469114, 0.27718351758003235, 0.27551472598075866, 0.2738545027256012, 0.27215816641807555, 0.2705918546104431, 0.26894093044281003, 0.2672205519866943, 0.26563250745773315, 0.26403980176925657, 0.2624881381320953, 0.260879841709137, 0.2592832375717163, 0.25771526514053344, 0.2561779685878754, 0.2545745299816132, 0.25314239983558656, 0.25159458424568176, 0.2500442430305481, 0.24856178868293763, 0.24704591248989105, 0.24560750211715698, 0.2441013249874115, 0.24264620037078857, 0.24114719834804535, 0.2397234728860855, 0.23823769587516785, 0.23679001919746398, 0.23538657205581665, 0.2340101796102524, 0.23260155791282655]
0,0.9565217391304348
1,0.9032258064516129
2,0.8260869565217391
3,0.7586206896551724
4,0.7096774193548387
5,0.7916666666666666
6,0.9130434782608695
7,0.8076923076923077
8,1.0
9,1.0
10,0.35
11,0.5714285714285714
12,0.75
13,0.6086956521739131
14,0.7407407407407407
15,0.9166666666666666
16,0.9230769230769231
17,0.9047619047619048
18,0.6764705882352942
19,0.8
20,0.8888888888888888
21,0.8421052631578947
22,0.8823529411764706
23,0.8461538461538461
24,0.8695652173913043
25,0.7083333333333334
26,0.7916666666666666
27,0.8333333333333334
28,0.88
29,0.7241379310344828
30,0.7037037037037037
31,0.76
32,0.6363636363636364
33,0.5517241379310345
34,0.84
35,0.45454545454545453
36,0.9047619047619048
37,0.7368421052631579
38,0.8461538461538461
39,0.9565217391304348
40,0.7857142857142857
41,0.9090909090909091
42,0.8695652173913043
43,0.9130434782608695
44,0.6521739130434783
45,0.7368421052631579
46,0.45454545454545453
47,0.782608695652174
48,1.0
49,0.8823529411764706
50,0.7727272727272727
51,0.7619047619047619
52,0.9
53,0.896551724137931
54,0.9090909090909091
55,0.5714285714285714
56,0.8636363636363636
57,0.6785714285714286
58,0.8857142857142857
59,0.7083333333333334
60,0.8148148148148148
61,0.8275862068965517
62,0.8461538461538461
63,0.7083333333333334
64,0.6842105263157895
65,0.7272727272727273
66,0.8846153846153846
67,0.6086956521739131
68,0.9523809523809523
69,0.8333333333333334
70,0.9
71,0.8095238095238095
72,0.5
73,0.65625
74,0.6666666666666666
75,1.0
76,0.8571428571428571
77,0.7058823529411765
78,0.7894736842105263
79,0.8571428571428571
80,0.7241379310344828
81,0.8571428571428571
82,0.972972972972973
83,0.8
84,0.8148148148148148
85,1.0
86,0.75
87,0.8666666666666667
88,0.9523809523809523
89,0.8928571428571429
90,0.875
91,0.8974358974358975
92,0.68
93,0.8571428571428571
94,0.9565217391304348
95,0.5517241379310345
96,0.7391304347826086
97,0.75
98,0.6153846153846154
99,0.8695652173913043
16
7
91
43
14
92
6
89
13
85
47
27
81
63
59
10
61
7
53
15
27
43
10
54
25
79
68
31
69
64
83
41
23
46
96
20
87
90
52
26
83
51
20
20
7
83
27
45
68
93
22
12
60
73
99
18
62
44
26
58
88
64
88
19
3
23
19
48
91
48
58
16
63
75
55
4
93
15
98
32
14
87
38
12
8
45
92
31
62
61
89
92
78
83
45
85
28
37
54
37
95
7
59
24
94
7
94
94
11
42
65
52
40
38
55
80
82
46
75
51
80
34
5
85
30
74
22
95
81
92
27
52
18
44
92
65
69
84
0
43
48
99
62
89
53
67
37
19
8
68
73
3
83
70
83
0
40
51
58
74
89
90
81
61
41
77
52
66
68
80
4
46
25
66
35
50
88
14
75
53
3
5
98
82
7
86
61
7
91
36
5
17
72
41
94
33
67
39
39
23
6
31
63
71
67
45
84
9
74
49
77
65
50
11
51
27
36
3
41
47
54
81
37
75
74
71
14
0
9
44
57
83
45
61
52
42
89
22
85
39
7
25
98
5
70
70
49
70
87
89
41
27
97
36
83
82
14
46
7
74
80
2
9
78
40
36
91
91
99
73
79
83
42
62
90
50
82
24
38
16
40
39
7
63
10
51
96
51
29
66
53
30
84
44
5
91
53
74
3
15
15
44
25
66
16
55
48
67
6
64
77
3
13
18
92
72
13
72
29
91
91
61
75
13
71
70
98
52
94
89
90
56
57
43
60
41
30
96
78
6
80
80
54
83
60
69
54
18
14
26
9
90
85
32
63
43
56
87
44
26
99
70
8
90
65
80
41
17
39
53
66
48
5
88
46
64
87
49
40
91
16
27
81
16
89
5
76
83
74
85
24
93
32
76
45
84
52
46
55
40
58
84
6
91
63
98
66
7
79
0
23
14
15
86
75
45
6
22
33
76
52
81
90
22
34
45
66
7
30
2
1
23
3
22
5
80
93
27
39
79
62
53
92
3
18
84
26
8
96
8
88
62
18
73
73
2
33
39
4
61
45
83
58
73
18
84
4
5
57
18
23
29
85
34
11
16
86
26
95
45
97
0
46
32
44
86
92
29
85
82
91
82
17
74
58
12
26
54
28
58
79
1
45
99
53
3
56
93
91
0
1
1
35
22
19
88
11
29
56
0
54
61
20
10
17
53
89
18
13
6
47
41
26
26
25
60
22
67
55
47
24
79
78
17
7
0
87
26
73
14
56
26
12
54
80
79
8
43
39
51
40
53
98
4
31
8
57
33
18
11
66
94
87
65
22
16
63
57
98
38
88
72
58
27
36
13
91
84
9
5
9
65
85
70
59
7
2
59
79
70
34
97
22
49
14
55
70
27
38
34
61
69
37
96
24
3
78
72
96
35
1
84
22
86
55
91
13
90
68
60
84
0
34
14
32
92
18
96
35
86
3
89
44
15
66
35
50
12
41
31
84
93
84
26
74
72
50
57
54
35
73
44
66
60
79
58
82
67
98
89
28
55
95
76
60
76
91
37
2
4
62
43
91
48
27
34
42
34
53
21
28
8
40
44
47
61
60
73
61
26
66
63
49
92
92
89
55
94
18
20
21
0
85
75
19
23
66
95
81
58
73
60
21
62
19
87
47
79
90
75
73
15
41
39
99
46
94
45
91
36
77
73
75
62
94
61
50
38
12
1
0
30
84
98
29
7
18
48
89
91
84
63
62
31
40
55
30
43
86
96
96
98
25
14
28
75
11
81
22
73
79
5
88
56
81
29
84
69
30
6
68
70
5
74
7
80
55
60
5
14
48
83
0
70
38
4
24
69
16
9
42
41
39
27
0
70
85
9
43
79
77
75
74
80
42
10
8
0
36
89
43
46
69
47
42
22
71
35
63
40
86
0
21
2
1
64
47
43
92
42
68
18
1
25
96
46
47
90
2
28
37
61
31
14
4
92
38
93
28
39
18
41
44
49
1
11
19
91
82
4
60
34
56
19
32
74
16
99
30
98
8
58
93
87
11
24
35
43
52
6
4
27
8
63
26
34
39
97
96
75
33
87
49
46
16
33
76
41
80
8
75
17
55
93
44
4
41
60
30
19
21
77
90
54
87
86
37
47
75
2
73
55
25
62
26
19
28
15
14
52
69
45
92
39
42
58
49
48
44
71
48
69
9
26
22
11
71
66
66
88
82
1
39
88
93
82
7
17
56
40
70
77
68
52
69
45
16
6
85
12
99
88
40
68
36
60
17
87
25
46
75
61
70
58
34
51
75
73
70
37
28
90
55
88
68
38
73
7
16
58
61
39
56
17
33
77
63
87
75
4
16
94
55
76
60
97
1
0
75
31
55
71
75
52
6
43
14
84
14
51
1
88
53
66
5
56
61
52
40
24
86
54
54
88
61
87
54
24
40
85
17
90
22
86
77
79
94
45
0
39
89
82
41
87
91
73
4
62
72
98
10
46
28
38
72
70
13
20
15
24
76
98
75
79
15
47
47
93
67
81
26
70
95
60
70
11
82
66
34
6
65
62
74
31
36
42
52
48
79
38
7
57
66
68
4
64
16
63
16
95
18
29
63
53
9
38
43
74
15
1
67
72
1
84
83
81
28
33
80
68
30
8
3
81
45
18
20
35
28
72
5
53
34
27
93
6
44
93
85
34
35
31
69
47
86
95
85
80
1
82
45
66
18
58
31
42
23
90
18
83
31
51
80
23
64
61
5
51
99
28
19
63
26
97
78
34
71
13
74
17
28
29
10
61
83
83
53
73
7
59
82
34
15
68
68
34
82
75
37
8
94
16
24
21
8
96
53
49
38
85
27
32
96
20
29
43
69
94
26
82
23
91
34
48
23
53
5
0
59
57
69
73
27
12
42
61
21
72
88
28
15
24
1
77
67
82
5
64
51
52
79
70
11
1
59
87
60
88
76
45
15
7
1
35
94
79
16
71
26
55
60
73
9
75
5
27
27
32
38
56
79
50
40
96
2
7
85
30
92
51
79
89
99
86
15
29
63
66
62
80
24
57
43
78
49
99
95
93
63
71
51
86
64
4
3
62
50
17
35
21
32
57
61
2
6
1
82
82
94
95
81
96
77
49
67
31
60
18
74
63
62
82
36
68
31
47
75
77
29
94
27
70
72
32
38
32
37
2
65
40
53
87
95
53
42
43
89
69
93
81
40
71
31
33
73
75
85
47
97
1
13
42
46
62
92
53
98
66
45
48
94
10
69
60
42
98
59
52
44
57
4
83
89
71
68
52
32
58
35
22
62
52
2
58
77
96
86
33
58
69
97
14
51
2
63
45
58
97
6
75
81
99
28
50
57
88
25
38
71
47
53
48
79
59
29
82
90
93
81
17
14
69
25
32
39
62
89
4
67
99
28
98
88
20
42
18
60
48
69
18
86
6
39
38
15
37
83
48
15
89
73
77
38
23
21
96
11
16
84
23
58
30
46
31
45
59
77
50
41
8
19
54
4
68
9
91
67
19
40
71
57
38
9
82
3
76
20
60
42
94
66
72
6
25
61
36
4
14
26
60
77
62
85
66
16
27
93
23
33
88
18
58
51
83
23
85
56
20
7
20
95
96
19
55
35
65
26
0
56
47
83
59
83
40
64
3
23
9
77
43
15
72
77
19
73
24
7
29
4
61
50
30
39
45
19
17
9
17
28
45
28
12
48
49
63
60
12
11
77
98
68
46
15
84
19
66
70
62
34
94
30
11
32
99
33
90
16
56
4
24
71
3
19
54
23
68
1
81
61
90
21
57
22
87
82
58
38
10
93
77
84
41
64
76
25
91
94
42
79
19
76
87
18
51
1
50
94
6
45
23
0
74
91
48
95
48
45
54
69
82
68
56
2
80
69
67
71
25
50
60
79
0
44
55
11
80
2
32
92
10
76
97
13
30
27
74
8
17
42
91
98
36
69
50
57
84
76
85
3
91
79
76
13
8
92
69
82
79
73
89
74
42
39
45
80
4
15
50
16
62
94
71
91
83
62
85
48
33
11
5
2
18
75
75
26
31
72
17
89
92
19
36
22
67
83
63
2
92
37
11
99
77
56
22
84
14
71
94
44
12
41
96
91
85
43
82
40
97
42
96
47
22
1
11
78
72
93
85
44
63
65
25
44
2
22
44
59
2
54
98
56
75
47
76
20
48
97
9
10
38
5
3
36
43
40
18
6
9
72
38
6
75
15
29
35
20
95
3
87
74
18
83
91
74
86
95
74
58
36
90
8
49
65
40
1
14
37
0
58
96
1
61
59
21
60
89
82
61
80
52
65
55
32
77
69
26
42
79
46
20
38
52
15
7
65
63
52
26
29
3
79
39
30
99
5
8
67
52
40
58
54
82
3
82
93
70
99
21
17
56
64
74
1
92
61
85
78
58
10
53
74
47
5
34
81
64
77
67
66
63
98
30
46
44
45
87
63
87
26
41
70
89
21
32
90
36
85
3
87
21
87
71
83
27
74
1
8
93
98
61
88
90
10
83
74
85
34
24
74
49
76
28
74
26
58
45
87
79
67
14
47
31
77
52
17
71
25
67
81
2
54
67
17
21
1
88
21
77
95
91
12
15
82
22
16
66
25
1
29
31
73
27
81
63
53
23
81
86
78
71
28
75
98
6
79
16
8
7
22
81
87
83
65
62
49
70
57
7
6
40
91
23
13
80
6
42
66
30
55
35
94
41
36
59
12
43
86
97
53
50
97
3
61
20
22
57
25
71
72
68
20
49
67
87
16
41
66
27
87
70
1
15
42
6
85
8
39
5
45
93
71
56
99
67
78
2
76
50
30
53
91
81
65
70
23
11
72
40
80
62
11
23
78
96
67
50
8
15
4
80
27
60
7
54
48
16
57
94
30
92
43
62
58
19
23
38
55
96
95
16
99
86
53
48
11
52
58
54
85
74
72
82
72
69
43
81
34
47
52
40
53
45
8
83
3
90
16
28
53
27
59
4
33
92
89
44
12
55
89
98
78
82
91
31
91
47
9
73
69
36
24
91
95
37
61
83
69
11
3
76
18
82
90
98
94
24
39
1
33
90
55
79
39
15
25
3
41
66
80
27
45
4
32
5
45
9
93
33
65
35
24
56
65
11
38
23
39
25
97
58
46
96
29
56
98
82
41
38
51
45
88
18
73
64
78
96
49
64
40
36
97
40
45
49
62
10
49
4
79
81
91
5
87
3
50
80
86
89
17
12
80
21
6
32
40
13
98
37
21
76
14
59
49
30
33
38
51
66
87
38
3
53
4
48
24
13
31
29
84
46
61
24
34
46
45
99
27
51
91
0
72
50
57
4
60
81
86
9
46
92
99
77
57
62
2
70
69
69
32
79
93
58
0
20
7
74
82
79
58
72
58
75
85
55
70
44
97
35
53
37
30
28
86
50
24
96
95
1
2
36
59
99
91
85
0
23
64
82
62
31
86
57
72
73
42
91
84
85
90
69
82
21
89
68
68
76
31
58
8
37
13
95
78
8
47
99
42
12
92
8
82
78
97
62
74
4
90
29
97
67
56
18
6
72
95
54
0
45
16
73
29
33
6
86
19
97
4
9
92
89
18
5
26
49
11
14
65
83
3
27
30
52
74
29
52
90
14
77
4
7
75
27
16
30
55
83
14
51
42
70
