overall_acc,0.7932
loss,[10.839719557495117, 6.2123327793884275, 4.180077208633423, 3.2522866732788085, 2.81290746925354, 2.5926655767822266, 2.480548812255859, 2.4178312857055664, 2.38363211227417, 2.3552343688964843, 2.330132741317749, 2.324330195426941, 2.3178401811218263, 2.306929112472534, 2.303402003479004, 2.2999163669586182, 2.3017708448791505, 2.2963283638763428, 2.29897778427124, 2.2948537020874022, 2.300775873413086, 2.308997092819214, 2.3065854922485354, 2.315390797729492, 2.3099922956848142, 2.3101643809509276, 2.316448495254517, 2.317892692565918, 2.3222765741729736, 2.329069678726196, 2.348947788619995, 2.341223249053955, 2.353954698944092, 2.3614854053497316, 2.36753964515686, 2.371452064666748, 2.384456361999512, 2.391767793273926, 2.3975760278320313, 2.403571730041504, 2.4140562358093263, 2.4235718283081056, 2.4293122442626953, 2.4398696614837645, 2.434108544578552, 2.4511003510284426, 2.4568790425109865, 2.4679263554382325, 2.463739499359131, 2.4742016314697266, 2.4777868755340577, 2.4856657682800294, 2.4878642851257324, 2.503280355834961, 2.5087141242980957, 2.5262375681304934, 2.504409922027588, 2.516688955230713, 2.51736017539978, 2.524407420806885, 1.9961151034545899, 1.6152354155731201, 1.399105891494751, 1.251005551338196, 1.1489833557891846, 1.0901077494049072, 1.0637875420188905, 1.055513535079956, 1.0513648682785035, 1.0536406140327454, 1.0567311040115357, 1.0667521138000489, 1.0781895309829712, 1.0570109117126465, 1.0769528159332276, 1.0740432271194458, 1.0859206592178345, 1.078856212501526, 1.080762827014923, 1.0825676633262635, 1.0944804884910584, 1.096087214012146, 1.0996844007873534, 1.1170721030044555, 1.1126318873214722, 1.1162749956512452, 1.1092286295890808, 1.1315548657989503, 1.1115315579223632, 1.1203707794952393, 1.1303962841796875, 1.1261343897247313, 1.1270297966384888, 1.1401407886505126, 1.131596220741272, 1.1360634916687011, 1.142167347946167, 1.1274972414016724, 1.1466467753219605, 1.1385410871124269, 1.1526279027938844, 1.1550911724090576, 1.143104674873352, 1.1616497731781006, 1.1558385466384888, 1.1446574080276488, 1.1676364740753173, 1.1532784819793702, 1.1615452841186524, 1.1605907054901123, 1.177484299621582, 1.17399631980896, 1.1667493349838256, 1.1558253514099122, 1.1765694404220581, 1.1828014633178712, 1.182797737350464, 1.1810589139175416, 1.1757744975280762, 1.1802435767745971, 1.0443914207839966, 0.9573076581573486, 0.9218027747535705, 0.8906702930068969, 0.8620556014060974, 0.8353883804321289, 0.8090488556671143, 0.7837827810287475, 0.7596616288566589, 0.7365373253631592, 0.7139211241912842, 0.6923729313278199, 0.6719677167701721, 0.6511028283691406, 0.6308940440368652, 0.6118283123016357, 0.5935813818359374, 0.5755905474472046, 0.5579213547897339, 0.5414437397766113, 0.5248799158096313, 0.508965994682312, 0.4934575940322876, 0.4791618640518188, 0.46504961885452273, 0.45077585205078124, 0.43717970883369445, 0.42409922005653383, 0.4114705377197266, 0.39883743222236634, 0.38674538772583006, 0.3752146924686432, 0.36396702927589414, 0.3531832979869843, 0.34259500550270083, 0.3323505021095276, 0.3223492736244202, 0.3127845478153229, 0.30396706104278565, 0.2947121848297119, 0.28903833354949954, 0.2872881671905518, 0.28552701595306396, 0.28375471101760863, 0.28198060393333435, 0.2802741802024841, 0.27850184948921203, 0.27681597465515134, 0.27513882181167604, 0.27355732608795164, 0.2717805166053772, 0.2701991237258911, 0.26856996305465697, 0.2669033572387695, 0.2653082603549957, 0.2637059412956238, 0.26213919469833374, 0.2605509839916229, 0.25897776249885557, 0.25740655685424807, 0.2558295888519287, 0.2542733900642395, 0.252756281042099, 0.2512218885421753, 0.24974574838161467, 0.24822273615837098, 0.24668642054080964, 0.2452155314397812, 0.24375708728313447, 0.24231498652458192, 0.24080533146858216, 0.23935614774227143, 0.23789186634063722, 0.23653088468074798, 0.23500792992591857, 0.23371307995319365, 0.23228029155254365, 0.23085259527683258, 0.22949482803344726, 0.22806902119159697]
0,0.9565217391304348
1,0.967741935483871
2,0.782608695652174
3,0.7586206896551724
4,0.6774193548387096
5,0.75
6,0.8695652173913043
7,0.8846153846153846
8,1.0
9,1.0
10,0.4
11,0.42857142857142855
12,0.8
13,0.6521739130434783
14,0.8148148148148148
15,0.8333333333333334
16,0.9230769230769231
17,0.8095238095238095
18,0.6764705882352942
19,0.76
20,0.8888888888888888
21,0.8421052631578947
22,0.8823529411764706
23,0.7692307692307693
24,0.8260869565217391
25,0.5833333333333334
26,0.7916666666666666
27,0.9166666666666666
28,0.84
29,0.7241379310344828
30,0.8888888888888888
31,0.72
32,0.6818181818181818
33,0.6896551724137931
34,0.92
35,0.5454545454545454
36,0.7619047619047619
37,0.6842105263157895
38,0.7692307692307693
39,0.9130434782608695
40,0.7857142857142857
41,0.9090909090909091
42,0.8695652173913043
43,0.8695652173913043
44,0.5652173913043478
45,0.6842105263157895
46,0.4090909090909091
47,0.782608695652174
48,1.0
49,0.8823529411764706
50,0.7727272727272727
51,0.6666666666666666
52,0.8
53,0.9310344827586207
54,0.9545454545454546
55,0.5238095238095238
56,0.9090909090909091
57,0.6785714285714286
58,0.8571428571428571
59,0.8333333333333334
60,0.8518518518518519
61,0.8620689655172413
62,0.8846153846153846
63,0.75
64,0.6842105263157895
65,0.5909090909090909
66,0.8461538461538461
67,0.6086956521739131
68,0.9523809523809523
69,0.9
70,0.8
71,0.8571428571428571
72,0.5454545454545454
73,0.6875
74,0.6363636363636364
75,0.9285714285714286
76,0.9047619047619048
77,0.5882352941176471
78,0.8421052631578947
79,0.8571428571428571
80,0.7241379310344828
81,0.9523809523809523
82,0.9459459459459459
83,0.8
84,0.8148148148148148
85,1.0
86,0.8571428571428571
87,0.9
88,0.9523809523809523
89,0.9285714285714286
90,0.8333333333333334
91,0.8974358974358975
92,0.68
93,0.8571428571428571
94,0.9565217391304348
95,0.6206896551724138
96,0.6086956521739131
97,0.875
98,0.5384615384615384
99,0.8695652173913043
16
7
91
43
14
92
6
89
13
85
47
27
81
63
59
61
78
18
53
17
27
43
61
54
94
79
68
31
69
64
83
41
23
21
96
20
87
90
52
26
83
51
20
20
7
83
27
45
68
93
86
12
69
73
99
1
62
91
26
58
88
97
88
19
34
71
19
48
44
48
58
16
63
75
71
4
32
15
98
32
14
87
29
33
8
45
92
31
62
61
89
92
78
83
45
85
28
37
54
72
95
7
59
24
94
7
94
94
11
42
65
52
40
38
72
80
82
11
75
93
74
34
5
85
30
74
22
95
81
92
27
52
50
18
62
65
69
84
0
43
48
67
62
89
83
44
90
19
8
68
63
3
53
70
83
0
86
51
58
27
89
90
81
61
41
27
52
66
68
80
43
46
25
27
35
50
88
14
75
53
3
5
35
82
7
81
61
7
91
36
5
37
72
41
94
33
67
39
39
23
6
31
63
71
67
45
26
35
74
33
77
26
50
4
51
85
36
3
41
47
54
81
37
75
4
71
14
24
9
44
57
83
45
61
59
42
89
61
85
39
7
25
98
3
70
70
49
70
87
77
41
79
97
36
83
82
59
46
7
74
80
2
9
51
40
36
91
91
99
73
69
83
42
62
90
50
82
24
38
16
65
39
7
63
10
51
59
77
29
66
53
30
84
26
5
26
53
74
72
15
15
93
25
66
77
55
48
73
18
64
77
3
13
18
92
55
13
72
29
91
91
61
75
58
71
54
98
52
94
89
90
56
57
43
60
89
30
59
78
6
80
80
54
99
60
76
51
18
14
26
9
81
85
32
63
43
73
87
44
26
99
70
8
90
65
80
48
17
39
53
66
48
5
88
13
38
87
37
40
91
16
27
33
16
89
5
76
83
74
85
24
93
32
76
45
35
52
46
55
40
58
84
54
91
63
98
66
90
79
0
23
14
80
86
75
45
6
22
33
76
52
81
49
22
34
4
72
7
30
11
1
23
3
22
5
80
93
27
39
69
92
53
54
42
18
84
65
8
59
8
42
62
29
30
73
2
33
39
63
32
45
83
58
73
18
84
4
5
57
18
23
29
85
34
37
16
86
26
95
45
97
0
87
2
44
86
62
29
85
82
91
82
17
4
37
12
26
54
28
58
79
1
45
99
16
3
33
23
91
73
1
1
35
32
19
88
11
29
56
0
54
61
20
37
17
53
89
18
81
6
96
41
26
26
25
60
22
72
4
47
24
79
78
17
7
0
87
26
73
88
56
74
12
54
80
79
8
43
39
51
40
53
98
4
31
8
57
33
96
35
6
94
94
65
22
16
42
57
2
38
88
4
58
27
36
13
91
84
9
5
9
66
85
70
59
26
2
59
79
70
34
97
99
49
44
55
70
64
38
34
61
69
37
96
24
3
78
72
33
35
1
84
22
86
55
91
13
90
68
60
84
0
34
70
32
92
14
49
35
86
3
89
7
15
66
98
50
12
41
31
34
93
84
26
74
78
50
57
54
11
67
44
66
60
79
58
82
67
98
89
28
55
95
76
60
76
91
90
2
63
62
43
91
48
63
34
42
34
53
3
28
8
40
44
47
61
60
73
61
29
63
63
49
92
92
6
55
76
18
20
55
0
85
75
68
23
55
95
81
58
73
60
21
62
19
87
47
79
90
75
72
15
41
39
99
33
94
45
91
36
77
95
75
62
94
61
50
38
12
1
0
30
84
98
29
7
18
48
81
91
79
63
62
31
40
30
30
61
86
96
18
72
25
14
28
75
11
81
10
73
79
5
33
56
81
15
84
69
30
6
68
70
12
74
7
80
23
60
5
14
48
18
0
70
38
26
24
69
16
9
42
41
39
27
0
70
85
9
43
79
55
75
74
80
42
45
8
0
36
89
4
46
69
56
63
91
71
35
63
40
16
0
21
2
1
64
47
43
83
75
68
18
1
25
96
98
47
90
2
28
37
61
31
9
4
92
38
93
28
39
18
41
44
49
1
11
48
91
82
4
60
34
56
19
32
74
87
99
30
98
8
58
93
87
35
24
35
43
52
6
4
27
8
63
26
34
39
97
37
75
33
87
49
46
16
33
76
41
97
8
75
17
55
93
44
4
41
60
30
55
21
53
90
54
87
86
37
47
66
2
73
55
78
62
26
19
28
15
14
59
69
45
92
39
42
58
49
48
44
71
48
69
9
19
88
46
71
66
66
88
82
1
39
88
93
82
7
17
56
40
70
1
68
52
69
45
16
6
85
12
99
88
40
68
36
60
17
87
25
46
75
77
70
58
42
51
75
73
54
37
28
90
72
88
68
38
73
77
16
58
61
39
56
17
96
77
74
87
63
4
16
94
55
76
60
97
1
0
75
31
27
60
75
52
6
43
14
84
14
51
1
88
53
66
5
56
32
52
40
24
86
54
54
88
61
87
54
24
40
85
37
90
22
86
77
79
94
18
0
39
89
82
41
87
91
73
4
62
55
46
10
46
28
38
72
70
13
29
15
26
76
98
67
79
15
47
47
93
67
81
26
70
95
60
70
2
82
66
34
6
65
62
74
31
36
88
52
48
79
50
55
57
66
68
97
64
16
63
16
84
18
29
63
53
9
38
80
33
15
1
93
96
1
84
92
81
10
33
80
68
30
8
3
81
26
18
20
35
28
55
5
53
34
27
93
6
44
93
85
91
46
31
69
47
57
30
85
80
1
82
79
66
80
58
31
42
23
90
18
83
21
51
80
23
64
61
16
51
99
28
19
63
93
97
78
34
71
13
50
17
28
29
10
22
83
83
53
73
7
59
82
34
15
68
68
34
82
75
37
8
94
16
24
21
8
96
53
49
38
85
27
32
96
20
29
43
69
94
26
92
23
91
34
48
71
53
5
0
59
57
69
73
27
12
42
61
21
72
88
28
15
24
1
77
67
82
5
64
51
59
79
70
46
1
59
87
60
88
76
45
43
7
1
35
94
79
16
71
26
55
60
73
9
75
5
72
27
32
65
51
45
34
40
47
35
7
85
30
18
51
79
89
99
86
15
29
63
66
62
80
24
57
43
78
49
99
95
93
72
71
99
86
64
35
54
62
80
37
98
21
32
57
61
2
6
1
82
82
94
95
81
96
93
49
67
31
60
7
90
63
62
82
36
12
31
47
75
77
29
94
27
54
95
32
38
32
37
36
65
40
53
87
95
53
42
43
89
69
93
81
40
71
31
33
73
75
85
47
97
92
13
33
46
62
92
53
46
66
45
48
94
10
69
60
42
98
59
52
44
57
4
83
89
71
68
52
46
58
11
22
62
52
2
58
77
96
86
33
58
69
97
14
51
8
63
45
58
42
6
75
81
99
28
50
57
88
25
38
71
47
53
48
79
59
29
82
90
93
81
17
14
69
25
32
39
10
89
4
67
78
28
98
88
20
42
18
60
48
69
18
90
6
39
38
15
37
2
48
15
89
73
79
38
23
21
96
11
13
84
30
58
30
46
31
45
59
77
4
41
8
19
54
4
68
9
91
67
3
40
71
77
38
9
82
3
76
20
60
42
94
66
72
6
25
61
36
4
14
10
60
77
62
27
66
10
67
93
23
33
88
18
58
51
83
23
85
56
20
7
20
30
52
19
4
98
67
26
0
56
47
83
52
83
44
3
3
73
9
77
43
15
74
77
19
73
77
7
12
4
61
50
30
39
51
19
17
9
17
28
45
16
12
83
49
63
71
12
2
77
98
3
46
15
84
19
34
70
62
34
94
30
11
44
99
33
90
16
56
4
24
71
3
19
14
23
68
45
81
61
90
21
57
22
87
82
90
38
10
93
93
84
41
64
76
25
91
94
42
79
19
76
87
18
51
1
50
94
6
45
23
0
55
91
89
95
48
45
54
69
82
68
56
98
80
12
67
71
25
50
60
79
0
73
55
35
93
2
32
92
76
76
97
13
30
27
74
8
17
42
91
35
15
69
50
57
84
76
85
21
91
79
76
13
8
92
69
82
7
73
89
66
42
39
46
80
55
15
50
16
62
94
60
91
83
62
85
48
33
11
5
2
91
75
75
63
3
72
17
89
70
19
64
93
73
83
63
2
92
37
36
99
77
56
22
84
14
71
94
44
12
41
96
91
85
43
82
40
97
42
96
47
22
1
11
78
72
93
85
12
63
65
25
44
2
86
45
59
2
54
35
56
75
47
76
20
48
97
9
91
38
5
3
50
43
84
18
6
9
72
38
82
75
15
29
35
20
95
3
58
74
14
83
91
74
86
86
50
58
36
90
8
49
80
40
61
14
81
0
58
96
1
61
59
21
60
89
82
99
80
52
65
55
32
77
69
26
42
79
11
20
38
52
15
79
65
63
96
26
29
3
79
39
30
99
5
8
67
52
40
58
54
82
3
96
93
70
99
21
17
56
64
74
1
92
61
85
78
58
10
53
74
47
5
34
81
64
24
30
66
63
35
30
46
27
74
87
63
87
26
41
70
65
21
32
90
36
85
3
87
21
87
71
83
27
74
1
8
93
98
61
88
90
10
83
42
85
34
24
74
49
12
28
74
44
58
45
87
79
63
14
47
3
77
59
60
71
25
67
81
2
54
73
17
21
1
88
21
77
95
91
12
15
82
22
16
66
5
1
44
29
73
27
81
63
53
23
81
86
42
71
28
75
35
62
79
16
8
7
22
81
87
83
65
62
49
70
57
74
18
40
91
23
13
80
6
42
97
30
67
35
94
41
36
52
12
43
86
97
53
50
64
95
61
20
22
57
25
71
72
68
20
49
67
87
16
41
66
72
10
51
1
15
42
6
85
8
2
25
45
16
71
56
99
67
65
2
76
50
30
53
91
81
65
70
23
11
95
40
80
62
11
23
78
33
67
64
8
15
4
80
27
60
7
54
48
16
57
94
30
92
43
62
58
19
23
38
40
96
95
61
99
86
53
89
11
52
58
54
85
74
55
82
72
98
43
81
34
47
52
40
53
45
8
83
3
90
40
28
53
27
59
4
33
92
89
44
44
55
89
98
78
82
91
31
91
47
9
73
69
36
26
91
95
37
61
83
69
98
15
76
33
10
90
98
94
24
86
1
33
27
55
7
39
15
39
3
41
66
80
27
45
72
32
5
45
9
26
33
19
35
24
59
65
11
38
23
39
25
97
58
25
47
42
56
98
82
41
99
51
45
19
18
73
64
78
96
49
64
40
36
97
40
45
49
62
10
56
4
18
81
91
5
87
3
50
80
86
89
17
12
80
46
79
32
40
13
98
37
21
76
14
59
49
30
33
80
51
66
87
38
63
53
4
48
24
13
31
29
84
46
61
24
34
46
45
99
27
51
91
0
72
50
57
4
60
90
86
9
46
1
99
77
57
14
2
70
69
69
91
79
93
58
0
20
7
85
82
67
58
95
87
3
85
19
62
29
97
98
53
37
73
28
86
50
24
29
95
1
2
36
59
99
55
85
0
71
64
82
62
31
86
57
72
73
79
91
84
85
90
69
82
21
89
68
68
76
31
13
8
81
13
30
78
88
33
99
42
12
92
8
82
78
97
62
74
4
69
29
97
77
56
18
77
72
95
54
0
45
16
73
29
33
18
86
19
97
4
9
53
89
18
5
26
49
46
14
80
83
3
27
30
52
74
29
59
90
14
77
65
7
75
27
16
30
90
0
14
51
42
70
