overall_acc,0.8
loss,[10.791251790161132, 6.195816974639893, 4.191696666412353, 3.2536120390319825, 2.8233521578979492, 2.5971465805053713, 2.481452912902832, 2.4216517081451414, 2.385171158218384, 2.3577422482299806, 2.331633137207031, 2.330341159439087, 2.325362361564636, 2.3117568968200684, 2.3132033435058594, 2.309656817817688, 2.3033368593597414, 2.305937000389099, 2.3090091412353515, 2.3049222983932496, 2.3079708058166504, 2.2974796572875977, 2.306840513114929, 2.305834292869568, 2.320273768310547, 2.324223003997803, 2.320431019668579, 2.322726370925903, 2.3349013639068605, 2.33879650100708, 2.350157227096558, 2.3580386041641237, 2.362806899719238, 2.37823548828125, 2.3817617527771, 2.4001148852920533, 2.4147890896606445, 2.413982381210327, 2.4207880952453613, 2.429555465774536, 2.4459879063415526, 2.4547388386917115, 2.4521980641174315, 2.471045577392578, 2.468193505706787, 2.49062005027771, 2.4899162397766115, 2.514823697128296, 2.519244264526367, 2.509901458282471, 2.513374448623657, 2.532875931777954, 2.5457290744018555, 2.54685745552063, 2.530450353088379, 2.5536113845825197, 2.552158924407959, 2.5710741452789305, 2.551409581832886, 2.5664302642822268, 2.0226336803054807, 1.6431273590087891, 1.4207087659835815, 1.2648377303314209, 1.1624105570220948, 1.1039221964263917, 1.078102313938141, 1.0687896655273437, 1.0669917492675782, 1.0625031546401977, 1.073854677658081, 1.0739863117408752, 1.0825472365570068, 1.083097741909027, 1.09387188539505, 1.0871932459640503, 1.0888193183326722, 1.098110818748474, 1.1059891062164307, 1.1026797065353393, 1.1146168259429932, 1.1254871870422363, 1.1214884432411194, 1.1305248896026612, 1.1321451333618164, 1.1309536993026734, 1.1434124911880492, 1.1323605159759522, 1.137198225631714, 1.138109589920044, 1.1543763737869264, 1.1575150665664673, 1.1562639889907838, 1.152996289024353, 1.1660506110763549, 1.1619460482025146, 1.1628559676361083, 1.1590706929969787, 1.1626699716186524, 1.1661614182281494, 1.174322053565979, 1.1854502515411376, 1.1827998591613769, 1.1822075246429444, 1.1759681566619873, 1.1895122442054749, 1.1740960918807983, 1.1811083243560792, 1.1828693744277954, 1.1839278313827515, 1.1835740431594848, 1.1779810275268554, 1.1887919575881958, 1.187895489730835, 1.197231787185669, 1.197811513671875, 1.1850965563201905, 1.178936762084961, 1.1896926558685303, 1.1953472676086425, 1.0591020832443236, 0.9700304143714905, 0.933743076915741, 0.9013825337982178, 0.8725880818176269, 0.8448704540252685, 0.8191007891845703, 0.7937887336158752, 0.7692412320137024, 0.7457516231918335, 0.7231146213531494, 0.7008201935958862, 0.6794158011054993, 0.6588182447433472, 0.6388605956268311, 0.6192111024856567, 0.600613432712555, 0.5824996650505065, 0.564715597782135, 0.547489811630249, 0.5309377735328674, 0.5150922744369507, 0.49964918245315554, 0.48460228197097777, 0.4700279786491394, 0.45575584528923035, 0.4420434858608246, 0.42865308303833005, 0.4158361536598206, 0.40374415143013, 0.3914945693683624, 0.37944898018836976, 0.36818747124671936, 0.35714707639694215, 0.3464902106189728, 0.3360851729393005, 0.3268875399112701, 0.3168191187000275, 0.3072952036190033, 0.2981108651924133, 0.2925889530849457, 0.29050614392280577, 0.2888069567871094, 0.28699859537124633, 0.2852182627296448, 0.2835164075565338, 0.2817288772773743, 0.2800537780380249, 0.27828696208953857, 0.2766941894721985, 0.27492832896232605, 0.2732503174781799, 0.27162663519859315, 0.2699348824882507, 0.2683335922718048, 0.2667406091117859, 0.265045831861496, 0.26356116245269773, 0.26190130090713504, 0.26034204064369204, 0.2587140397071838, 0.25719823041915896, 0.2556210234737396, 0.25410469842910766, 0.2525499753665924, 0.2510643692493439, 0.24954913967609405, 0.24806047452926636, 0.24655661587238312, 0.24500880232334138, 0.2435930659866333, 0.2421113200235367, 0.24061050865650177, 0.23919507996559142, 0.23774872471809388, 0.2363429532957077, 0.23494778562068938, 0.2335065667963028, 0.2320721809196472, 0.23065257048130036]
0,0.9565217391304348
1,0.9032258064516129
2,0.8260869565217391
3,0.7241379310344828
4,0.8387096774193549
5,0.75
6,0.8260869565217391
7,0.8076923076923077
8,1.0
9,0.9473684210526315
10,0.4
11,0.5714285714285714
12,0.75
13,0.6521739130434783
14,0.7407407407407407
15,0.875
16,0.8846153846153846
17,0.9523809523809523
18,0.6176470588235294
19,0.84
20,0.8333333333333334
21,0.8421052631578947
22,0.8823529411764706
23,0.7692307692307693
24,0.8695652173913043
25,0.7083333333333334
26,0.7916666666666666
27,0.875
28,0.88
29,0.8275862068965517
30,0.8148148148148148
31,0.76
32,0.7272727272727273
33,0.6551724137931034
34,0.88
35,0.5909090909090909
36,0.7619047619047619
37,0.7894736842105263
38,0.7307692307692307
39,0.9565217391304348
40,0.6785714285714286
41,0.9545454545454546
42,0.7391304347826086
43,0.9130434782608695
44,0.4782608695652174
45,0.6842105263157895
46,0.6818181818181818
47,0.7391304347826086
48,1.0
49,0.8235294117647058
50,0.8181818181818182
51,0.7142857142857143
52,0.85
53,0.9310344827586207
54,0.9545454545454546
55,0.6666666666666666
56,0.8181818181818182
57,0.6785714285714286
58,0.8
59,0.7083333333333334
60,0.8148148148148148
61,0.8275862068965517
62,0.8461538461538461
63,0.7083333333333334
64,0.7368421052631579
65,0.7272727272727273
66,0.8461538461538461
67,0.6956521739130435
68,0.9523809523809523
69,0.9666666666666667
70,0.8333333333333334
71,0.8571428571428571
72,0.5
73,0.75
74,0.6060606060606061
75,1.0
76,0.9047619047619048
77,0.6764705882352942
78,0.7368421052631579
79,0.8571428571428571
80,0.7931034482758621
81,0.9047619047619048
82,1.0
83,0.8
84,0.8888888888888888
85,0.9333333333333333
86,0.8214285714285714
87,0.9
88,0.9523809523809523
89,0.9642857142857143
90,0.875
91,0.8974358974358975
92,0.72
93,0.8095238095238095
94,0.9565217391304348
95,0.6896551724137931
96,0.43478260869565216
97,0.75
98,0.6923076923076923
99,0.8695652173913043
16
7
91
43
14
92
6
89
13
85
47
27
81
63
59
10
78
45
53
17
27
43
10
54
25
79
68
31
69
64
83
41
23
48
47
20
87
90
52
26
83
67
20
20
7
83
27
45
68
93
86
12
69
73
99
1
62
44
26
58
88
34
88
19
3
23
19
48
19
48
58
16
63
55
71
4
32
49
98
32
14
87
38
12
8
45
92
31
62
61
89
62
78
83
45
85
28
37
54
30
95
7
59
24
94
7
94
94
11
42
65
47
40
97
55
80
82
46
75
93
24
34
5
89
30
74
22
95
81
92
27
52
51
44
92
65
69
84
0
43
48
67
62
89
53
44
37
19
8
68
3
3
83
70
83
0
95
51
58
42
89
90
81
61
41
66
52
66
68
80
43
46
5
66
35
50
88
19
75
53
3
5
35
82
7
87
61
7
91
1
5
17
72
41
94
33
67
12
39
23
27
31
63
71
67
45
84
46
74
33
77
65
50
46
51
72
36
3
41
59
54
87
37
75
55
71
14
92
9
44
57
83
45
61
52
42
89
22
85
39
7
25
98
3
70
70
49
70
87
90
41
65
97
36
83
82
38
55
7
74
80
2
9
78
40
54
91
91
99
73
79
83
42
70
90
50
82
24
65
16
40
39
7
63
10
51
96
65
29
66
53
30
84
27
5
91
53
74
72
15
15
78
25
66
89
55
48
95
72
64
77
3
13
18
92
55
13
51
29
91
91
61
75
58
71
70
98
52
94
89
90
56
57
43
60
90
30
47
78
6
80
80
54
99
60
76
57
18
14
26
9
81
85
32
63
43
73
87
44
26
99
92
8
90
65
80
41
17
39
53
66
48
5
88
98
67
98
37
50
91
16
27
33
16
89
5
76
83
74
85
24
3
32
76
27
25
52
46
72
40
58
84
54
91
38
98
66
7
79
0
23
14
15
86
75
45
6
22
33
76
52
41
49
22
34
45
48
7
30
11
1
23
3
22
5
80
93
27
39
79
92
53
54
63
18
84
26
8
59
8
88
92
29
30
73
2
33
39
4
61
45
83
58
73
18
84
4
5
45
18
23
29
85
34
97
16
86
31
95
45
97
0
69
93
44
86
54
29
85
82
91
82
17
4
37
12
26
54
28
58
79
1
45
44
83
3
33
23
91
73
1
1
35
1
19
88
11
29
56
0
54
61
20
13
17
53
89
18
81
6
47
41
26
26
25
60
22
93
4
47
24
79
26
17
7
0
87
26
73
14
56
46
12
54
21
79
8
43
39
51
40
53
98
4
31
8
57
33
82
35
6
94
87
10
22
16
64
57
2
55
88
72
58
27
36
13
91
84
9
85
9
65
85
70
59
90
70
59
79
70
34
97
99
49
18
55
70
90
38
34
61
69
37
33
24
3
78
72
3
98
1
84
22
86
4
91
13
90
68
60
84
0
34
54
32
92
14
52
35
86
3
89
44
15
66
35
50
12
41
31
34
93
84
26
74
93
50
57
54
2
67
44
66
60
26
58
82
67
98
89
28
55
95
76
60
76
91
37
2
4
62
43
91
48
63
34
42
34
53
3
28
8
78
44
96
61
60
73
61
29
18
4
49
92
92
6
57
94
18
20
55
0
85
75
44
23
66
95
81
58
73
60
21
83
19
87
47
79
90
75
73
15
41
39
99
33
94
45
91
36
77
65
75
62
94
61
50
38
12
1
0
30
84
98
29
7
18
48
89
91
84
4
62
31
40
55
30
43
86
96
18
65
20
14
28
75
11
81
22
73
79
5
88
56
81
15
84
69
30
6
68
92
81
74
7
80
55
60
5
14
48
18
0
70
38
4
24
69
16
9
42
41
39
27
0
70
85
9
43
79
77
75
74
80
42
86
8
0
36
89
43
46
69
56
42
10
71
98
72
40
16
0
21
2
1
64
47
43
92
55
68
18
1
25
96
46
47
90
2
28
37
61
31
9
4
92
38
93
28
39
18
41
7
49
54
11
19
91
82
4
60
34
56
19
32
74
87
99
49
98
8
58
93
87
11
24
35
43
52
6
4
27
8
63
26
34
39
97
37
75
33
87
60
46
16
33
76
41
97
8
75
17
80
93
27
4
41
60
30
31
21
53
90
54
87
86
37
47
66
2
73
55
25
62
26
19
28
15
14
59
69
45
92
39
42
13
49
48
44
71
48
69
9
26
22
46
71
66
66
88
82
1
39
88
93
82
18
17
56
29
70
1
68
52
69
45
16
62
85
12
99
88
40
68
36
60
17
94
25
46
75
61
70
58
88
51
75
73
70
37
28
90
55
88
68
38
93
6
16
58
16
39
56
17
33
77
63
87
75
4
16
94
55
76
60
97
1
0
75
31
27
71
75
52
6
43
14
84
14
44
1
88
53
66
5
56
32
52
40
24
86
54
54
88
61
87
54
24
40
85
17
90
22
86
77
79
94
45
0
39
89
82
41
87
91
73
4
62
15
98
51
46
28
38
50
70
13
7
15
24
76
98
51
79
15
47
47
93
73
81
26
70
95
60
70
11
82
66
34
6
65
62
74
31
36
88
52
48
79
50
15
57
66
68
96
64
16
10
16
84
18
29
84
57
9
38
80
74
15
1
93
63
1
84
69
81
10
33
80
68
30
8
3
81
45
18
7
35
28
72
5
53
34
27
93
6
44
93
85
14
46
31
69
47
57
95
85
80
1
82
45
66
44
58
31
42
23
90
79
83
31
51
80
23
64
61
84
51
99
28
19
63
26
97
78
34
71
13
50
17
28
29
10
61
83
83
53
73
7
59
82
34
15
68
68
34
82
75
37
8
94
16
24
21
8
52
53
49
31
85
27
32
96
20
29
43
69
94
26
82
60
91
34
48
71
53
24
0
59
84
69
73
27
12
80
61
21
65
88
28
15
24
1
77
67
82
5
64
51
52
79
70
46
1
59
87
60
39
76
45
19
6
1
35
94
80
25
71
26
12
60
73
9
75
5
27
27
32
38
14
55
80
87
52
35
18
85
30
83
51
79
89
99
86
15
29
63
66
62
80
24
57
43
78
49
99
95
93
55
71
78
86
64
46
19
62
50
17
98
21
32
57
61
35
6
16
82
82
94
95
81
13
1
49
67
43
60
44
74
63
62
82
36
12
31
47
75
77
29
94
27
70
95
32
38
67
37
2
65
40
53
87
95
53
42
43
89
69
93
81
40
71
31
33
73
75
85
47
97
92
13
33
46
62
92
53
46
66
45
48
94
10
69
60
43
98
59
52
44
57
4
83
89
71
68
52
46
58
46
22
62
52
2
58
77
96
86
33
58
69
97
14
51
2
4
10
58
97
6
66
81
99
28
50
57
88
25
38
71
47
53
48
79
59
29
82
90
18
81
17
14
69
25
32
39
62
89
4
67
99
28
98
88
20
4
18
60
48
69
18
21
6
39
25
15
37
78
48
31
89
73
79
38
23
21
96
11
16
84
30
13
30
98
31
83
59
77
79
41
8
19
54
4
68
57
91
67
19
40
71
51
38
9
82
3
76
20
71
42
94
66
72
6
25
61
36
4
14
10
60
77
62
85
80
86
27
93
23
33
88
18
58
51
83
23
41
56
20
18
20
30
47
19
55
98
18
26
0
56
47
83
59
83
51
3
3
95
9
77
43
15
74
77
19
73
24
7
29
4
61
50
30
39
45
19
17
9
17
28
45
28
81
41
49
63
60
12
2
77
35
34
46
15
84
19
34
70
62
34
94
30
41
4
99
33
90
16
56
4
24
71
3
19
14
23
68
1
81
61
90
21
57
22
87
82
12
38
10
93
77
84
41
64
76
25
91
94
42
79
19
76
87
18
51
1
50
37
6
45
23
0
55
91
89
95
48
91
54
69
82
68
56
19
80
96
67
71
25
50
60
79
0
14
55
46
80
2
32
92
61
69
97
13
30
27
74
8
17
42
91
35
4
69
50
57
84
71
85
3
91
79
76
13
8
92
69
82
7
73
89
74
42
39
45
80
32
15
50
16
62
94
60
91
83
62
85
48
59
11
5
2
55
75
75
4
31
72
17
89
92
19
36
77
67
83
63
2
92
37
98
99
77
45
22
84
14
71
94
44
12
41
52
91
85
43
82
40
97
42
96
47
22
1
11
78
72
93
85
12
63
65
25
7
2
86
44
59
2
54
35
56
75
52
76
20
48
97
9
41
38
5
3
50
43
84
18
6
9
72
38
6
75
15
29
35
25
95
3
90
74
44
83
91
74
86
28
74
58
36
90
8
49
65
40
1
14
37
0
58
96
1
61
59
21
60
89
82
61
80
52
65
55
32
77
69
26
42
79
46
20
38
47
15
7
65
63
96
26
29
3
79
39
30
99
5
8
67
52
69
58
54
82
3
82
93
70
99
21
17
56
64
74
1
92
61
85
78
58
10
53
26
47
5
34
81
64
77
30
66
63
45
93
46
18
45
87
63
87
26
41
70
51
21
32
90
36
85
3
87
21
87
71
53
27
74
1
8
93
98
61
88
90
10
83
91
85
34
24
74
49
76
28
74
78
90
45
87
79
67
14
47
31
77
52
60
71
25
67
81
2
54
67
17
21
1
88
3
77
95
91
12
15
82
22
16
66
25
41
29
29
73
27
81
63
53
23
81
86
99
71
28
75
35
26
79
16
8
7
22
81
87
83
65
62
49
70
57
63
33
40
91
23
13
80
6
42
21
30
55
35
94
41
36
52
12
43
86
97
53
50
97
95
61
20
22
57
25
71
72
68
20
49
67
87
16
41
66
27
25
51
92
15
42
6
85
8
2
5
45
93
71
56
99
67
65
2
76
50
30
53
91
81
65
92
23
46
95
40
71
62
11
23
78
96
67
50
8
15
4
80
27
60
7
54
48
16
57
94
30
92
43
62
58
19
23
38
40
47
95
16
99
86
53
89
11
52
58
54
85
74
72
82
72
32
43
12
34
47
52
40
53
45
8
83
3
90
40
28
53
68
59
4
33
92
89
44
44
55
89
98
78
82
91
31
91
47
9
73
69
36
45
91
95
37
61
83
69
11
4
76
84
78
90
98
94
24
39
1
33
49
55
7
39
15
99
3
41
66
80
27
45
55
32
5
45
9
44
33
28
35
24
56
65
11
38
23
39
25
97
66
46
47
29
56
98
82
41
44
51
79
19
18
95
64
78
96
49
64
40
36
97
40
45
49
62
10
33
4
77
81
91
5
87
3
50
80
86
89
17
12
80
4
6
32
40
13
98
37
21
76
66
59
49
30
49
80
51
66
87
85
62
53
4
48
24
13
31
29
84
46
61
24
34
98
45
99
27
51
91
0
3
50
57
4
60
90
86
9
11
92
99
77
57
62
2
70
69
69
32
79
50
58
0
20
6
85
82
79
58
73
58
75
85
55
70
29
97
98
53
37
30
28
86
50
24
19
95
1
2
36
52
99
91
85
0
71
64
82
62
31
86
57
72
73
80
77
84
85
90
69
82
21
89
68
68
76
31
58
8
90
13
95
78
88
33
73
27
12
92
8
82
78
97
62
74
4
69
29
64
32
56
18
80
72
95
54
0
88
16
73
29
33
79
86
19
97
4
9
57
89
44
58
26
49
11
18
80
83
21
27
30
52
74
29
59
90
14
77
19
7
75
27
16
30
64
83
14
51
42
70
