overall_acc,0.7904
loss,[10.939721834106445, 6.283521205444336, 4.217217739715577, 3.2754677220153807, 2.8232421981048583, 2.5988897117614744, 2.487591559677124, 2.4234297079467773, 2.3851617964935303, 2.3634089590454104, 2.342264056777954, 2.3408130788421633, 2.3210660900878906, 2.3157882359313966, 2.2994031248474123, 2.313572541732788, 2.3027047203063966, 2.3093177243041993, 2.29985356880188, 2.309359105834961, 2.306731125946045, 2.306007192840576, 2.315400550003052, 2.3108657025909425, 2.323679852294922, 2.3203936607360838, 2.334424427490234, 2.3402605430603027, 2.3361691676330567, 2.346286224975586, 2.3491122187042235, 2.35961753868103, 2.3655994425964355, 2.380971755371094, 2.3759592749786376, 2.390392847671509, 2.403123389816284, 2.412001328277588, 2.4182258233642577, 2.425972066040039, 2.427768017578125, 2.4401082656860353, 2.4431696760559083, 2.45811562828064, 2.457602670593262, 2.469557868652344, 2.478579549713135, 2.486629839324951, 2.500156714172363, 2.5193706010437014, 2.5117196475982664, 2.509326325378418, 2.52200160446167, 2.5195791094207762, 2.5222004819488526, 2.5404424405670167, 2.554648649749756, 2.5510896327209474, 2.5478801247406007, 2.5534951123809813, 2.0173744507980347, 1.6312429682159424, 1.4098579627990722, 1.2575810548400879, 1.156163162536621, 1.0952317948532104, 1.0726097624206543, 1.0640220292663574, 1.0678783666801452, 1.0699430586242675, 1.0536465765762328, 1.0689220721817017, 1.0716013222885132, 1.0812771878814698, 1.0831670851516724, 1.087424838809967, 1.0941654589080811, 1.0866288191223143, 1.1015266356658935, 1.099083492088318, 1.0903983176803589, 1.1132872076797484, 1.1171704744338988, 1.1184345831298828, 1.1118823198699952, 1.1117542105102538, 1.1209611450195311, 1.1348286517333985, 1.1386683897781371, 1.138488216896057, 1.144544095878601, 1.134969774055481, 1.1370681709289552, 1.141256718788147, 1.1600240134811401, 1.1503017347717286, 1.157536124229431, 1.1549469664001464, 1.1528371441650391, 1.1666140505981446, 1.1708922466659546, 1.155920166015625, 1.16669086894989, 1.1719745565795898, 1.1655218041229247, 1.1643453412628173, 1.1740620010757445, 1.1826966219711303, 1.1880058172607422, 1.1896175023269653, 1.1828214260864258, 1.1846934191131593, 1.1868217266845704, 1.1992335930633544, 1.1802848774337769, 1.1745997273254394, 1.1767480369949341, 1.1898444707489013, 1.183034581604004, 1.1913031383514405, 1.05550513961792, 0.970692403755188, 0.933679919128418, 0.9021552544784546, 0.8723335817146302, 0.8453036625480652, 0.8183819385147094, 0.7933795378875732, 0.7690889650917053, 0.7453485407829284, 0.7223476535415649, 0.7002733955383301, 0.6791218693161011, 0.6586885664176941, 0.6381880590057373, 0.6190842767715454, 0.6000950186347962, 0.5821350827217102, 0.5643367953491211, 0.5473263109207154, 0.5307362834739685, 0.5148830792236329, 0.4995221146297455, 0.48405494793891907, 0.4694067006111145, 0.45531723220825193, 0.4416175608062744, 0.4284534417057037, 0.41583510912895205, 0.40339542806625367, 0.3913542370033264, 0.37933950262069704, 0.3679789445400238, 0.35688957305908203, 0.3469755569458008, 0.33669214080810544, 0.32656672439575196, 0.3168104472160339, 0.3071364797782898, 0.29791507888793944, 0.29232142384529114, 0.2904111829376221, 0.2886629598903656, 0.28691980911254883, 0.28516574144363405, 0.28338176681518557, 0.2817009130382538, 0.2799349090957642, 0.27822599584579466, 0.2765593966674805, 0.27487488587379455, 0.27320136660575867, 0.27162884859085085, 0.2699485435581207, 0.2682692685890198, 0.26676710036277773, 0.26511306785583494, 0.26347403341293335, 0.2619016754436493, 0.2603176746749878, 0.2586764291858673, 0.25714242846488955, 0.25562318744659424, 0.25405223569869995, 0.25251514061927793, 0.2510144316482544, 0.24952245516777039, 0.24791083359241486, 0.24648786887168883, 0.2450324495267868, 0.24346774979114533, 0.24199395468235016, 0.24061847185134888, 0.2391679284286499, 0.23769019821166992, 0.2362637446451187, 0.2348455335330963, 0.23345190799236298, 0.23202630406856536, 0.23066018745422362]
0,1.0
1,0.9354838709677419
2,0.7391304347826086
3,0.7586206896551724
4,0.7741935483870968
5,0.7916666666666666
6,0.782608695652174
7,0.8076923076923077
8,1.0
9,0.9473684210526315
10,0.4
11,0.42857142857142855
12,0.75
13,0.6956521739130435
14,0.7777777777777778
15,0.8333333333333334
16,0.8846153846153846
17,0.8571428571428571
18,0.7058823529411765
19,0.88
20,0.8333333333333334
21,0.8421052631578947
22,0.9411764705882353
23,0.8461538461538461
24,0.8260869565217391
25,0.625
26,0.7916666666666666
27,0.7916666666666666
28,0.8
29,0.6896551724137931
30,0.8148148148148148
31,0.68
32,0.8181818181818182
33,0.6206896551724138
34,0.88
35,0.6363636363636364
36,0.7619047619047619
37,0.7368421052631579
38,0.8461538461538461
39,0.9565217391304348
40,0.75
41,0.9090909090909091
42,0.8260869565217391
43,0.8695652173913043
44,0.6521739130434783
45,0.6842105263157895
46,0.45454545454545453
47,0.782608695652174
48,1.0
49,0.7647058823529411
50,0.6363636363636364
51,0.8095238095238095
52,0.85
53,0.9310344827586207
54,0.9545454545454546
55,0.5714285714285714
56,0.9090909090909091
57,0.7142857142857143
58,0.9142857142857143
59,0.7916666666666666
60,0.8148148148148148
61,0.6896551724137931
62,0.8076923076923077
63,0.7916666666666666
64,0.5789473684210527
65,0.5909090909090909
66,0.8076923076923077
67,0.6956521739130435
68,0.9523809523809523
69,0.8333333333333334
70,0.9
71,0.8571428571428571
72,0.5
73,0.75
74,0.6060606060606061
75,1.0
76,0.8571428571428571
77,0.6470588235294118
78,0.7894736842105263
79,0.8214285714285714
80,0.7241379310344828
81,0.8571428571428571
82,0.9459459459459459
83,0.8
84,0.8518518518518519
85,1.0
86,0.75
87,0.9
88,1.0
89,0.8571428571428571
90,0.875
91,0.8974358974358975
92,0.72
93,0.7619047619047619
94,0.9130434782608695
95,0.6206896551724138
96,0.6086956521739131
97,0.7916666666666666
98,0.6153846153846154
99,0.8695652173913043
16
7
91
43
14
92
6
89
13
85
47
27
81
63
59
10
78
44
53
17
27
43
10
54
25
79
68
99
69
64
83
41
49
2
47
20
87
90
52
26
83
67
20
20
7
83
27
45
68
93
86
12
69
73
99
1
70
93
26
58
88
97
88
19
3
23
19
48
44
48
58
16
63
80
71
4
32
55
98
32
14
87
38
12
8
45
92
31
62
10
89
92
78
83
45
85
28
37
54
30
95
7
59
24
94
7
94
94
11
42
65
52
40
38
55
80
82
11
75
93
74
34
5
85
30
74
22
95
81
92
91
52
51
44
62
65
69
84
0
43
48
67
62
7
53
44
58
19
8
68
3
3
53
70
83
0
95
51
58
19
89
90
81
61
41
77
52
66
68
80
43
46
5
66
35
50
88
19
75
53
3
5
98
82
7
87
61
7
91
1
5
37
72
41
94
33
67
79
39
23
6
31
63
71
67
45
10
32
74
33
77
48
50
98
51
15
36
3
41
47
54
87
37
75
4
71
14
0
9
44
57
83
45
28
59
42
89
22
85
39
7
25
98
4
70
70
49
70
87
89
41
25
97
36
83
82
38
21
7
93
80
2
9
91
40
36
91
91
99
73
40
83
42
62
90
50
82
24
38
16
65
39
7
63
10
51
96
51
29
66
53
30
84
44
5
26
53
74
72
15
15
44
84
66
16
55
48
73
18
66
77
3
13
18
92
55
13
72
29
91
91
61
75
58
71
70
98
52
94
89
90
56
57
43
60
13
30
59
78
6
80
80
54
99
60
76
54
18
14
26
9
90
85
32
63
43
73
87
44
26
99
70
8
90
65
80
41
17
39
53
66
48
5
88
32
66
87
37
40
91
16
4
37
16
89
5
69
83
74
85
24
72
32
76
44
5
52
46
72
40
58
84
24
91
63
35
66
41
79
0
23
14
80
86
75
45
6
22
96
76
52
41
90
22
34
45
48
7
30
11
1
23
3
22
5
80
93
27
86
79
92
53
54
63
18
84
65
8
59
8
88
62
29
30
73
2
33
39
4
22
45
83
58
73
18
84
4
5
57
18
23
29
85
34
42
16
86
99
95
45
97
0
46
93
44
86
92
29
85
82
91
82
37
27
58
12
26
54
28
58
6
1
4
99
83
3
33
23
91
73
1
1
35
1
19
88
11
26
56
0
54
61
20
13
17
53
89
18
81
6
96
41
75
26
25
60
22
73
74
47
24
90
78
17
7
0
87
26
95
14
56
39
12
54
21
79
8
43
39
51
40
53
98
4
31
8
57
33
26
35
6
94
16
55
22
16
64
57
2
38
88
59
58
27
36
13
91
84
9
58
46
65
85
70
59
7
11
59
79
70
34
97
16
49
44
55
70
27
38
34
61
69
37
27
24
3
78
51
33
35
1
84
22
86
4
91
13
90
68
60
84
0
34
70
32
92
14
49
35
28
3
89
44
15
66
35
50
12
41
31
34
93
84
26
74
44
50
57
54
11
67
44
66
60
79
58
82
67
98
89
28
55
95
76
60
76
91
37
2
4
62
43
91
48
63
34
88
34
53
3
28
8
40
44
96
61
60
73
61
26
63
43
49
92
92
45
57
68
18
20
72
0
85
75
33
23
78
95
81
58
73
60
21
62
19
87
47
7
90
75
73
15
41
39
99
46
94
45
91
36
77
65
75
62
94
61
36
38
12
1
0
30
84
98
29
7
18
48
81
91
84
63
62
31
40
55
30
22
86
47
18
55
25
14
28
75
2
81
10
93
79
5
88
56
81
15
84
69
30
6
68
70
81
74
7
80
24
60
5
14
48
18
0
70
38
43
24
69
16
9
42
41
39
27
0
70
85
9
43
79
77
75
74
80
42
62
8
0
36
89
43
46
69
56
42
22
71
98
63
40
16
0
21
2
1
21
47
43
83
65
68
18
1
25
96
46
47
90
2
51
37
61
31
77
4
92
38
93
28
39
18
41
44
49
1
11
19
91
82
4
60
34
56
19
32
74
86
99
49
98
8
58
93
87
11
79
2
43
52
6
4
27
8
63
26
34
39
97
37
75
33
87
49
46
16
33
76
41
97
8
75
17
55
93
27
4
41
60
30
19
21
53
90
54
87
86
37
47
75
2
73
55
25
62
26
19
28
15
1
59
17
45
92
39
42
13
49
48
44
71
48
69
9
26
86
46
71
66
66
88
82
1
39
88
93
82
18
17
56
40
70
1
68
52
69
45
16
62
85
71
99
88
40
68
36
60
17
89
25
46
75
61
83
58
97
51
75
73
70
37
28
90
55
88
68
38
93
6
16
58
61
39
56
17
33
77
4
87
75
4
16
94
72
76
60
97
1
0
75
31
27
71
75
52
6
43
14
84
14
51
1
88
53
66
5
56
32
52
40
24
86
54
54
88
61
87
54
24
16
85
17
90
22
86
77
79
94
45
0
39
89
82
41
87
91
73
4
62
55
46
10
46
28
38
74
70
13
44
15
24
76
98
67
79
15
47
47
93
73
13
26
70
95
60
70
11
82
66
34
6
65
62
74
31
36
88
52
48
79
38
55
83
66
68
74
64
16
10
16
95
18
29
93
53
9
38
74
74
15
1
93
32
1
84
69
81
10
33
80
68
30
8
3
81
26
18
14
35
28
72
5
53
34
27
93
18
44
93
85
91
46
31
69
47
57
95
85
80
1
82
45
66
70
58
31
42
23
90
18
83
31
51
80
23
64
61
16
51
99
28
19
63
93
97
78
34
71
13
50
17
28
29
10
57
83
83
53
73
7
59
82
34
15
68
68
34
82
75
37
8
94
16
24
21
8
96
53
49
38
85
55
32
96
20
29
43
69
13
26
54
23
91
34
48
23
53
5
0
59
57
69
73
27
12
42
61
21
95
88
28
15
24
1
77
75
82
5
64
51
52
79
70
46
1
59
87
60
88
76
45
19
7
1
35
94
79
16
71
26
72
60
73
9
75
5
72
27
32
38
51
79
80
87
47
35
7
85
30
83
51
79
89
99
86
15
29
63
66
62
80
24
57
43
78
49
99
95
93
63
71
27
86
64
19
23
62
42
17
25
72
32
57
61
98
6
1
82
82
94
95
81
96
93
33
67
38
60
8
90
63
62
82
36
76
31
47
75
77
29
94
27
70
95
32
38
91
37
26
65
40
53
87
95
53
42
43
89
69
93
81
84
71
31
33
73
75
85
47
97
1
13
42
46
62
92
53
46
66
45
48
94
10
69
60
42
35
59
52
44
57
4
83
89
71
58
52
11
58
98
22
62
52
2
58
77
96
86
33
58
69
97
14
51
2
63
45
58
97
6
75
81
99
28
36
57
88
25
38
71
47
53
48
79
59
29
82
90
93
81
17
14
69
25
32
39
62
89
4
67
99
28
98
88
20
42
18
60
48
69
18
86
6
39
25
15
37
44
48
15
89
67
56
38
23
21
96
11
41
84
30
58
30
98
31
45
59
77
4
41
8
19
54
4
68
9
91
67
1
40
71
77
38
9
82
3
76
20
68
42
94
66
72
14
25
61
36
4
14
26
60
77
62
85
66
27
27
93
23
33
88
18
58
0
83
23
85
56
20
79
20
30
47
19
4
35
38
26
0
56
47
92
59
83
51
44
3
23
9
77
43
15
72
77
19
73
77
7
29
4
61
50
30
39
70
19
17
9
17
28
45
16
12
70
69
63
71
12
2
51
98
68
46
15
84
19
29
70
62
34
94
30
35
5
99
33
90
16
56
4
24
71
3
19
14
23
68
45
81
10
90
21
57
22
87
82
12
38
10
93
77
84
41
36
76
25
91
94
42
79
19
76
87
18
51
1
50
17
6
45
23
0
55
91
48
95
48
45
54
69
57
68
56
86
80
40
67
71
25
50
60
79
0
44
55
46
93
2
32
92
50
76
97
13
30
27
74
8
17
42
91
35
4
69
50
57
84
76
85
3
91
79
76
13
8
92
69
82
7
73
89
32
42
39
26
80
32
15
50
16
92
94
60
91
83
62
85
48
59
11
5
2
18
75
75
4
31
72
17
89
92
19
36
93
67
83
63
2
62
37
11
99
77
56
22
84
14
71
94
44
12
41
52
91
85
43
82
69
97
42
96
47
22
1
11
78
63
93
85
51
63
65
25
44
2
22
44
59
2
54
98
56
75
47
76
20
48
97
9
81
38
5
3
50
42
84
18
6
9
72
38
6
75
15
29
35
20
95
3
58
74
14
83
91
74
86
10
74
58
36
90
8
1
80
40
26
14
37
0
58
96
1
10
59
21
60
89
82
61
80
52
65
55
32
77
69
26
42
79
11
20
38
52
15
79
65
63
96
26
29
31
79
39
30
99
5
8
19
52
76
58
54
82
3
82
93
70
99
21
17
56
64
74
1
92
61
85
78
58
10
53
74
47
5
34
81
64
77
30
66
63
45
93
46
27
45
87
63
87
26
41
70
57
21
32
90
36
85
3
87
21
87
71
53
27
74
1
8
98
98
61
88
90
10
83
27
85
34
24
74
49
12
28
74
6
59
45
87
79
67
14
47
31
77
52
60
71
25
67
81
98
54
67
17
21
1
88
21
77
95
91
12
15
82
22
16
66
25
41
29
29
73
27
81
63
53
23
81
86
78
71
28
75
35
62
79
16
8
7
22
81
87
83
65
62
49
70
57
75
66
40
91
23
13
4
6
42
66
30
72
35
94
41
36
52
12
43
86
97
53
50
97
3
61
20
22
57
25
71
55
68
20
49
67
87
16
41
66
45
10
63
92
15
42
6
85
8
2
25
45
5
71
56
99
67
78
2
76
50
30
53
91
81
65
92
23
46
72
40
71
62
11
23
78
96
67
26
8
15
4
80
27
60
7
54
48
16
57
94
30
92
43
92
58
19
23
38
65
96
95
10
99
86
53
89
11
52
58
54
85
74
3
82
72
32
43
81
34
47
52
40
53
45
8
83
3
90
40
28
53
68
59
4
33
92
89
44
71
55
89
98
78
82
18
31
91
52
9
73
69
36
45
91
95
37
61
83
69
46
55
76
98
61
90
98
94
24
39
1
33
59
55
7
39
15
78
3
41
66
80
27
45
55
32
5
45
9
93
33
65
35
24
56
65
11
38
23
39
25
97
58
87
47
42
56
98
82
48
38
51
79
19
18
73
64
78
96
49
64
40
36
97
40
32
49
62
28
56
4
18
81
91
5
87
3
50
80
86
89
17
12
80
46
26
32
40
13
98
37
21
76
74
59
49
30
49
80
51
66
87
38
63
53
4
48
24
13
31
46
84
46
61
24
34
46
45
99
27
51
91
0
72
50
57
4
60
90
86
9
98
92
99
77
57
14
2
70
69
69
32
79
93
58
0
20
7
48
82
79
58
72
58
75
85
65
70
44
97
46
53
37
73
28
41
50
24
29
95
1
2
63
59
99
55
85
0
60
64
82
62
31
86
57
72
73
63
91
84
85
90
69
82
21
89
68
68
76
31
58
8
81
13
95
78
88
47
99
27
12
92
8
82
78
97
83
50
4
90
29
38
77
56
18
6
72
95
54
0
45
87
73
29
33
14
86
19
97
4
9
57
89
18
25
26
49
11
14
80
83
3
27
30
52
74
29
75
90
14
77
63
7
75
27
16
30
90
83
14
51
42
70
