overall_acc,0.7892
loss,[10.875431157836914, 6.222514763031006, 4.1833827770996095, 3.259871395568848, 2.819292777252197, 2.5944930272674562, 2.489749248275757, 2.4171233740234377, 2.3912796746826173, 2.362032441101074, 2.345692498321533, 2.3292625275421144, 2.327179744262695, 2.3061338977050783, 2.317967005233765, 2.3134714756011965, 2.3056943252563475, 2.3127274060821534, 2.302366389083862, 2.3070855595397948, 2.2990775412750244, 2.3078578295898438, 2.3113665813446045, 2.3191792527008057, 2.3244578617858886, 2.3152903437805175, 2.331421258392334, 2.3364672470855714, 2.3406955758666994, 2.3501353897857666, 2.3524025521087646, 2.352500983734131, 2.3627095742797852, 2.3694988400268553, 2.387190191192627, 2.3956554990386962, 2.395288968887329, 2.400208140411377, 2.417526770782471, 2.42773682723999, 2.4405238537597658, 2.455562914733887, 2.4485190364074705, 2.4623732398986817, 2.4787290126037598, 2.4821473153686524, 2.491131798400879, 2.5023224293518065, 2.508709208908081, 2.5056617092895506, 2.5092780792236327, 2.519954225311279, 2.5255624684143068, 2.5444190339660646, 2.5406085785675048, 2.541345809555054, 2.539037895812988, 2.5521590533447265, 2.5637076539611816, 2.5763562697601317, 2.0234106689453126, 1.641097177581787, 1.423531901473999, 1.2679587797546388, 1.1624216474151612, 1.104758144378662, 1.0715828646087646, 1.068487524280548, 1.0619661177635193, 1.051851381187439, 1.0579967361259461, 1.0677477317810058, 1.0714698694610596, 1.0906412194824218, 1.079014866142273, 1.0800546074295043, 1.0983046741867066, 1.104403270263672, 1.1024177090835572, 1.0988911386489868, 1.1116518410491942, 1.1089616996002196, 1.1131250101470946, 1.122768443222046, 1.1313931015014649, 1.131829810447693, 1.1195854244995118, 1.1439414570236206, 1.1504376443481446, 1.136178201713562, 1.1352010704421998, 1.1442004775238037, 1.144676054649353, 1.155412599105835, 1.1609421631240844, 1.1655386587905885, 1.1616840537261963, 1.1521413768386841, 1.1619289836883544, 1.1624617331695557, 1.1642617079925537, 1.1522647481536865, 1.1723713683319092, 1.1662233927154542, 1.1758062302780152, 1.1724142142868041, 1.1721258948898314, 1.1763296839904784, 1.167915941505432, 1.1736730057144165, 1.1917982844161987, 1.1948083573913575, 1.182826965827942, 1.1889565360641479, 1.1814024495697022, 1.196803733482361, 1.1910989678192139, 1.191132621536255, 1.1855248810958863, 1.1800427242279052, 1.043163240852356, 0.9609944165611267, 0.9245243752098083, 0.8940412641716003, 0.8653019002532959, 0.8381086916351318, 0.8117040806388856, 0.7864170232963562, 0.7622102352142334, 0.7392068099975586, 0.7163123036193848, 0.6943998499679566, 0.67306746799469, 0.6526006178092957, 0.6329957358169556, 0.6137296458244323, 0.5953065255355835, 0.5772915089797974, 0.5598002485847473, 0.5425233747291565, 0.5260671623039246, 0.5103853556251526, 0.4950141556453705, 0.4798757905769348, 0.4653764566898346, 0.4515674490070343, 0.4378806837654114, 0.4247520434951782, 0.4120585110759735, 0.3996333551216125, 0.3877998611831665, 0.3763851637363434, 0.36492908542633057, 0.35386611934661866, 0.3432461375808716, 0.3329665843772888, 0.3230738299655914, 0.31351727085113523, 0.30455514513015747, 0.29534083736419675, 0.2902511088180542, 0.2879828867340088, 0.28607801812171935, 0.2842878515052795, 0.28257665031433105, 0.28081563976287843, 0.27920324845314026, 0.27744873580932616, 0.27576204701423646, 0.27407612864494324, 0.27241037719726563, 0.2706804623794556, 0.269129993429184, 0.26753184388160706, 0.2658272099399567, 0.2642783648681641, 0.2626388427257538, 0.2610939502429962, 0.2594893313694, 0.25792458542823793, 0.2564023094654083, 0.2547672367095947, 0.2532992939567566, 0.25173365597724917, 0.25024291679382327, 0.24873393378257752, 0.2472103689432144, 0.2457477107334137, 0.24426207262516023, 0.24275042704105376, 0.24133805345535278, 0.23989855652809144, 0.23844652258872986, 0.23706142504692077, 0.2356245696544647, 0.2341368581867218, 0.23272703495502473, 0.23136461616039275, 0.23000788986206055, 0.2285593497467041]
0,0.9565217391304348
1,1.0
2,0.6956521739130435
3,0.7241379310344828
4,0.7741935483870968
5,0.7083333333333334
6,0.8260869565217391
7,0.9615384615384616
8,1.0
9,1.0
10,0.35
11,0.6190476190476191
12,0.8
13,0.6086956521739131
14,0.7777777777777778
15,0.875
16,0.8076923076923077
17,0.9047619047619048
18,0.6470588235294118
19,0.76
20,0.8333333333333334
21,0.8421052631578947
22,0.9411764705882353
23,0.8846153846153846
24,0.8695652173913043
25,0.5833333333333334
26,0.75
27,0.75
28,0.84
29,0.6551724137931034
30,0.8148148148148148
31,0.64
32,0.6818181818181818
33,0.5862068965517241
34,0.88
35,0.36363636363636365
36,0.9047619047619048
37,0.9473684210526315
38,0.8076923076923077
39,0.9565217391304348
40,0.75
41,0.9090909090909091
42,0.7391304347826086
43,0.9130434782608695
44,0.6521739130434783
45,0.7105263157894737
46,0.5
47,0.7391304347826086
48,1.0
49,0.8823529411764706
50,0.7272727272727273
51,0.7619047619047619
52,0.85
53,0.9310344827586207
54,0.9545454545454546
55,0.6666666666666666
56,0.8181818181818182
57,0.6428571428571429
58,0.8857142857142857
59,0.7083333333333334
60,0.7777777777777778
61,0.8275862068965517
62,0.8846153846153846
63,0.5833333333333334
64,0.631578947368421
65,0.5909090909090909
66,0.8076923076923077
67,0.782608695652174
68,0.8571428571428571
69,0.9
70,0.8333333333333334
71,0.8095238095238095
72,0.5909090909090909
73,0.6875
74,0.5454545454545454
75,1.0
76,0.9047619047619048
77,0.7647058823529411
78,0.8421052631578947
79,0.8928571428571429
80,0.7586206896551724
81,0.8571428571428571
82,0.9459459459459459
83,0.7666666666666667
84,0.8148148148148148
85,0.9666666666666667
86,0.75
87,0.8666666666666667
88,0.9047619047619048
89,0.9642857142857143
90,0.875
91,0.8461538461538461
92,0.6
93,0.8571428571428571
94,0.9565217391304348
95,0.6551724137931034
96,0.5652173913043478
97,0.875
98,0.6538461538461539
99,0.8695652173913043
16
7
91
43
14
92
6
89
13
85
47
27
81
63
59
61
78
18
53
17
27
43
10
54
25
79
68
31
69
64
83
41
23
55
47
20
87
90
47
26
83
67
20
20
7
83
27
45
68
93
86
12
69
78
99
1
62
80
26
58
88
50
88
19
34
23
19
48
44
48
58
16
64
80
71
4
1
15
98
32
14
87
97
33
8
45
92
31
92
61
89
62
78
83
45
85
28
37
54
30
95
7
59
24
94
7
94
94
11
42
65
52
40
38
55
4
82
46
75
51
74
34
25
85
30
74
22
95
81
70
27
52
18
44
62
65
69
84
0
43
48
67
62
89
83
99
81
19
8
68
64
3
83
62
83
0
95
51
13
19
89
90
81
61
41
77
52
66
68
80
43
11
25
66
35
50
88
14
75
53
3
5
98
82
7
87
61
7
91
1
5
37
72
41
94
33
67
8
39
23
28
31
63
71
67
45
10
46
74
33
77
26
50
55
51
27
36
3
41
47
54
87
37
75
18
71
14
0
9
44
57
83
45
61
52
42
89
22
85
39
7
25
98
24
70
92
49
70
87
89
38
27
97
36
83
82
77
11
7
74
80
2
9
91
40
54
91
27
99
73
69
83
42
62
90
50
82
24
65
16
61
39
7
63
10
51
47
51
29
74
53
30
84
44
5
91
53
74
72
15
15
44
5
66
16
55
48
73
72
65
77
3
13
18
92
55
13
72
29
91
91
61
75
58
71
70
98
52
94
89
90
56
57
43
60
89
30
59
78
6
80
80
54
99
60
76
54
18
14
26
9
81
85
32
63
43
56
87
44
26
99
70
8
90
65
80
48
17
39
53
66
48
5
88
13
64
46
37
40
91
16
27
33
16
89
5
76
83
74
85
24
93
32
76
33
25
52
46
72
40
58
84
6
91
63
46
66
41
79
0
23
14
15
86
75
45
6
22
96
76
52
41
90
22
34
45
72
7
30
11
1
23
3
22
5
80
93
27
39
79
62
53
54
4
18
84
66
8
59
8
88
62
29
73
73
2
33
39
4
22
45
83
58
73
18
84
4
5
57
18
23
29
85
34
64
16
16
99
95
45
97
0
69
93
44
86
54
29
85
82
91
82
17
32
69
12
26
54
28
58
79
1
45
99
10
3
56
23
91
73
1
1
35
1
19
88
11
45
56
0
54
61
7
13
17
53
89
18
81
6
96
41
26
79
25
60
22
1
44
87
24
90
78
17
7
0
87
26
73
14
56
44
12
54
21
79
8
43
39
51
40
53
98
4
23
8
57
33
7
35
6
94
87
64
22
16
42
57
2
80
88
72
58
93
36
13
91
84
9
85
9
65
85
70
59
7
11
59
79
70
34
97
16
49
18
55
70
29
38
34
61
69
37
64
24
3
78
51
33
35
1
84
22
86
4
91
13
90
68
60
84
0
34
54
32
92
14
96
35
28
3
89
18
15
66
98
50
12
41
31
5
93
84
26
74
78
50
57
54
35
67
44
66
60
8
58
82
67
83
89
28
55
95
76
60
76
91
37
2
4
62
43
91
48
27
34
42
34
53
3
28
8
40
44
47
61
60
73
61
29
63
97
49
92
92
6
55
61
18
20
55
0
85
75
18
23
4
95
81
58
73
60
21
62
19
87
47
79
90
75
27
15
41
39
99
33
94
45
91
36
77
72
75
92
94
61
50
38
12
1
0
30
84
98
29
7
18
48
89
91
46
63
62
31
40
55
30
43
86
47
18
98
20
14
28
75
11
81
22
73
79
5
79
56
81
15
84
69
30
6
68
70
81
74
7
80
55
71
5
14
48
83
0
70
38
43
24
69
86
9
42
41
39
27
0
70
85
9
43
79
77
75
74
80
42
62
8
0
36
89
51
46
69
56
42
22
71
35
72
40
16
0
21
2
1
64
47
43
83
65
68
18
1
25
96
98
47
90
2
51
37
61
19
77
4
92
38
93
28
39
18
41
44
49
1
11
97
91
82
4
60
34
56
16
32
74
16
99
49
98
8
58
93
87
11
24
22
43
52
6
4
27
8
74
26
34
39
97
96
75
33
87
49
98
16
33
76
41
97
8
75
17
55
93
44
4
6
60
30
65
21
77
90
54
87
86
37
47
66
2
73
55
25
62
26
19
28
15
1
59
69
45
92
39
42
58
49
48
44
71
48
69
9
26
16
46
71
66
66
88
82
1
39
88
93
82
7
17
56
40
70
1
49
52
69
45
16
62
85
12
99
88
40
68
36
60
17
89
25
46
75
61
70
58
34
51
75
73
54
37
28
90
55
88
68
38
91
6
16
58
61
39
56
17
33
77
50
87
75
4
87
94
55
76
60
97
1
0
75
31
55
71
75
52
6
43
14
84
14
51
1
88
53
66
5
59
32
52
40
24
86
54
54
88
61
87
54
24
16
85
17
90
22
86
77
79
94
45
0
39
89
82
41
87
91
73
4
62
72
98
28
46
28
38
72
70
13
7
15
24
76
98
75
79
15
47
47
93
73
81
26
70
95
60
70
11
82
66
34
6
65
62
74
17
36
42
59
48
79
74
55
57
66
68
97
64
16
10
16
84
18
29
63
53
9
38
43
74
15
1
59
32
1
84
69
81
10
33
80
68
30
8
3
81
45
18
20
35
28
72
5
53
34
27
93
6
44
93
37
14
46
31
69
47
57
95
85
80
1
82
41
66
77
58
31
42
23
90
6
83
31
51
80
23
64
61
16
51
99
28
19
63
7
97
78
34
71
13
74
17
28
29
10
82
83
83
53
73
7
59
82
34
15
68
68
34
82
75
37
8
94
76
24
21
8
96
53
49
38
10
27
32
96
20
29
43
69
94
26
6
23
91
34
48
23
53
5
0
59
57
69
73
27
12
74
61
21
95
88
28
15
24
1
77
67
82
5
64
51
59
79
70
46
1
59
87
60
88
76
45
32
79
1
35
94
79
16
71
26
30
60
73
9
75
5
72
14
96
38
56
78
45
40
47
2
7
85
30
14
51
79
89
99
86
15
29
63
66
62
80
24
57
43
78
49
99
95
93
72
71
78
86
64
4
23
62
50
17
98
21
32
57
61
98
45
70
82
82
94
95
81
96
77
49
67
38
60
99
27
63
62
82
36
12
31
47
75
77
29
94
27
70
95
32
38
67
37
26
65
51
53
87
95
53
42
43
89
69
93
81
40
71
31
33
73
75
85
47
97
1
81
19
46
62
92
53
46
66
45
48
94
10
69
60
42
98
59
52
44
57
4
83
89
71
68
52
46
58
98
22
62
52
2
58
77
96
86
33
58
69
97
14
51
2
63
7
58
66
6
75
81
99
28
50
57
88
25
38
73
47
53
48
79
59
29
82
90
93
81
17
14
69
25
32
39
10
89
66
67
99
28
98
88
20
4
18
71
48
69
18
86
6
39
19
15
37
2
48
93
89
67
77
38
23
21
96
11
41
84
30
58
30
98
31
45
59
77
4
41
8
19
54
4
68
9
91
67
19
40
71
51
38
9
82
3
76
20
23
42
94
66
72
6
25
61
36
4
14
51
60
77
62
85
6
10
67
93
23
33
88
18
58
51
83
23
85
56
20
79
20
30
56
19
55
98
18
26
0
56
47
83
52
83
40
6
3
23
9
77
43
15
93
77
19
73
77
7
29
4
61
50
30
39
70
19
15
9
17
28
45
28
12
41
49
63
60
12
11
77
98
34
40
15
84
19
64
70
62
34
94
30
41
44
99
33
90
16
59
4
24
71
3
19
14
23
12
73
81
61
90
21
57
22
87
82
12
38
10
93
77
84
41
64
76
25
91
94
42
79
19
76
87
18
51
1
50
37
6
45
23
0
55
91
89
95
48
45
54
69
51
68
56
2
80
12
67
71
25
50
60
79
0
95
55
46
55
2
32
92
61
69
97
13
30
27
74
8
17
42
91
35
36
69
50
57
84
95
85
3
91
79
76
13
8
92
69
82
7
73
89
74
42
39
26
80
63
15
74
16
70
94
60
91
83
62
85
48
59
11
5
64
44
75
75
4
31
72
17
89
92
19
36
22
67
83
63
2
62
37
11
99
77
56
22
84
14
71
94
44
85
41
52
91
85
43
82
40
97
42
96
47
22
1
11
78
72
93
85
12
63
65
5
44
2
86
44
59
2
54
98
56
75
52
76
20
48
97
9
90
38
5
3
36
43
84
18
6
9
72
42
14
75
15
29
11
20
95
3
58
74
44
83
91
74
86
10
74
58
36
90
8
49
80
40
25
14
37
0
58
96
1
61
59
21
60
89
82
61
80
52
65
55
32
77
69
26
42
79
11
20
38
52
15
7
65
63
96
26
29
3
79
39
30
99
5
8
34
52
40
58
54
82
3
82
93
10
99
21
17
56
64
74
1
92
61
85
78
58
61
53
44
47
5
34
81
14
77
73
66
63
45
93
46
18
45
87
72
87
26
41
70
89
21
32
90
36
85
3
87
21
87
71
53
27
74
1
8
93
98
61
88
90
10
83
27
85
34
24
74
49
12
28
33
78
58
45
87
79
63
14
47
31
77
52
60
71
25
67
81
98
54
67
17
21
1
88
3
77
95
91
12
15
82
22
16
66
25
1
44
31
73
27
81
63
53
23
81
86
78
71
28
75
46
62
79
16
8
7
22
13
87
10
65
62
49
70
57
63
44
40
91
23
13
80
6
42
21
30
95
35
94
41
36
52
12
43
86
97
53
50
97
72
61
20
22
57
25
71
14
68
20
49
67
87
16
41
66
74
87
54
1
15
42
6
85
8
2
5
45
93
71
56
99
67
78
2
76
50
30
53
91
81
64
70
23
46
95
40
30
62
11
23
78
96
67
36
8
15
4
80
27
60
7
54
48
16
57
94
30
92
43
62
58
19
23
38
40
47
95
61
99
86
53
89
11
52
58
54
85
63
72
82
72
95
43
37
34
47
52
40
53
45
8
14
3
90
40
28
53
68
59
4
33
92
89
44
44
55
89
98
78
82
91
31
91
47
9
73
69
36
45
73
95
37
61
83
69
11
55
76
19
22
90
98
94
24
39
1
33
90
55
7
39
15
78
3
41
66
80
27
45
63
32
5
45
9
26
33
84
35
24
56
65
11
38
23
39
25
97
58
25
52
72
56
98
82
41
38
51
45
34
18
73
64
78
96
49
64
40
36
97
40
45
49
62
28
33
4
18
81
91
5
87
3
50
80
86
89
17
12
80
64
24
32
25
13
98
37
21
76
14
59
49
30
33
80
51
66
87
38
63
53
4
48
24
13
31
29
84
46
61
24
34
98
45
99
27
51
91
0
66
50
57
4
60
90
86
9
98
92
99
77
57
47
2
70
69
69
32
79
93
58
0
20
7
85
82
79
58
95
58
75
85
14
70
29
97
46
53
37
73
28
86
50
24
29
95
1
2
36
96
99
55
85
0
60
64
82
62
31
86
53
72
73
79
91
84
85
90
69
82
21
89
68
68
76
31
58
8
37
13
30
78
88
33
99
27
12
92
8
82
78
97
62
50
4
12
29
97
32
56
18
77
72
95
54
0
45
16
73
10
47
6
86
19
97
4
9
57
89
77
58
26
49
11
14
80
70
21
27
30
52
74
29
52
90
14
77
72
7
75
27
16
30
64
83
65
51
42
70
