overall_acc,0.7896
loss,[10.904615912780761, 6.244877291259765, 4.197575445404053, 3.261320975265503, 2.815157003555298, 2.59941026473999, 2.481969244155884, 2.4210088711547852, 2.396132911529541, 2.3557861711120607, 2.346919442138672, 2.3363758195495605, 2.3295438459014894, 2.3110669140625, 2.308687890319824, 2.3066804400634764, 2.309873240966797, 2.3016783303833006, 2.306784705505371, 2.307897061920166, 2.3031174856567382, 2.3131954989624024, 2.3170933758544923, 2.3100081266784667, 2.3138450637817383, 2.3222698077392576, 2.3280202276611326, 2.337998392944336, 2.333570938873291, 2.3374660848999023, 2.3481988165283205, 2.3561057946014405, 2.361177960205078, 2.3769006650543214, 2.388144457778931, 2.3858505578613283, 2.3886763191223146, 2.4037111989593507, 2.404427746124268, 2.415327108306885, 2.4238878428649904, 2.4266926176452635, 2.450666586303711, 2.4426501774597167, 2.4649135750579836, 2.4617923780822752, 2.4702913386535643, 2.4862333387756346, 2.4790211031341554, 2.4911502627563475, 2.501970828857422, 2.4972664349365234, 2.5086571183013917, 2.5254282308197022, 2.5237417073059083, 2.53235826171875, 2.5349315811920166, 2.5535522647857665, 2.5378845274353026, 2.5523730545806886, 2.006266700439453, 1.630170716896057, 1.416477063522339, 1.2632762462615967, 1.1576716271591188, 1.1029103583145141, 1.0804549955368041, 1.070562999267578, 1.058098390045166, 1.05685317735672, 1.066003098373413, 1.0604009436416626, 1.0791607679748536, 1.081376796646118, 1.093042780456543, 1.0823430547904969, 1.0824608739852906, 1.1055067387390136, 1.1003965953826904, 1.1001402000808715, 1.1064224909210205, 1.1207637468719482, 1.1205093173980714, 1.1163178527832032, 1.1305279519271851, 1.138925828666687, 1.1141777936553956, 1.134739553718567, 1.1260264183807374, 1.1443929521942138, 1.1356873443984985, 1.1468382948684692, 1.1592492236328125, 1.1521285026550292, 1.1490513509750366, 1.1633743085479735, 1.1540930124664306, 1.1461159831619263, 1.1627301022338867, 1.1579537173080445, 1.1538798092651368, 1.167873828201294, 1.1685809495925903, 1.1762157792663575, 1.1912076183319091, 1.1784227560424805, 1.177273610687256, 1.170965085067749, 1.1853697876739502, 1.1877469565582275, 1.1868985055160521, 1.1912208341598511, 1.1890095817184447, 1.1767242642211915, 1.1877763901519776, 1.188031016998291, 1.1876389064025878, 1.1878414972305298, 1.1972587865066529, 1.1818052754974364, 1.046421086769104, 0.9634216928863525, 0.926263302822113, 0.8945704302215576, 0.8663137614440918, 0.8395947188377381, 0.8130470986557007, 0.7880789974975586, 0.7644930098724365, 0.7407823117637634, 0.7178963534164429, 0.6959681855392456, 0.6748904856872558, 0.6543112378501892, 0.6343742300224304, 0.6151868026351929, 0.5963827506446838, 0.5782857961845398, 0.5606961777114868, 0.5438064818191528, 0.5274446813392639, 0.5113761205673217, 0.49591028606414794, 0.4812554995918274, 0.46650696891784665, 0.4524389408874512, 0.4389983956813812, 0.4256969409561157, 0.41309314261436464, 0.40059148305892944, 0.38860288429260254, 0.3769475648403168, 0.3658389336204529, 0.3549064104938507, 0.3442952725791931, 0.3341410153961182, 0.3239280738449097, 0.3146110997009277, 0.3048071619606018, 0.2956554496002197, 0.2902302725696564, 0.2884247613430023, 0.2867328171539307, 0.284865143699646, 0.28314603744506833, 0.2813784114265442, 0.2797631298446655, 0.27799382393836974, 0.27633428168296814, 0.27464539719581604, 0.2730621968841553, 0.2713289910697937, 0.2696476010131836, 0.2680793742465973, 0.26643183176040647, 0.26486762385368345, 0.263237881565094, 0.26163896789550783, 0.26006777391433716, 0.25844779108047483, 0.25693153623580933, 0.255326262922287, 0.2538356443595886, 0.25229638628959655, 0.2508079362487793, 0.24922947347640992, 0.24777403591156005, 0.2463188609647751, 0.24480399653911591, 0.24329190821647645, 0.24184686406612396, 0.24032206441879272, 0.23894294433116914, 0.237482099275589, 0.2360590798187256, 0.2346369718503952, 0.23320958896636962, 0.23179383778572082, 0.2303861658191681, 0.22907806371212006]
0,0.9565217391304348
1,0.9032258064516129
2,0.782608695652174
3,0.6896551724137931
4,0.7419354838709677
5,0.7916666666666666
6,0.782608695652174
7,0.8846153846153846
8,1.0
9,1.0
10,0.5
11,0.5714285714285714
12,0.8
13,0.6521739130434783
14,0.7407407407407407
15,0.8333333333333334
16,0.8461538461538461
17,0.9047619047619048
18,0.6470588235294118
19,0.8
20,0.8333333333333334
21,0.8421052631578947
22,0.8823529411764706
23,0.7307692307692307
24,0.8260869565217391
25,0.625
26,0.7916666666666666
27,0.875
28,0.76
29,0.6896551724137931
30,0.7407407407407407
31,0.72
32,0.7272727272727273
33,0.6206896551724138
34,0.84
35,0.5
36,0.8571428571428571
37,0.7368421052631579
38,0.8076923076923077
39,1.0
40,0.7142857142857143
41,0.9545454545454546
42,0.8260869565217391
43,0.8260869565217391
44,0.6086956521739131
45,0.6842105263157895
46,0.5
47,0.8260869565217391
48,1.0
49,0.8235294117647058
50,0.7272727272727273
51,0.7619047619047619
52,0.9
53,0.9310344827586207
54,0.9545454545454546
55,0.6666666666666666
56,0.8181818181818182
57,0.6428571428571429
58,0.8857142857142857
59,0.75
60,0.8148148148148148
61,0.896551724137931
62,0.8461538461538461
63,0.8333333333333334
64,0.6842105263157895
65,0.6818181818181818
66,0.8461538461538461
67,0.6521739130434783
68,0.9523809523809523
69,0.8666666666666667
70,0.9
71,0.9047619047619048
72,0.36363636363636365
73,0.65625
74,0.6666666666666666
75,0.9642857142857143
76,0.8571428571428571
77,0.6176470588235294
78,0.7894736842105263
79,0.7857142857142857
80,0.7586206896551724
81,0.9047619047619048
82,0.9459459459459459
83,0.8333333333333334
84,0.8888888888888888
85,0.8666666666666667
86,0.8214285714285714
87,0.9
88,0.9523809523809523
89,0.9285714285714286
90,0.875
91,0.8717948717948718
92,0.72
93,0.8095238095238095
94,0.9565217391304348
95,0.6551724137931034
96,0.5217391304347826
97,0.75
98,0.5769230769230769
99,0.8695652173913043
16
7
91
34
14
92
6
89
13
85
47
27
81
63
59
10
78
7
53
17
27
43
10
54
94
79
68
99
69
64
83
41
71
45
47
20
87
90
52
26
83
67
20
20
7
83
27
45
68
93
86
12
69
45
99
1
70
44
26
58
88
64
88
19
3
71
19
48
73
48
58
16
63
75
55
4
32
15
98
32
14
87
38
12
8
45
92
31
92
61
89
92
78
83
45
85
28
37
54
55
95
7
59
24
94
7
94
94
11
42
65
52
40
38
55
80
82
46
75
51
50
34
25
85
30
74
22
95
81
92
27
52
18
44
62
65
69
84
0
43
48
63
62
89
53
67
90
19
8
68
93
3
83
70
39
0
40
51
58
19
89
90
81
61
41
33
52
66
68
80
4
11
25
27
35
50
88
14
75
53
3
5
98
82
7
87
61
7
91
1
5
17
72
41
94
33
67
78
39
23
27
31
63
71
67
45
84
46
74
49
77
26
50
98
51
55
36
3
41
47
54
87
37
75
74
71
14
0
9
44
57
83
45
61
52
42
89
22
85
39
7
25
98
50
70
70
49
70
87
89
41
65
97
36
83
82
38
11
7
74
80
2
9
91
40
36
32
91
99
73
73
83
42
62
90
50
82
24
65
16
86
39
7
63
10
51
96
77
29
66
83
30
84
44
5
10
53
74
72
15
15
93
25
66
20
15
48
95
75
64
77
3
13
18
92
55
13
72
29
91
91
61
75
58
71
70
98
52
94
89
90
56
57
43
60
16
30
59
78
6
80
80
54
99
60
76
54
18
14
26
9
81
85
32
63
43
1
87
44
26
99
70
8
90
65
80
41
17
39
53
66
48
5
88
8
34
87
37
41
91
16
27
37
16
89
5
40
83
74
85
24
72
32
76
7
5
52
46
21
40
58
84
54
91
63
35
66
25
79
0
23
14
80
86
75
45
6
22
33
76
52
41
90
22
34
45
66
7
30
11
1
23
3
22
5
80
93
27
39
79
92
53
54
63
18
84
22
8
59
8
88
62
29
73
73
2
33
39
4
61
45
83
58
73
18
84
4
5
57
18
23
29
85
34
97
16
86
99
95
45
97
0
87
32
44
86
92
44
85
82
91
82
37
27
12
12
26
54
28
58
79
1
64
30
16
3
33
23
91
73
1
1
35
1
19
88
11
29
56
0
54
61
20
13
17
53
89
18
81
6
47
41
26
26
25
60
22
46
74
47
24
90
78
17
7
0
87
26
73
14
56
51
12
54
21
79
8
43
39
78
40
53
98
4
31
8
57
33
45
35
6
94
86
10
22
16
42
57
98
42
88
72
58
27
36
13
91
84
9
5
9
65
85
70
59
7
2
59
79
70
34
97
16
49
18
55
70
27
38
34
61
69
37
64
24
15
78
51
33
35
1
84
22
86
4
91
13
90
68
60
84
0
80
54
32
92
18
52
98
86
3
89
7
15
66
35
50
12
41
31
28
93
84
26
74
78
50
57
54
98
73
44
66
60
26
58
82
67
98
89
28
63
95
76
60
76
91
37
2
4
62
43
91
48
63
34
42
34
53
3
28
8
78
44
59
61
60
73
61
29
78
63
49
92
92
6
55
94
18
20
55
0
85
75
55
23
42
95
81
58
73
60
21
62
19
87
47
79
90
75
73
15
41
39
99
46
94
45
91
36
77
12
75
62
94
61
50
38
12
1
0
30
84
98
29
7
18
48
87
91
84
63
62
31
40
55
30
43
86
96
96
98
25
14
28
75
2
81
61
44
79
5
88
56
81
33
84
69
30
6
68
70
81
38
7
80
55
60
5
14
48
83
0
70
38
4
24
69
86
9
42
41
39
27
0
70
85
9
43
79
77
75
74
80
42
83
8
0
36
89
4
46
69
56
42
22
71
35
55
40
86
0
21
2
1
31
47
43
92
55
68
18
1
25
96
46
47
90
2
77
37
61
31
14
4
92
38
93
28
39
18
41
44
49
92
11
19
91
82
4
60
34
56
19
32
74
86
99
30
98
8
58
93
87
45
7
35
43
52
6
4
27
8
63
26
34
39
97
52
75
33
87
49
98
16
33
76
41
97
8
75
17
55
93
27
4
41
60
67
65
21
77
90
54
87
86
37
47
66
2
73
55
25
62
26
65
28
15
1
59
69
45
92
39
42
13
49
48
44
71
48
69
9
65
88
11
71
66
66
88
82
1
39
88
93
82
7
17
56
40
70
77
68
52
69
45
16
62
85
12
99
88
40
68
36
60
17
87
25
46
75
61
70
58
43
51
75
73
70
37
28
90
55
88
68
38
73
14
16
58
61
39
56
17
33
77
63
87
75
4
16
94
55
76
60
97
1
0
75
31
97
71
75
52
6
43
14
84
14
51
1
88
53
66
5
59
32
52
40
24
86
54
54
88
61
87
54
24
40
85
17
90
22
86
77
79
94
45
0
39
89
82
41
87
91
73
4
62
55
35
78
46
28
38
74
70
13
7
15
24
76
98
51
79
15
47
47
93
73
81
26
70
95
60
70
2
82
66
34
6
65
62
78
17
36
42
52
48
79
50
15
57
66
68
74
64
16
61
16
84
7
29
84
53
9
77
74
74
15
1
78
96
1
84
69
90
10
33
80
68
30
8
3
81
45
18
78
35
20
55
5
53
34
27
93
18
44
93
85
91
35
31
69
47
57
95
85
80
1
82
2
66
77
58
31
42
23
90
6
83
31
51
80
23
64
61
40
51
99
28
19
63
7
97
78
34
91
13
74
17
28
29
10
61
83
83
53
73
7
59
82
34
15
68
68
34
82
75
37
8
94
16
24
21
8
47
53
49
38
16
27
32
96
20
29
43
69
94
26
54
23
91
34
48
71
53
5
0
59
57
69
73
27
12
42
61
21
95
88
28
15
24
1
77
67
82
5
64
51
52
79
70
46
1
59
87
60
88
76
45
19
6
1
35
94
79
5
71
26
55
60
73
9
75
5
27
14
96
38
56
45
80
40
47
98
77
85
30
83
51
79
89
99
86
15
29
63
66
62
80
24
57
43
78
74
99
95
93
72
71
78
86
64
4
15
62
65
17
35
66
32
57
61
72
6
1
82
82
94
95
81
96
93
33
67
31
60
20
64
63
62
82
36
12
31
47
75
4
29
94
27
70
95
32
38
32
37
2
65
40
53
87
95
53
42
43
89
69
93
81
84
71
31
33
73
75
85
47
97
1
81
42
46
62
92
53
46
66
45
48
94
10
69
60
42
35
59
47
44
57
4
83
89
71
68
52
46
58
35
22
62
52
2
58
77
96
86
33
58
69
97
14
51
2
63
79
58
43
6
80
81
99
28
50
57
88
25
38
71
47
53
48
79
59
29
82
90
93
81
17
14
69
25
32
39
86
89
66
67
99
28
98
88
20
42
18
60
48
69
18
21
6
39
72
15
37
2
48
2
89
67
77
38
23
21
96
11
13
84
30
58
30
98
31
83
59
77
74
41
8
19
54
4
68
9
91
67
3
40
71
77
38
9
82
3
76
20
60
42
94
66
72
14
25
61
36
55
14
26
60
14
62
85
75
16
67
93
23
33
88
18
58
51
83
23
85
56
20
79
20
30
96
19
4
98
44
26
0
56
47
83
52
10
51
3
3
69
9
77
43
15
74
77
19
73
79
7
29
4
61
50
30
39
45
19
15
9
17
28
45
16
12
70
49
63
71
12
11
51
98
3
40
15
84
19
29
70
62
34
94
30
41
32
99
33
90
16
56
4
24
71
3
19
14
23
68
1
81
61
90
21
57
22
87
82
12
38
10
93
44
84
41
64
76
5
91
94
42
79
19
76
87
18
51
1
50
94
6
45
23
0
55
91
89
95
48
45
54
69
82
68
56
98
80
12
67
71
25
50
60
79
0
44
55
46
80
2
32
92
10
12
97
13
30
27
74
8
17
42
91
11
43
69
50
57
84
76
85
21
91
44
76
13
8
92
69
82
7
73
89
74
42
39
45
80
74
15
50
16
62
94
60
75
83
62
58
48
59
11
5
11
18
75
75
4
31
50
17
89
92
19
36
22
67
83
63
2
62
37
35
99
77
56
22
84
14
71
94
44
12
41
52
91
85
43
82
67
97
42
96
47
22
1
11
78
72
93
85
18
63
65
25
44
2
86
45
59
2
54
35
56
75
47
76
20
48
97
9
14
38
5
3
36
43
84
18
6
9
72
38
6
75
15
29
11
20
95
3
58
74
78
83
91
74
86
10
44
58
36
90
8
88
65
40
16
14
37
0
58
96
1
61
59
21
60
89
82
61
80
52
65
55
32
77
69
26
42
7
11
20
38
52
15
79
65
63
52
26
29
3
79
39
30
99
5
8
19
52
40
58
54
82
3
82
93
70
99
21
17
56
64
74
1
92
61
85
78
58
61
53
74
47
5
34
81
64
77
30
66
63
11
93
46
14
74
87
63
87
26
41
70
65
21
32
90
36
85
3
87
21
87
71
53
27
74
1
8
93
98
61
88
90
10
83
93
51
34
24
74
49
76
28
74
78
58
45
87
79
67
14
47
31
77
52
69
71
5
67
81
2
54
93
17
21
1
88
21
77
95
91
12
15
82
22
16
66
25
1
44
31
73
27
81
63
53
23
81
86
78
71
28
75
35
62
79
16
8
7
22
13
87
83
65
62
49
70
53
74
33
40
91
23
13
78
6
42
66
30
55
35
5
41
36
6
12
43
86
97
53
50
55
30
61
20
22
57
25
71
75
68
20
49
67
87
16
41
66
44
12
63
92
15
42
6
90
8
2
25
45
93
71
56
99
67
65
2
76
50
30
53
91
81
65
92
23
11
72
40
80
62
11
23
78
96
67
78
8
15
4
80
27
60
7
54
48
16
57
94
30
92
43
62
58
19
23
38
40
96
95
48
99
86
53
89
11
52
58
54
85
74
72
82
55
69
43
81
34
47
52
40
53
45
8
83
3
90
87
28
53
27
59
4
33
54
89
44
44
55
89
35
78
82
91
31
91
47
9
73
69
36
24
91
95
37
61
83
69
2
15
76
79
10
90
98
94
24
39
1
33
96
55
7
39
15
99
3
41
66
80
27
45
4
32
5
45
9
44
33
65
11
24
37
65
11
38
23
39
25
97
58
87
47
29
56
98
82
41
38
51
45
8
18
95
64
78
96
49
64
40
36
97
40
18
49
62
10
37
4
77
81
91
5
87
3
50
80
86
89
17
12
80
4
24
27
40
13
98
37
21
76
14
59
49
30
33
80
51
66
87
38
63
53
4
48
24
13
31
29
2
46
61
24
34
98
45
99
27
51
91
0
15
50
57
4
60
81
86
9
46
92
99
77
57
62
2
70
69
69
32
79
93
58
0
20
7
24
82
79
58
95
58
3
85
55
70
44
97
35
53
37
30
28
86
50
24
3
95
1
2
36
59
99
55
85
0
60
64
1
62
31
86
57
72
73
42
91
84
85
90
69
82
21
89
68
68
76
31
58
8
12
13
30
78
45
47
73
3
12
92
8
82
78
97
62
74
4
12
29
38
77
56
18
14
72
95
54
0
88
16
73
29
33
14
86
19
97
4
9
57
89
44
5
26
49
11
18
80
83
3
27
30
52
74
29
75
90
14
77
4
7
75
27
16
30
90
83
14
51
42
70
