overall_acc,0.7984
loss,[10.896799129638671, 6.271847886047364, 4.2135030010986325, 3.278068581161499, 2.8290584983825684, 2.604754359893799, 2.490823341064453, 2.4214242114257813, 2.382040358200073, 2.3586971522521973, 2.3398070582580566, 2.342223303833008, 2.3259890193557737, 2.321263661804199, 2.3104839247131346, 2.3119853511047364, 2.312113828468323, 2.3033823097229003, 2.3059486825561524, 2.3128842849731446, 2.305523432235718, 2.3167208643341066, 2.3123286148071287, 2.3236394425964355, 2.3266457596588133, 2.3354088610839843, 2.346668829650879, 2.3399227998352052, 2.345151183929443, 2.346382589569092, 2.3664665650939942, 2.36080254776001, 2.37513336517334, 2.377879556427002, 2.388809451904297, 2.398178713684082, 2.4117802617645263, 2.4171897799682616, 2.4199565296173096, 2.44010766746521, 2.447541866569519, 2.455700228652954, 2.479258367462158, 2.4714188414001463, 2.477822504425049, 2.4975527783203124, 2.492232968826294, 2.506052751617432, 2.513577335586548, 2.5208360987854004, 2.5303438720703126, 2.5210013772583006, 2.546234741897583, 2.5369244973754883, 2.5566830268096923, 2.550011654586792, 2.5528666582489015, 2.5648402446746825, 2.571768420715332, 2.5748030489349367, 2.0302352410125732, 1.651255559577942, 1.4246195687103271, 1.271369741783142, 1.1733647131729126, 1.1117367059516907, 1.0911252865982055, 1.0715435250091552, 1.070815770225525, 1.0737344023895263, 1.0778921236991883, 1.0787998615264893, 1.078997721672058, 1.0790789819335938, 1.0971373566818237, 1.0940239363861084, 1.0861383199310304, 1.1151456785202027, 1.1079348417472838, 1.110269810180664, 1.117920080947876, 1.1158210275268554, 1.132290728263855, 1.128777494392395, 1.124375138206482, 1.1458930464172363, 1.1453991106414796, 1.1467860429382324, 1.139743483581543, 1.1507582930755615, 1.1427780515670776, 1.152080016708374, 1.1440723098754884, 1.1572985946655274, 1.1672161367034912, 1.1697625901603699, 1.1670710299682616, 1.150738307800293, 1.1739282847976684, 1.1653263551712036, 1.1689012500762939, 1.1815867977142334, 1.1856901164627076, 1.1816728853225709, 1.1742653541564942, 1.1911974560165406, 1.17263886844635, 1.1811783476257325, 1.1843353748321532, 1.1814877082824706, 1.1899783097457886, 1.1855455449676513, 1.1934822245788574, 1.2004330191040038, 1.1896994953155517, 1.1939768700408935, 1.1850508234786987, 1.1978327613067627, 1.1987897509384156, 1.1931210551452636, 1.0610441493606568, 0.9742452708435059, 0.9369043152236939, 0.9044885370063782, 0.8761161606025696, 0.8482895897865296, 0.8214513994026184, 0.7961910588073731, 0.772025242023468, 0.7481368302536011, 0.7251976186943054, 0.7032626693344116, 0.6822060666465759, 0.6610155607414245, 0.6410422779464722, 0.621346711730957, 0.6025983627319336, 0.584398527469635, 0.5665438651275635, 0.5493806358528137, 0.5329776434326172, 0.5169545232963562, 0.5012164329528809, 0.486340229101181, 0.47153792476654055, 0.4572743534851074, 0.44378682149887083, 0.4303013054084778, 0.4172332648181915, 0.4047038650608063, 0.39252186248779297, 0.38101681672096255, 0.36941143149375916, 0.3582727242279053, 0.34759778568267824, 0.33722179567337035, 0.3271702413272858, 0.31787613216400146, 0.3089319016456604, 0.2999660493850708, 0.29407147649765014, 0.2921194947910309, 0.290090448923111, 0.28827792126655577, 0.28645245310783385, 0.2846482755279541, 0.2829453834629059, 0.2812435084629059, 0.2796288078689575, 0.27781031855583194, 0.27616983183860777, 0.2744389870452881, 0.27274712377548216, 0.2711221111869812, 0.2694907418632507, 0.2679230509471893, 0.26628153924942016, 0.2646587178134918, 0.2630481514453888, 0.26148225481033327, 0.2598032787322998, 0.2583098992347717, 0.25670303938865663, 0.25518213857650757, 0.2536157502555847, 0.2520602039051056, 0.250567082157135, 0.2491089283800125, 0.24752429365158082, 0.24606313885688783, 0.24457700299263, 0.2431688942527771, 0.24168810834407806, 0.24021144067287445, 0.2387108344554901, 0.23729443267822264, 0.2358482406616211, 0.23448133692741394, 0.233104760723114, 0.23164408888339996]
0,0.9565217391304348
1,0.9354838709677419
2,0.8260869565217391
3,0.7241379310344828
4,0.8064516129032258
5,0.6666666666666666
6,0.9565217391304348
7,0.8461538461538461
8,1.0
9,0.9473684210526315
10,0.5
11,0.5238095238095238
12,0.75
13,0.782608695652174
14,0.7777777777777778
15,0.8333333333333334
16,0.8076923076923077
17,0.8571428571428571
18,0.6764705882352942
19,0.84
20,0.8888888888888888
21,0.8947368421052632
22,0.8823529411764706
23,0.8076923076923077
24,0.8260869565217391
25,0.625
26,0.7916666666666666
27,0.875
28,0.84
29,0.7931034482758621
30,0.8518518518518519
31,0.76
32,0.7272727272727273
33,0.6896551724137931
34,0.8
35,0.4090909090909091
36,0.9047619047619048
37,0.8421052631578947
38,0.8846153846153846
39,0.9565217391304348
40,0.75
41,0.9545454545454546
42,0.8695652173913043
43,0.8260869565217391
44,0.5652173913043478
45,0.7368421052631579
46,0.6818181818181818
47,0.7391304347826086
48,1.0
49,0.8823529411764706
50,0.6363636363636364
51,0.6190476190476191
52,0.8
53,0.9310344827586207
54,0.9545454545454546
55,0.6666666666666666
56,0.8636363636363636
57,0.6428571428571429
58,0.8857142857142857
59,0.6666666666666666
60,0.7777777777777778
61,0.7931034482758621
62,0.7692307692307693
63,0.625
64,0.5263157894736842
65,0.5909090909090909
66,0.8076923076923077
67,0.7391304347826086
68,0.9523809523809523
69,0.9
70,0.8666666666666667
71,0.8095238095238095
72,0.4090909090909091
73,0.75
74,0.5757575757575758
75,0.9285714285714286
76,0.9523809523809523
77,0.7647058823529411
78,0.8421052631578947
79,0.8214285714285714
80,0.7586206896551724
81,0.9047619047619048
82,0.9459459459459459
83,0.9
84,0.8888888888888888
85,0.9666666666666667
86,0.8214285714285714
87,0.9
88,1.0
89,0.9285714285714286
90,0.7916666666666666
91,0.8974358974358975
92,0.72
93,0.8095238095238095
94,0.9130434782608695
95,0.5862068965517241
96,0.782608695652174
97,0.7916666666666666
98,0.6153846153846154
99,0.8695652173913043
16
7
91
43
14
92
6
89
13
85
96
27
81
63
59
10
78
24
53
17
27
43
10
54
25
79
68
31
69
64
83
41
23
65
96
20
87
90
52
26
83
67
20
20
7
83
27
45
68
93
86
13
69
73
99
18
62
80
26
58
88
64
88
19
34
71
19
48
44
48
58
16
63
75
55
4
32
15
98
32
14
87
38
12
8
45
92
31
62
10
89
92
78
83
45
85
28
37
54
30
95
7
59
24
94
7
94
94
11
42
65
52
40
38
55
80
82
46
75
51
74
34
5
85
30
74
22
95
81
92
27
52
6
44
62
65
69
84
0
4
48
67
62
89
53
44
81
19
8
68
72
3
83
70
83
0
95
51
58
19
89
90
81
61
41
66
52
66
68
80
43
46
25
74
35
50
88
14
75
53
3
25
98
82
7
87
61
7
91
1
5
37
72
41
94
33
67
79
39
23
6
31
45
71
67
45
84
46
74
49
77
65
50
55
40
60
36
3
41
59
54
87
37
75
21
71
24
0
9
78
57
83
45
22
59
63
89
22
85
39
7
25
98
50
70
54
49
70
87
89
38
25
97
36
83
82
77
11
7
74
80
2
9
78
40
36
91
91
99
73
40
83
42
62
90
50
82
24
42
16
40
39
7
63
10
51
96
44
29
66
53
30
84
44
5
26
53
74
72
38
15
44
5
66
28
55
48
73
72
97
77
3
13
18
92
55
13
74
29
1
91
61
75
58
71
70
98
52
94
89
90
56
57
43
60
80
30
59
78
6
80
80
54
83
23
76
61
18
14
26
9
81
85
32
63
43
56
87
44
54
99
70
8
90
65
80
41
17
39
53
66
48
5
88
5
67
87
37
40
91
16
27
33
16
89
5
76
83
74
85
24
72
32
76
45
25
52
46
55
40
58
84
6
91
38
35
66
41
26
0
23
14
80
86
75
45
6
22
33
76
52
41
13
22
34
45
99
7
30
2
1
23
3
22
5
80
93
27
39
79
92
53
54
3
18
84
66
8
59
8
88
62
29
30
73
2
33
39
4
61
45
83
58
73
18
84
4
5
45
18
23
29
85
34
42
16
86
99
95
45
97
0
59
11
44
86
92
29
85
82
91
82
17
27
37
12
26
54
28
58
79
1
4
30
57
3
33
23
91
73
1
1
11
10
19
88
11
29
56
0
54
61
20
13
17
53
89
18
81
6
47
41
26
26
25
60
22
73
55
47
24
79
78
17
7
0
87
26
73
14
56
44
12
54
21
79
8
43
39
51
40
53
98
4
31
8
57
33
82
35
6
94
16
10
22
16
81
57
2
38
88
72
58
27
36
13
91
84
9
89
9
72
85
70
52
7
2
59
79
70
34
97
99
49
18
55
70
32
38
34
61
69
37
27
24
3
78
72
63
35
1
84
22
86
4
91
13
90
68
60
84
0
34
18
32
92
14
96
35
86
3
89
44
15
66
35
50
12
41
31
5
93
84
26
74
72
50
57
54
35
67
44
66
60
48
58
82
67
98
89
28
55
95
76
60
76
91
37
2
4
62
43
91
48
27
34
33
43
53
3
28
8
78
44
59
61
60
73
61
29
63
55
49
92
92
6
57
25
18
20
55
0
85
65
76
23
27
95
81
58
73
60
21
62
19
87
47
79
90
75
27
15
41
39
99
33
94
45
91
36
77
30
75
62
94
61
50
38
12
1
0
30
84
98
29
7
18
48
87
91
84
64
62
31
40
55
30
61
86
96
33
98
25
14
28
75
2
81
61
44
79
5
88
56
81
15
84
69
30
6
68
70
81
74
7
80
55
60
84
14
48
18
0
70
38
74
24
69
86
9
42
41
39
27
0
70
85
9
43
79
77
75
74
80
42
86
8
0
36
89
4
46
69
56
42
22
71
98
72
40
16
0
21
2
1
21
47
43
83
65
68
18
1
25
96
46
47
90
2
28
37
61
31
77
4
92
38
93
28
39
18
41
44
49
1
11
19
91
82
4
60
34
56
19
32
74
76
99
95
98
8
58
93
87
11
24
22
43
52
6
4
27
8
63
26
34
39
97
37
75
33
87
49
46
16
33
76
41
97
8
75
17
55
93
27
4
41
60
67
65
21
77
90
54
87
86
37
47
19
2
73
55
25
62
26
19
28
15
1
47
69
45
92
39
42
58
49
48
44
71
48
69
9
26
16
46
71
66
66
88
82
1
39
88
93
82
14
17
56
40
70
14
68
52
69
45
16
6
85
12
99
88
40
68
36
60
37
28
25
46
75
61
70
58
34
51
75
73
70
37
28
90
55
88
68
38
73
7
16
58
61
39
56
17
33
77
50
87
75
4
86
94
55
76
60
97
1
0
75
31
97
71
75
52
6
43
14
84
14
45
1
88
53
66
5
56
32
52
40
24
86
54
54
88
61
87
54
24
16
85
17
90
22
86
77
79
76
45
0
39
89
82
41
87
91
73
4
62
55
98
72
46
28
38
72
70
13
7
15
24
76
98
51
79
15
47
47
93
73
13
26
70
95
60
70
2
82
66
34
6
65
62
74
31
36
88
47
48
79
38
95
83
66
68
97
64
16
10
16
84
18
29
84
53
9
38
74
33
15
1
67
91
1
84
69
81
10
33
80
68
30
8
38
13
45
18
20
44
28
55
5
53
34
27
93
18
44
93
85
91
46
31
69
47
86
95
85
80
1
82
45
66
77
58
31
42
23
90
45
83
31
51
80
23
64
61
40
51
99
28
19
63
26
97
78
34
90
13
24
17
28
29
10
61
83
83
53
73
7
59
82
34
15
68
68
34
82
75
37
8
94
16
24
21
8
96
53
49
38
85
27
32
96
20
29
43
69
94
26
54
60
91
50
48
23
53
5
0
59
57
69
73
27
12
42
61
21
95
88
61
15
24
1
77
67
82
5
64
51
59
79
70
46
1
59
87
60
88
76
45
19
7
1
35
94
79
25
71
26
55
60
73
9
75
5
27
27
32
38
14
45
36
40
47
35
7
85
30
92
51
79
76
99
86
15
29
63
66
62
80
24
57
43
78
67
99
95
93
72
71
45
86
64
4
3
62
50
17
5
21
32
57
61
2
6
92
82
82
94
95
81
96
77
33
67
31
60
26
90
63
62
82
36
12
31
47
75
77
29
94
27
70
95
32
38
67
37
36
65
40
53
87
95
53
42
43
89
69
93
81
40
71
31
33
73
75
85
47
97
62
13
19
46
2
92
53
98
66
45
48
94
10
69
60
37
98
59
52
44
57
4
83
89
71
12
52
46
58
11
22
62
52
2
58
77
96
86
33
58
69
97
14
51
2
4
45
58
19
6
75
81
99
28
36
57
88
62
38
71
47
53
48
79
59
29
82
90
26
81
17
14
69
25
32
39
10
89
65
67
99
28
98
88
20
74
18
71
48
69
1
86
6
39
87
15
37
7
48
44
89
73
79
38
23
21
96
11
13
84
30
58
30
46
31
45
59
77
74
41
8
19
54
4
68
9
91
67
3
40
71
77
38
9
82
3
76
20
71
42
94
66
72
45
25
61
36
4
14
10
60
77
62
85
38
10
67
93
23
33
88
18
58
51
83
23
85
96
20
79
20
30
96
19
55
35
18
26
0
56
47
83
59
83
29
46
3
23
9
77
43
15
74
77
19
73
77
7
29
4
61
50
30
39
43
19
31
83
17
28
45
28
68
83
49
63
60
12
11
77
98
3
46
15
84
19
34
70
62
34
94
30
11
6
99
33
90
16
56
4
24
71
3
19
14
23
68
45
81
10
90
21
57
22
87
82
12
38
10
93
14
84
41
64
76
25
91
94
42
79
19
76
87
18
51
1
50
94
6
45
23
0
4
91
89
95
48
45
54
69
93
68
56
86
80
69
67
71
25
50
60
79
0
14
55
46
93
2
32
92
61
69
97
13
30
27
74
8
17
42
91
35
3
69
65
57
84
13
85
3
91
79
76
13
8
92
69
82
79
73
89
74
42
39
45
80
4
15
50
16
62
94
60
91
83
62
85
48
59
11
5
2
67
75
75
44
31
72
17
89
92
19
36
77
67
83
63
2
62
37
2
99
77
56
22
84
14
71
94
44
12
41
96
91
85
43
82
69
97
42
96
47
22
1
11
78
42
93
85
18
63
65
25
7
2
86
44
59
2
54
11
56
75
47
76
20
48
97
9
90
38
5
3
36
43
84
18
6
9
72
38
6
75
15
29
11
20
95
3
58
74
44
83
91
74
86
91
74
58
36
90
8
49
50
65
26
14
37
0
58
96
1
61
59
21
60
89
82
61
80
52
65
55
32
77
69
26
42
79
46
20
38
52
15
7
65
63
96
26
29
3
79
39
30
99
5
8
67
52
40
58
54
82
31
96
93
70
99
21
17
56
64
74
1
92
61
85
78
58
10
53
74
47
5
34
81
14
77
30
66
63
45
30
46
18
45
87
63
87
26
41
70
51
21
32
90
36
85
3
87
21
87
71
83
27
74
1
8
93
98
61
88
85
10
83
37
58
34
24
74
49
12
28
50
78
13
45
87
79
63
14
47
31
77
52
60
71
25
67
81
86
54
93
17
21
1
88
21
77
95
91
12
15
82
22
16
66
25
1
38
29
73
27
81
63
53
23
81
86
78
71
28
75
35
26
79
16
8
7
22
81
87
10
65
92
49
70
57
77
27
40
91
23
13
80
6
42
21
30
55
35
94
41
36
52
12
43
86
97
53
50
15
3
61
20
22
57
25
71
72
68
20
49
67
87
16
41
66
27
10
54
1
15
42
6
85
8
2
5
45
93
71
56
99
73
78
2
76
50
30
53
91
81
65
92
23
46
72
40
95
62
11
23
78
96
67
64
8
15
4
80
27
60
7
54
48
16
57
94
30
92
43
62
58
19
23
38
40
96
95
10
99
86
53
89
11
52
58
54
85
74
55
82
72
69
43
37
34
47
52
40
53
45
8
83
3
26
87
28
53
27
59
4
33
92
89
44
79
55
89
98
78
82
91
31
91
47
9
73
69
36
24
91
95
37
61
83
69
11
4
76
43
61
90
98
94
24
39
1
33
33
55
7
39
15
39
3
41
66
80
27
45
4
32
5
45
9
44
33
46
11
7
31
65
46
38
23
39
25
97
4
25
47
29
56
98
82
41
38
51
45
19
18
73
64
78
96
49
64
40
36
97
40
14
49
62
10
33
4
77
81
91
5
87
3
50
80
86
89
17
12
80
55
26
32
40
13
98
37
21
76
14
59
49
30
60
80
51
66
87
38
63
53
4
48
24
13
31
29
84
46
61
24
34
98
45
99
27
51
91
0
72
50
57
4
60
90
86
9
11
92
99
77
57
14
2
70
69
69
32
79
93
58
0
20
7
85
82
79
58
30
58
3
85
55
70
29
97
46
53
37
73
28
86
50
24
29
95
1
2
36
96
99
55
85
0
23
64
82
62
31
86
57
72
73
42
91
84
85
90
69
82
21
89
68
68
76
31
58
8
37
13
30
78
88
33
99
3
12
92
8
82
78
97
70
74
4
12
29
43
80
56
18
80
72
95
54
53
88
16
73
29
33
6
86
19
97
4
9
83
89
14
58
26
49
11
14
55
83
3
27
30
52
74
29
59
90
14
77
19
7
75
27
16
30
55
83
14
51
42
70
