overall_acc,0.7924
loss,[10.866083936767579, 6.236616940917969, 4.198949183502197, 3.2715479789733886, 2.8240209010314943, 2.5995082131195066, 2.486655528564453, 2.4237782586669923, 2.385513102645874, 2.3614636337280275, 2.3387833882141114, 2.322673446846008, 2.3199558907318116, 2.3082003144836425, 2.3041344398498533, 2.303974799041748, 2.2993997372436525, 2.2979503800964354, 2.3052573212432863, 2.309332888031006, 2.2952771251678468, 2.293052210998535, 2.300747543029785, 2.312510772705078, 2.306091479797363, 2.3146219305038453, 2.3230279595947265, 2.3224801565551756, 2.3306175445556643, 2.3348648622131347, 2.3412311054992676, 2.350691072845459, 2.3501824340820314, 2.3604461015319824, 2.3685373431396486, 2.37727644241333, 2.386111836395264, 2.393650138397217, 2.3977999363708498, 2.4151021524047853, 2.40981937210083, 2.429218156738281, 2.4445628706359863, 2.43880974067688, 2.4610505432128904, 2.4718295448303222, 2.4704261373138428, 2.485886918411255, 2.4889861389160157, 2.487696948509216, 2.5037502058410643, 2.492978610839844, 2.501608802719116, 2.512577122116089, 2.5176055551147463, 2.5237694650268554, 2.5244464318847655, 2.5303866011047362, 2.539634104156494, 2.544140290298462, 2.017309881362915, 1.632140645904541, 1.4090681399536134, 1.2564880027008056, 1.1586221720504761, 1.1008148356056213, 1.080328275089264, 1.0634040271377563, 1.0534142046737671, 1.0610217294692994, 1.0593173227119446, 1.0660688595581054, 1.070450250301361, 1.0705407642364502, 1.078942958126068, 1.0842234281921386, 1.0824630076599122, 1.0917219302749634, 1.0867896083641053, 1.0980750978088378, 1.1034442237854003, 1.0913970389556884, 1.12023338722229, 1.1010558739852905, 1.0974715921401978, 1.127260014038086, 1.11267590007782, 1.1251529509353637, 1.1150824422073364, 1.12501442817688, 1.1415341343688965, 1.1483896339797974, 1.1501108768081665, 1.1279711373138428, 1.1378059949874877, 1.1440810858917236, 1.145101294593811, 1.1379272273635865, 1.1504137928771974, 1.160422184448242, 1.1596454987335205, 1.1587816073226929, 1.1522983479690552, 1.1558736582565308, 1.169356496963501, 1.1641304507446288, 1.1578676289749146, 1.1631219404983522, 1.1593571004104615, 1.1700414099884033, 1.1719738761138916, 1.1869833098602296, 1.1675103249740602, 1.1710508041763306, 1.1752848169708252, 1.1887883492279052, 1.1841700775527955, 1.1790045044326782, 1.1834345528030394, 1.1815292571640015, 1.0464961087036133, 0.9597433755111694, 0.9251728625297546, 0.8933367184066773, 0.8650972653007507, 0.8374905750465393, 0.8116459310150147, 0.7864738870620728, 0.7624206181335449, 0.7388660938835144, 0.7170394277763367, 0.6943680825996399, 0.6732407437896728, 0.6530509420204162, 0.6331066183853149, 0.6138023389816284, 0.5952680275726319, 0.5772852115058899, 0.5597081630897522, 0.5430002554893494, 0.5263199703025818, 0.510598703365326, 0.494978377122879, 0.4801145710372925, 0.4654782322597504, 0.4515810890960693, 0.4380696822738647, 0.42540162687301636, 0.4121744083404541, 0.39969169753074646, 0.38779674160003663, 0.37627508777618407, 0.3648850206756592, 0.35389814014434817, 0.3432962853813171, 0.3331123591709137, 0.3229664341163635, 0.31365130773544314, 0.30475390339851377, 0.295941961145401, 0.29001719183921815, 0.28806885900497436, 0.28648060708999634, 0.2844276068305969, 0.28278177288055417, 0.2809723968410492, 0.27934231729507447, 0.27760462986946105, 0.27586889695167544, 0.27428125938415526, 0.27254489497184753, 0.2709939981460571, 0.2692584647655487, 0.26759782027244566, 0.26599502236366274, 0.2643547154903412, 0.26276520641326906, 0.2612061646080017, 0.2596360442829132, 0.2580286587142944, 0.25647931546211244, 0.2549366062259674, 0.25341004775047304, 0.2518937586402893, 0.2503732841968536, 0.2488345058965683, 0.24732976011753083, 0.24588147813796998, 0.24440166346549988, 0.24287689281463623, 0.2414646620941162, 0.24000513469696044, 0.23854525540351867, 0.23708115517139436, 0.23568644563674926, 0.23428215657234192, 0.23288278509140015, 0.23148010382652282, 0.2300525197315216, 0.22864766574859618]
0,0.9565217391304348
1,0.967741935483871
2,0.782608695652174
3,0.8620689655172413
4,0.7741935483870968
5,0.75
6,0.782608695652174
7,0.9230769230769231
8,1.0
9,0.9473684210526315
10,0.5
11,0.42857142857142855
12,0.85
13,0.6521739130434783
14,0.8518518518518519
15,0.875
16,0.8461538461538461
17,0.9523809523809523
18,0.6764705882352942
19,0.76
20,0.8333333333333334
21,0.8421052631578947
22,0.8823529411764706
23,0.7307692307692307
24,0.8260869565217391
25,0.5833333333333334
26,0.7916666666666666
27,0.8333333333333334
28,0.76
29,0.6896551724137931
30,0.8518518518518519
31,0.76
32,0.6818181818181818
33,0.6206896551724138
34,0.92
35,0.45454545454545453
36,0.9047619047619048
37,0.7894736842105263
38,0.8076923076923077
39,1.0
40,0.75
41,0.9545454545454546
42,0.9130434782608695
43,0.8695652173913043
44,0.6086956521739131
45,0.6842105263157895
46,0.45454545454545453
47,0.782608695652174
48,1.0
49,0.8235294117647058
50,0.7727272727272727
51,0.6666666666666666
52,0.85
53,0.9310344827586207
54,0.9545454545454546
55,0.5238095238095238
56,0.8636363636363636
57,0.6428571428571429
58,0.8571428571428571
59,0.8333333333333334
60,0.8518518518518519
61,0.7931034482758621
62,0.7692307692307693
63,0.8333333333333334
64,0.5789473684210527
65,0.7272727272727273
66,0.8461538461538461
67,0.6956521739130435
68,0.9523809523809523
69,0.8333333333333334
70,0.8333333333333334
71,0.8571428571428571
72,0.45454545454545453
73,0.65625
74,0.6060606060606061
75,0.9285714285714286
76,0.9047619047619048
77,0.6764705882352942
78,0.8421052631578947
79,0.8214285714285714
80,0.6896551724137931
81,0.8571428571428571
82,0.918918918918919
83,0.7666666666666667
84,0.8888888888888888
85,0.9
86,0.7857142857142857
87,0.9333333333333333
88,0.9047619047619048
89,0.8928571428571429
90,0.875
91,0.8974358974358975
92,0.6
93,0.8095238095238095
94,0.9565217391304348
95,0.6551724137931034
96,0.6521739130434783
97,0.75
98,0.6538461538461539
99,0.9565217391304348
16
7
91
43
14
92
6
89
13
85
47
27
81
63
59
10
78
18
53
17
27
43
10
54
94
79
68
31
69
64
83
41
49
11
96
20
87
90
52
26
83
67
20
20
7
83
27
45
68
93
86
12
60
73
99
1
70
50
26
58
88
42
88
19
34
71
19
48
91
48
58
16
63
75
71
4
32
15
98
32
14
87
38
12
8
45
92
31
92
61
89
92
78
83
45
85
28
37
54
30
95
7
59
24
94
7
94
94
11
42
65
52
40
38
4
43
82
46
75
93
50
34
5
85
30
74
22
95
81
92
27
52
18
44
92
65
69
84
0
43
48
67
62
89
53
44
58
19
8
68
64
3
57
62
39
0
95
51
58
19
89
90
81
61
41
80
52
66
68
80
4
46
25
27
35
50
88
14
75
53
3
5
35
82
7
87
61
7
91
1
5
17
72
41
94
33
67
8
39
23
86
31
63
71
67
45
84
46
74
49
77
65
50
2
40
55
36
3
41
47
54
87
37
75
4
71
14
0
9
44
57
83
45
22
47
63
89
61
85
39
7
25
98
50
70
70
49
70
87
89
29
65
97
36
83
82
96
11
7
74
80
2
9
78
40
36
91
91
99
73
76
83
42
28
90
50
82
24
65
16
40
39
7
63
10
51
96
51
29
66
53
30
84
27
5
91
53
74
72
15
15
44
5
66
28
55
48
73
75
38
77
3
13
18
92
55
13
74
29
91
91
61
75
58
71
70
98
52
94
89
90
56
57
43
60
98
30
96
78
74
80
80
54
99
23
76
92
18
14
26
9
90
85
32
63
43
30
87
44
26
99
70
8
90
65
80
41
17
39
53
66
48
5
88
89
50
87
37
41
91
16
27
90
16
89
5
76
83
74
85
24
72
32
76
33
5
52
46
21
40
58
84
6
91
72
46
66
7
79
0
23
14
72
86
75
45
6
22
33
76
52
41
90
22
34
45
48
7
30
2
1
23
3
22
5
80
93
18
39
79
62
53
54
63
18
84
66
8
59
8
88
62
29
30
73
2
33
39
4
4
45
83
58
39
18
84
4
5
57
18
23
29
85
34
42
16
86
99
95
45
97
0
69
98
44
86
54
29
85
82
91
82
17
50
58
12
26
54
28
58
79
1
45
44
10
3
33
23
91
73
1
1
11
1
19
88
11
29
56
0
54
61
20
13
17
53
89
18
81
6
96
41
26
26
25
60
22
73
44
47
24
90
78
17
7
0
87
26
73
14
56
74
12
54
21
79
8
43
39
51
40
53
98
72
31
8
57
33
88
35
6
94
94
65
22
16
63
57
2
4
88
72
58
27
36
13
91
84
9
12
9
65
85
70
59
90
2
59
79
70
34
97
10
49
18
55
70
64
38
34
61
69
37
27
24
3
78
75
33
35
1
84
22
86
4
91
13
90
68
60
84
0
34
14
32
92
14
49
35
86
3
89
7
15
66
35
50
12
41
31
34
93
84
26
74
72
50
57
54
35
67
44
66
60
79
58
82
67
98
89
28
55
95
76
60
76
91
37
2
4
62
43
91
48
63
34
42
34
53
3
28
8
40
44
47
61
60
73
61
26
63
42
49
92
92
78
72
87
18
20
55
0
85
65
75
23
42
95
81
58
73
60
21
62
19
87
47
79
90
75
73
15
41
39
99
87
94
45
91
36
77
3
75
62
94
61
50
38
12
1
0
30
84
98
29
7
18
48
87
91
84
4
62
31
40
30
30
43
86
96
18
98
25
14
28
75
35
81
22
44
79
5
33
56
81
15
84
69
30
6
68
70
81
74
7
80
55
60
5
14
48
83
0
70
38
4
24
69
16
9
42
41
39
27
0
70
85
9
43
79
77
75
74
80
42
44
8
0
36
89
4
46
69
56
42
22
71
98
72
99
86
0
21
2
1
31
47
43
83
75
68
18
1
25
96
46
47
90
2
77
37
61
31
9
4
92
38
93
28
39
6
41
44
49
1
11
19
91
82
4
60
34
56
19
32
74
87
99
49
98
8
58
93
87
35
24
35
43
52
6
4
27
8
63
26
34
39
97
52
75
33
87
49
98
16
33
76
41
97
8
75
17
55
93
27
4
41
60
30
55
21
77
90
54
87
86
37
47
66
2
73
55
25
62
26
65
28
15
80
59
69
45
92
39
42
13
49
48
44
71
48
69
9
26
37
46
71
66
66
88
82
1
39
88
93
82
7
17
56
40
70
54
68
52
81
45
16
6
85
12
99
88
40
68
36
60
17
94
25
46
75
61
62
58
88
51
75
73
70
37
28
90
55
88
68
38
73
6
16
58
61
39
56
17
33
77
63
87
75
4
16
94
72
76
60
97
1
0
75
31
72
71
75
52
6
43
14
84
14
44
1
88
53
66
5
56
32
52
40
24
86
54
54
88
61
87
54
24
40
85
17
90
22
86
77
79
94
45
0
39
89
82
41
87
91
73
4
62
27
2
10
46
28
38
93
70
13
7
15
24
76
98
32
79
15
47
47
93
67
81
26
70
95
60
70
2
82
66
34
6
65
62
74
17
36
88
96
48
79
50
55
83
66
68
27
64
16
10
16
25
18
29
63
53
9
38
43
74
15
1
45
91
1
84
69
81
10
33
80
68
30
8
3
81
45
18
14
35
28
55
5
53
34
27
93
6
44
93
85
14
35
31
69
47
57
95
85
80
1
82
45
66
77
58
31
42
23
90
18
83
31
51
80
23
64
61
40
51
99
28
19
63
26
97
78
34
27
13
50
17
28
29
10
61
83
83
53
73
7
59
82
34
15
68
68
34
82
75
37
8
94
16
24
21
8
96
53
49
38
85
27
32
96
20
29
43
69
94
26
54
60
91
34
48
71
53
5
0
59
83
69
73
27
12
42
61
21
95
88
61
15
24
1
77
67
82
5
64
51
52
79
70
46
1
59
87
60
33
76
45
15
14
1
35
94
79
16
71
26
55
60
73
9
75
5
55
44
32
38
56
45
44
40
52
98
7
85
30
83
51
79
89
99
86
15
29
63
66
62
80
24
57
43
78
49
99
95
93
63
71
42
86
64
4
3
62
65
17
35
66
32
57
99
2
6
1
82
82
94
95
81
96
77
33
67
31
60
26
63
63
62
82
36
76
31
47
75
77
29
94
27
70
95
32
38
67
37
36
65
40
53
87
95
53
42
43
89
69
93
81
84
71
19
33
73
75
85
47
97
62
13
18
46
83
92
53
46
66
45
48
94
10
69
60
42
98
59
52
44
57
4
83
89
71
68
52
32
58
98
22
62
52
2
58
77
96
86
33
58
69
97
14
51
2
63
45
58
42
6
75
81
99
28
50
57
88
25
38
71
47
53
48
79
59
29
82
90
93
81
17
14
69
25
32
39
14
89
74
67
99
28
98
88
20
42
18
60
48
69
18
21
6
39
87
15
37
83
48
98
89
73
77
38
23
21
96
11
16
84
30
13
30
46
31
45
59
77
4
41
8
19
54
4
68
9
91
67
3
40
71
77
38
9
82
3
76
20
60
42
94
66
72
45
25
61
36
4
14
26
60
77
62
85
79
16
27
93
23
33
88
18
58
51
83
23
85
56
20
79
20
30
52
19
4
35
18
26
0
56
47
83
59
83
51
3
3
30
9
77
43
15
72
77
19
73
24
7
95
4
61
50
30
39
33
19
17
81
17
28
45
16
12
41
49
63
60
12
2
51
98
3
46
15
84
19
29
70
62
34
94
30
11
4
99
96
90
16
56
4
24
71
3
19
14
23
68
45
81
61
90
21
57
22
87
82
12
38
10
93
77
84
41
64
76
25
91
94
42
79
19
76
87
18
51
1
50
94
6
45
23
0
55
91
48
95
48
61
54
69
57
68
56
86
80
37
67
71
25
50
60
79
0
44
55
46
93
2
32
83
10
76
97
13
30
27
74
8
17
42
91
98
36
69
4
57
84
39
85
3
91
44
76
13
8
92
69
82
7
73
89
3
42
39
45
80
63
15
50
16
62
94
60
91
83
62
85
48
59
11
5
35
18
75
75
4
3
72
17
89
92
19
36
22
67
83
63
2
62
37
2
99
77
56
22
84
14
71
94
44
12
41
52
91
85
43
82
12
97
42
96
47
22
1
11
78
72
93
85
18
63
65
25
44
2
22
44
59
2
54
98
56
75
47
76
20
48
97
9
10
38
5
3
50
43
84
18
6
9
72
38
6
75
15
29
11
20
95
3
40
74
79
83
57
74
86
10
74
58
36
90
8
76
78
40
91
14
37
0
58
96
1
61
59
21
60
89
82
61
80
52
65
55
32
77
69
26
42
79
11
20
38
52
15
7
65
63
52
26
29
3
79
39
30
99
5
8
43
52
40
58
54
82
3
82
93
70
99
21
17
56
64
74
1
92
61
85
78
58
10
53
74
47
5
34
81
64
77
30
66
63
35
1
46
42
45
87
63
87
26
41
70
65
21
32
90
36
85
65
87
21
87
71
83
27
74
1
8
93
98
61
88
90
10
83
30
58
34
24
74
49
12
28
74
78
58
45
87
79
63
14
47
31
77
59
49
71
25
67
81
98
54
67
17
21
1
88
21
77
95
91
12
15
82
22
16
66
5
1
29
29
73
27
81
63
53
23
81
86
42
71
28
75
35
62
79
16
8
7
22
81
87
83
65
62
49
70
57
75
45
40
91
23
13
80
6
42
3
30
30
35
94
41
36
52
12
43
86
97
53
50
97
3
61
20
22
57
25
71
74
68
20
49
67
87
94
41
66
27
10
51
1
15
42
6
13
8
2
25
45
93
71
56
99
67
78
2
76
50
30
53
91
81
65
70
23
11
95
40
80
62
11
23
78
96
67
36
8
15
4
80
27
60
7
54
48
16
57
94
30
92
43
62
58
19
23
38
40
96
95
10
99
86
53
89
11
52
58
54
85
74
66
82
72
95
43
37
34
47
52
40
53
45
8
83
3
90
16
28
53
27
59
4
33
92
89
44
12
55
89
98
78
82
91
31
91
47
9
73
69
36
24
91
95
37
61
70
69
11
4
76
80
10
90
98
94
24
39
1
33
90
55
7
39
15
99
3
41
66
80
27
45
4
32
5
45
9
26
33
19
40
79
59
65
11
38
23
39
25
97
45
25
47
42
56
98
82
41
44
51
45
88
18
95
64
78
96
49
64
40
36
97
40
59
49
62
28
33
4
18
81
91
5
87
3
50
80
86
89
17
12
80
4
6
27
40
13
98
37
21
76
26
59
49
30
60
38
51
66
87
38
63
53
98
48
24
13
31
31
84
46
61
24
34
98
45
99
27
51
91
0
72
50
57
4
60
90
86
9
46
92
99
77
57
14
2
70
69
69
91
79
93
58
0
20
7
85
82
79
58
67
58
55
85
27
70
29
97
46
53
37
30
28
86
50
24
31
95
1
2
36
59
99
55
85
0
23
64
51
62
31
86
57
72
73
42
91
84
48
90
69
82
21
89
68
68
76
31
58
8
90
13
30
78
88
33
99
42
12
92
8
82
78
97
62
74
4
90
27
38
67
56
18
77
72
95
54
53
45
87
73
29
33
14
86
19
97
4
9
57
89
14
25
26
49
11
14
80
83
3
27
30
52
74
29
59
90
14
77
72
7
75
27
16
30
50
83
14
51
42
70
