overall_acc,0.7868
loss,[10.881444805603028, 6.237416338348389, 4.198720327453613, 3.2605723136901856, 2.820805714187622, 2.600200950241089, 2.4899000429534914, 2.42847491065979, 2.383682586364746, 2.356680852203369, 2.342992712936401, 2.33286196685791, 2.315787127380371, 2.31309359664917, 2.314521123962402, 2.306598680496216, 2.2956479255676268, 2.3007160610198976, 2.3043043835449217, 2.294707534637451, 2.297565565185547, 2.297659210739136, 2.309374549560547, 2.3127496182250975, 2.3187219912719725, 2.315794850769043, 2.3280900871276855, 2.3297035276031495, 2.3291465602111816, 2.3453349867248536, 2.334433001022339, 2.3554653823089597, 2.362664930267334, 2.371314784698486, 2.36082280128479, 2.3670639193725584, 2.376820280303955, 2.400524643325806, 2.3961742376708983, 2.4131887480163576, 2.414987235412598, 2.4226003727722167, 2.4373028987121583, 2.4500111794281008, 2.449400111465454, 2.4542391928100584, 2.4651477694702146, 2.4774902363586424, 2.4838847354125977, 2.479954417953491, 2.4870525678253173, 2.4997154084777833, 2.506817787780762, 2.5146752668762207, 2.5118935122680663, 2.5162775441741942, 2.52108703414917, 2.5223577880096437, 2.5193153498077394, 2.537381904525757, 2.0127426652526856, 1.628570949859619, 1.4099046541213989, 1.2559329078674317, 1.158902133178711, 1.0974037539863586, 1.0774703398895265, 1.0668550057411195, 1.0513398014831543, 1.060194778137207, 1.0603163786888123, 1.0593740796852111, 1.062675339050293, 1.0679268446350099, 1.0744541012954711, 1.0779611888504028, 1.0843087812042236, 1.0809431478881837, 1.073965065689087, 1.0852410904693603, 1.0986360541534423, 1.1094534085464478, 1.0953384328460694, 1.0985435031509398, 1.1135055666923523, 1.1121028865814209, 1.1246809217071534, 1.1342234996414184, 1.1261752087402344, 1.1226674710464477, 1.1334987077331542, 1.1345211428833009, 1.127383466682434, 1.1344126528930665, 1.1391589562606812, 1.1386055712127685, 1.149315993270874, 1.1530308023834228, 1.1403677649688722, 1.144274364051819, 1.1529499250411988, 1.1581827424240112, 1.161221378326416, 1.1690750319290162, 1.1536447331619262, 1.1591854348754882, 1.1694772624969483, 1.1737364066314697, 1.1736859540557862, 1.1798752223205566, 1.1866491960144043, 1.1830720282745362, 1.1806580323028564, 1.1923467515563966, 1.181306400527954, 1.1643681630706788, 1.1650289514923096, 1.1818944553375244, 1.1785343491744995, 1.1907479341888427, 1.0517615116500854, 0.9636465512275696, 0.9270990376091004, 0.8957477101135254, 0.8673206650161743, 0.8394389566802979, 0.8132041361236573, 0.7879765475273133, 0.7641982772445679, 0.7404215946578979, 0.717824449672699, 0.6960712420463562, 0.6746593089675903, 0.65398273355484, 0.6340610075950622, 0.6150369387054443, 0.5961963326835632, 0.5782518039894105, 0.560785615901947, 0.5438891167831421, 0.5271357880210876, 0.5113209382247925, 0.495936772813797, 0.4808291641426086, 0.46643971803665163, 0.4525523550891876, 0.4387355434894562, 0.42561583846092227, 0.4131157426548004, 0.40091121790885925, 0.3884826126384735, 0.3772277437210083, 0.365652550945282, 0.35474860569000244, 0.3441681932258606, 0.3343228739452362, 0.3245929626274109, 0.31444634588241577, 0.3054738876056671, 0.2963366484260559, 0.2905492374038696, 0.2886530610847473, 0.28689053421020505, 0.2852263394737244, 0.28339579991340635, 0.281655368309021, 0.27990961740493775, 0.2782164187049866, 0.276533324136734, 0.2748444679260254, 0.27321610051155093, 0.2715193879795074, 0.2698759993267059, 0.2682264264774323, 0.266658963804245, 0.2650045675086975, 0.26344010014534, 0.26183477063179017, 0.26024038699150087, 0.25872797180175783, 0.2570745369529724, 0.25557554494857787, 0.25398861616134644, 0.25240943915367126, 0.25096712570190427, 0.24946275215148925, 0.24788910555839538, 0.24641782609939575, 0.2449875386762619, 0.24345008032798768, 0.24196634640216827, 0.2405364342689514, 0.23910068730831147, 0.23761774043083192, 0.23622800438404085, 0.2348165457201004, 0.23339668735027314, 0.23194939581394194, 0.23055474510669707, 0.2291677469921112]
0,0.9565217391304348
1,0.9354838709677419
2,0.8260869565217391
3,0.7931034482758621
4,0.7741935483870968
5,0.75
6,0.6956521739130435
7,0.8846153846153846
8,1.0
9,1.0
10,0.6
11,0.38095238095238093
12,0.75
13,0.7391304347826086
14,0.7777777777777778
15,0.8333333333333334
16,0.8846153846153846
17,0.9047619047619048
18,0.6470588235294118
19,0.76
20,0.8888888888888888
21,0.8947368421052632
22,0.9411764705882353
23,0.7692307692307693
24,0.8695652173913043
25,0.5833333333333334
26,0.7916666666666666
27,0.75
28,0.76
29,0.7586206896551724
30,0.8518518518518519
31,0.84
32,0.7272727272727273
33,0.6551724137931034
34,0.88
35,0.5
36,0.8571428571428571
37,0.7894736842105263
38,0.8461538461538461
39,0.9565217391304348
40,0.7142857142857143
41,0.9545454545454546
42,0.9130434782608695
43,0.8695652173913043
44,0.6521739130434783
45,0.7105263157894737
46,0.45454545454545453
47,0.6956521739130435
48,1.0
49,0.8235294117647058
50,0.7727272727272727
51,0.7142857142857143
52,0.85
53,0.9310344827586207
54,0.9545454545454546
55,0.6666666666666666
56,0.8181818181818182
57,0.6071428571428571
58,0.9142857142857143
59,0.625
60,0.9259259259259259
61,0.8275862068965517
62,0.9230769230769231
63,0.7083333333333334
64,0.5263157894736842
65,0.7272727272727273
66,0.8076923076923077
67,0.6086956521739131
68,0.9047619047619048
69,0.8
70,0.8333333333333334
71,0.8571428571428571
72,0.45454545454545453
73,0.75
74,0.6060606060606061
75,0.8928571428571429
76,0.9047619047619048
77,0.6764705882352942
78,0.7368421052631579
79,0.7857142857142857
80,0.7586206896551724
81,0.8571428571428571
82,0.918918918918919
83,0.7
84,0.8518518518518519
85,0.8666666666666667
86,0.8214285714285714
87,0.9
88,0.9523809523809523
89,0.8928571428571429
90,0.7916666666666666
91,0.8717948717948718
92,0.64
93,0.7619047619047619
94,0.9565217391304348
95,0.6206896551724138
96,0.6086956521739131
97,0.6666666666666666
98,0.6153846153846154
99,0.9130434782608695
16
7
91
34
14
92
6
89
13
85
96
27
81
63
59
61
78
18
53
17
27
43
10
54
94
79
68
31
69
64
83
41
23
46
47
20
87
90
52
26
83
67
20
20
7
83
27
45
68
93
22
12
60
73
99
18
70
86
26
58
88
64
88
19
3
71
19
48
44
48
58
16
63
75
55
4
32
15
98
32
14
87
29
12
8
45
92
31
62
61
89
62
78
83
26
85
28
37
54
30
95
7
59
24
94
7
94
94
11
42
65
52
40
38
55
80
82
98
75
93
74
34
5
85
30
74
22
95
81
92
27
52
51
44
62
65
69
84
0
43
48
67
62
89
53
67
58
19
8
68
3
3
53
70
39
0
95
51
58
74
89
90
81
61
41
66
52
66
68
80
4
46
25
74
35
50
88
19
75
53
3
5
35
82
7
87
61
7
91
1
5
37
72
41
94
33
67
79
39
23
28
31
63
71
67
45
84
35
74
33
77
65
50
55
51
55
36
3
41
59
54
87
37
75
4
71
14
24
9
44
57
83
45
61
52
42
89
22
85
39
7
25
98
2
70
70
49
70
87
89
41
65
97
36
83
82
79
11
7
74
80
2
9
78
40
54
91
91
99
73
67
83
42
70
90
50
82
24
38
16
22
39
7
63
10
51
96
77
29
66
53
30
84
26
5
26
53
74
72
38
15
44
5
66
16
55
48
95
72
65
77
3
13
18
92
55
13
95
29
91
91
61
75
58
71
70
98
52
94
89
90
52
57
43
60
45
30
96
78
74
80
80
54
99
60
76
61
18
14
26
9
90
85
32
63
43
30
87
44
26
99
70
8
90
65
80
41
17
39
53
66
48
5
88
8
38
87
31
40
91
16
4
33
16
89
5
76
83
74
85
24
72
32
76
33
35
52
46
74
40
58
84
24
91
38
46
66
9
79
0
23
14
80
86
75
45
6
22
33
76
52
81
49
22
34
45
48
7
91
2
1
23
3
22
5
80
93
18
39
41
62
53
54
3
18
84
61
8
59
8
88
62
29
30
73
2
33
39
4
22
45
83
58
73
18
84
4
5
57
18
23
29
85
34
42
16
86
99
95
45
97
0
86
32
44
86
54
29
85
82
91
82
17
74
58
12
26
54
28
58
79
1
4
99
22
3
29
23
91
73
1
1
35
39
19
88
11
29
56
0
54
61
20
13
17
53
89
18
81
6
47
41
74
26
25
60
22
73
4
87
24
90
63
17
7
0
87
26
73
14
56
18
12
54
21
79
8
43
39
51
40
53
98
4
31
8
57
33
32
35
6
94
94
65
22
16
18
57
2
63
88
72
58
27
36
13
91
84
9
58
9
65
85
70
52
45
2
59
79
70
34
97
86
49
18
55
70
64
38
34
61
69
37
55
24
3
78
51
63
35
1
84
22
86
55
91
13
90
68
60
84
0
34
54
32
92
18
59
35
86
3
89
18
15
66
35
50
12
41
31
34
93
84
26
74
77
50
57
54
11
67
44
66
60
26
58
82
67
98
89
28
4
95
76
60
76
91
37
2
4
62
43
91
48
27
44
42
34
53
21
28
8
40
44
47
61
60
73
61
26
63
42
49
92
92
48
55
87
18
20
55
0
85
75
76
23
42
95
81
58
73
60
21
62
19
87
47
79
90
75
91
15
41
39
99
33
94
45
91
36
77
3
75
62
94
61
50
38
12
1
0
30
84
98
29
7
18
48
81
91
84
63
62
31
40
55
30
61
86
47
18
35
20
14
28
3
2
81
16
73
79
5
18
56
81
31
84
69
30
6
68
70
81
74
7
63
55
60
5
14
48
83
0
92
38
4
24
69
16
9
42
41
39
27
0
70
85
9
43
79
77
75
74
80
42
62
8
0
36
89
43
46
69
56
42
10
71
98
64
40
16
0
21
2
1
4
47
43
92
65
68
44
1
25
96
98
47
90
46
77
37
61
31
14
4
92
38
93
28
39
18
41
44
49
1
11
19
91
82
4
60
34
56
19
32
74
86
99
30
98
8
58
93
87
11
24
35
43
52
6
4
27
8
63
26
34
39
97
96
75
33
87
49
46
16
33
76
41
97
8
75
17
55
93
27
4
41
60
30
65
21
77
90
54
87
86
37
47
75
2
73
55
25
62
26
19
28
15
14
47
17
45
92
39
42
13
49
48
42
71
48
69
9
15
88
11
71
66
29
88
82
1
39
88
93
82
7
17
56
40
70
14
68
52
69
45
16
6
85
12
99
88
40
68
36
60
17
94
25
46
75
61
62
58
97
51
75
73
54
37
28
90
55
88
68
38
73
6
16
58
61
39
56
17
33
77
63
87
63
4
16
94
55
76
60
97
1
0
75
31
55
71
75
52
6
43
14
84
14
6
1
88
53
66
5
56
32
52
40
24
86
54
54
88
61
87
54
24
10
85
17
90
22
86
77
79
94
45
0
39
89
82
41
87
91
73
4
62
55
46
10
46
28
38
9
70
13
7
15
24
76
98
51
79
15
47
47
93
73
81
26
70
95
60
70
11
82
66
34
6
65
62
74
15
36
88
47
48
79
50
55
57
66
68
85
64
16
63
16
95
18
29
63
53
9
38
80
74
15
1
93
55
1
84
69
81
10
33
80
68
30
8
3
13
6
18
20
11
28
74
5
53
34
27
93
6
44
93
37
91
46
31
69
47
86
95
85
80
1
82
45
66
44
58
31
42
23
90
6
83
31
51
80
23
64
61
16
51
99
28
19
63
26
97
78
34
90
13
74
17
28
29
10
57
83
83
53
73
7
59
82
34
15
68
68
34
82
75
37
8
94
16
24
21
8
96
53
49
63
89
27
32
96
20
29
43
69
94
26
54
23
91
34
48
71
53
5
0
63
83
69
73
27
12
42
61
21
55
88
61
15
24
1
77
67
82
5
64
51
52
79
70
46
1
59
87
60
88
76
45
19
6
1
35
94
80
40
71
26
55
60
73
9
75
5
27
14
32
38
56
45
80
40
52
2
75
85
30
83
51
79
13
99
86
15
29
63
66
62
80
24
57
43
78
49
99
95
93
55
71
78
86
64
26
92
62
50
17
98
21
32
57
61
2
6
70
82
82
94
95
81
96
93
33
67
31
60
79
41
63
62
82
36
76
31
47
75
77
29
94
27
70
95
32
38
91
37
2
65
40
53
87
95
53
42
43
89
69
93
81
40
71
31
33
73
75
90
47
97
92
13
33
46
62
92
53
98
66
45
48
94
10
40
60
42
35
59
52
44
57
4
83
89
71
68
52
46
58
98
22
62
52
2
58
77
96
86
33
58
69
97
14
51
2
63
50
58
42
6
66
81
99
28
50
57
88
25
38
73
47
53
48
79
59
29
82
90
91
81
17
14
69
25
32
39
1
89
4
67
99
28
98
88
20
42
18
60
48
69
14
41
6
39
25
15
37
83
48
3
89
73
77
38
23
21
96
11
13
84
30
58
30
70
31
45
59
77
4
41
8
19
54
4
68
9
91
67
19
40
71
77
38
9
82
3
76
20
60
42
94
66
72
14
25
61
36
4
14
74
60
77
62
85
66
61
27
93
23
33
88
18
58
51
83
23
85
56
20
79
20
30
56
19
55
35
18
26
0
56
47
83
52
10
51
3
3
71
9
77
43
15
72
77
19
73
24
7
29
4
61
18
30
39
33
19
31
9
17
28
45
65
12
70
49
63
71
12
2
51
98
3
46
15
84
19
66
70
62
34
94
30
11
42
99
33
90
16
56
4
24
71
3
15
14
23
12
10
81
61
90
21
57
22
87
82
85
38
10
93
77
84
41
36
76
25
91
94
42
79
19
76
87
18
51
1
50
94
6
45
23
0
55
91
48
30
48
45
54
69
51
68
56
39
80
47
67
71
25
50
60
40
0
44
74
46
80
2
32
83
61
69
88
13
30
27
74
8
17
42
91
46
36
69
50
57
84
76
85
3
91
44
76
13
8
92
85
82
7
73
89
64
42
39
45
80
55
15
50
16
62
94
60
91
83
62
58
48
59
11
5
2
55
75
75
4
3
72
17
89
92
19
36
22
73
83
63
2
92
37
11
99
77
56
22
84
14
71
94
44
12
41
52
91
85
43
82
40
80
42
96
47
22
1
11
78
72
93
85
18
63
65
25
44
2
86
26
59
2
54
98
56
75
52
76
20
48
97
9
81
38
5
3
36
43
84
18
6
9
72
38
6
75
15
29
11
20
95
3
58
74
44
83
1
74
86
10
74
58
36
90
8
49
80
40
1
14
37
0
58
96
1
61
59
21
60
89
82
61
80
52
65
55
32
77
69
26
42
79
11
20
38
52
15
7
65
63
96
26
29
3
79
39
30
99
5
8
67
52
40
58
54
82
3
96
93
70
99
21
17
56
64
74
1
92
10
85
78
58
10
53
74
47
5
34
81
64
77
30
66
63
45
95
46
14
7
87
63
87
26
41
70
74
21
32
90
36
85
57
87
21
87
71
53
27
74
1
8
6
98
61
88
90
10
83
55
58
34
24
74
23
12
28
74
45
58
45
87
79
63
14
47
31
77
52
60
71
25
67
81
98
54
67
17
21
1
88
21
77
95
91
12
15
82
22
16
66
25
1
29
29
73
27
81
63
53
23
81
86
78
71
28
75
46
62
79
16
8
7
22
81
87
83
65
62
49
70
57
77
33
40
91
23
13
80
6
42
97
30
55
35
94
41
36
52
12
43
86
97
53
50
97
95
61
20
22
57
25
71
72
68
20
49
67
87
16
41
66
27
10
51
1
15
42
53
85
8
2
25
45
5
71
56
99
67
26
2
76
50
30
53
91
81
65
92
23
46
72
40
11
62
11
23
78
96
67
65
8
15
4
80
27
60
7
54
48
16
57
94
30
92
43
62
58
19
23
38
16
96
95
10
99
86
53
89
11
52
58
54
85
74
72
82
72
32
43
37
34
47
52
40
53
45
8
14
3
26
87
28
53
68
59
4
33
92
89
44
44
55
89
98
78
82
91
31
91
47
9
73
69
36
24
91
95
37
61
83
69
35
3
76
55
10
90
35
94
24
86
1
33
33
55
7
39
15
99
3
41
66
80
27
45
4
32
5
45
9
93
33
15
35
24
59
65
11
38
23
39
25
97
58
87
47
42
56
98
82
41
38
51
79
88
18
95
64
78
96
49
64
40
36
97
40
32
49
62
10
15
4
77
81
91
5
87
3
50
80
86
89
17
12
80
3
24
32
25
13
98
59
21
76
32
59
49
30
60
80
51
66
87
38
62
53
4
48
24
13
31
29
84
46
61
24
34
46
45
99
27
51
91
0
72
50
57
4
60
90
86
9
46
92
99
77
57
14
2
70
69
69
91
79
93
58
0
20
7
24
82
79
58
72
58
74
85
55
70
29
97
46
53
37
73
28
86
50
24
31
95
1
2
36
59
99
55
85
0
60
64
82
62
31
86
0
72
73
42
91
84
85
90
69
82
21
89
68
68
76
31
58
8
37
13
30
78
14
33
99
42
12
92
8
82
78
97
62
50
4
12
27
38
77
56
18
77
72
95
54
0
45
16
73
29
33
14
86
19
97
4
9
57
89
18
58
26
49
11
14
80
83
3
27
30
59
74
29
59
90
14
77
4
7
75
27
16
30
90
83
14
51
42
70
