overall_acc,0.794
loss,[10.861473092041015, 6.234666351928711, 4.1973839659118655, 3.2577827757263185, 2.816365836029053, 2.606198559036255, 2.4861491785430907, 2.423685497055054, 2.386798175354004, 2.356558260192871, 2.3511161866760255, 2.338034581451416, 2.3260406004333496, 2.3160504921722413, 2.3180772328186037, 2.302111794128418, 2.304145648803711, 2.308702945327759, 2.3144571419525146, 2.297929405212402, 2.30811302444458, 2.305289194641113, 2.309382121734619, 2.302927579498291, 2.3122443270874022, 2.3175067172241213, 2.328039745941162, 2.325039427871704, 2.3412545992279052, 2.324198677444458, 2.3407278620910645, 2.34840292263031, 2.3568976904296877, 2.359443678588867, 2.3704847705078125, 2.380560135498047, 2.3844483117675783, 2.3860710542297365, 2.40758260017395, 2.4193890656280517, 2.437420961227417, 2.4227311669921874, 2.4462398445129394, 2.4478631137084963, 2.4601962495422365, 2.4620152168273925, 2.477073653717041, 2.4836482958984374, 2.495910837173462, 2.4893042031860353, 2.5111371029663085, 2.5167065162658693, 2.5185943174743652, 2.525318298950195, 2.5166818698883056, 2.54009762588501, 2.5384818014526367, 2.545032960510254, 2.5479185133361817, 2.541895044555664, 2.017282098007202, 1.6328173662567138, 1.4160779977416993, 1.2595648657608032, 1.1581091401290893, 1.0916272389602661, 1.0603150009918212, 1.053900303993225, 1.0440497459030151, 1.0580799035835267, 1.066656190071106, 1.0583297997665406, 1.0688759769821168, 1.0722967472076417, 1.0650854738616944, 1.0776651606369019, 1.0817891425323487, 1.0819521668624879, 1.0734597041320801, 1.08643253282547, 1.1109185195541382, 1.0982171227264403, 1.1028563772583009, 1.1150907668113708, 1.1250773807525636, 1.1208765245819092, 1.1241778553771973, 1.1218220474243163, 1.114470252456665, 1.1345633739089966, 1.1366276831054687, 1.1365325373077393, 1.1373517795181274, 1.148544574623108, 1.1392814910125733, 1.1522625035476683, 1.153511905708313, 1.1683856628417968, 1.1549997101593017, 1.1630992699050904, 1.1587199892425537, 1.1590435529708862, 1.1523532424926757, 1.1648200010299683, 1.1628503718948364, 1.167115040245056, 1.1806023625564575, 1.1833083643341065, 1.1852284923934937, 1.1710904766082764, 1.173055165901184, 1.1850725588226318, 1.184816940383911, 1.180931348876953, 1.1752432187652588, 1.1776309897613526, 1.1853753091430663, 1.1872528472137451, 1.1967746319580077, 1.196177608566284, 1.0583380729675294, 0.973484526424408, 0.9347723044776917, 0.9033777802276611, 0.8745405949592591, 0.8468219722175598, 0.8200081165885925, 0.7952201784133911, 0.7704295679092408, 0.74714683385849, 0.7240701387023926, 0.7017813980484009, 0.6804488446807861, 0.6600012434196472, 0.6400591491889953, 0.62035454454422, 0.6013115080451965, 0.5833428342056275, 0.5656776764297485, 0.5487367602729797, 0.5322473738098145, 0.5159976695823669, 0.5002830453109741, 0.4853306099414825, 0.4708960708904266, 0.4565426274585724, 0.4427237659931183, 0.42935548387527467, 0.4163760935974121, 0.40406178804397586, 0.3918169346523285, 0.38002945808410643, 0.3688191600894928, 0.35752722924232483, 0.3469343054008484, 0.3365463171863556, 0.3264235108566284, 0.31688953289031985, 0.307308429813385, 0.2981291487121582, 0.2928069661235809, 0.29079736351013186, 0.2889122190475464, 0.2871215564727783, 0.2854854665660858, 0.28367183015823366, 0.28194602443695066, 0.28020872172355654, 0.2785193301963806, 0.27683261736869813, 0.27511546663284303, 0.2734220925140381, 0.27189357130050656, 0.27018928097724915, 0.2685561312675476, 0.26686615631103516, 0.2652801824760437, 0.2637314455795288, 0.26209306607246396, 0.2605104207038879, 0.25892848856925965, 0.2573914843559265, 0.2558198172569275, 0.2542832949066162, 0.2527953989124298, 0.25127671290397646, 0.24971105783939362, 0.24820422034740447, 0.24679104851722716, 0.24522198217868804, 0.24377241164684296, 0.24233833037376404, 0.24080892584323882, 0.23935306730270386, 0.2379415944814682, 0.23652982229709626, 0.23505320197582244, 0.23371928296089173, 0.23223713237285615, 0.2308969169473648]
0,1.0
1,0.9032258064516129
2,0.8695652173913043
3,0.6896551724137931
4,0.7741935483870968
5,0.75
6,0.9130434782608695
7,0.8076923076923077
8,1.0
9,1.0
10,0.35
11,0.6666666666666666
12,0.75
13,0.6086956521739131
14,0.8148148148148148
15,0.875
16,0.9615384615384616
17,0.9523809523809523
18,0.7058823529411765
19,0.84
20,0.7777777777777778
21,0.8421052631578947
22,0.9411764705882353
23,0.9230769230769231
24,0.8695652173913043
25,0.5833333333333334
26,0.75
27,0.75
28,0.8
29,0.7586206896551724
30,0.7777777777777778
31,0.68
32,0.6818181818181818
33,0.6896551724137931
34,0.84
35,0.5454545454545454
36,0.8571428571428571
37,0.7368421052631579
38,0.8846153846153846
39,1.0
40,0.7142857142857143
41,0.9090909090909091
42,0.8260869565217391
43,0.8260869565217391
44,0.7391304347826086
45,0.7105263157894737
46,0.4090909090909091
47,0.7391304347826086
48,1.0
49,0.9411764705882353
50,0.8181818181818182
51,0.7142857142857143
52,0.75
53,1.0
54,0.9545454545454546
55,0.5714285714285714
56,0.9090909090909091
57,0.6785714285714286
58,0.8857142857142857
59,0.625
60,0.7777777777777778
61,0.8620689655172413
62,0.8461538461538461
63,0.6666666666666666
64,0.631578947368421
65,0.6363636363636364
66,0.8076923076923077
67,0.6956521739130435
68,0.9523809523809523
69,0.9
70,0.8666666666666667
71,0.7619047619047619
72,0.5454545454545454
73,0.5625
74,0.696969696969697
75,0.9642857142857143
76,0.9047619047619048
77,0.6764705882352942
78,0.7368421052631579
79,0.8571428571428571
80,0.7241379310344828
81,0.9047619047619048
82,0.9459459459459459
83,0.8666666666666667
84,0.8518518518518519
85,0.9
86,0.8571428571428571
87,0.8666666666666667
88,1.0
89,0.8928571428571429
90,0.9583333333333334
91,0.8717948717948718
92,0.56
93,0.8095238095238095
94,0.9130434782608695
95,0.6551724137931034
96,0.5217391304347826
97,0.7083333333333334
98,0.6538461538461539
99,0.8695652173913043
16
7
91
43
14
92
6
89
13
85
47
27
81
63
59
61
78
45
53
17
27
43
10
54
94
79
68
99
69
64
83
41
23
86
96
20
87
90
52
26
83
67
20
20
7
83
27
45
68
93
86
12
69
78
99
1
70
44
29
58
88
64
88
19
34
23
19
48
44
48
58
16
63
3
71
4
91
55
98
32
14
87
51
33
8
45
92
31
62
61
89
92
78
83
26
85
28
37
54
30
95
7
59
24
94
7
94
94
11
42
65
63
40
38
74
43
82
46
75
51
74
34
5
85
30
74
22
95
81
92
27
52
6
44
62
65
69
84
0
43
48
67
62
89
53
44
90
19
8
68
3
3
83
70
39
0
95
51
58
19
12
90
81
61
41
77
52
66
68
80
4
11
65
74
35
50
88
14
75
53
3
5
35
82
7
90
61
7
91
1
5
17
72
41
94
33
67
79
39
23
6
31
63
71
67
45
10
46
74
49
77
65
50
55
51
27
36
3
41
82
54
87
37
75
74
71
14
24
9
44
57
83
45
22
85
42
89
22
85
39
18
25
98
98
70
70
49
70
87
90
41
84
97
36
83
82
77
11
7
74
80
2
9
91
40
36
32
91
99
73
76
83
42
62
90
50
82
24
38
16
5
39
7
63
10
51
96
77
29
74
53
30
84
44
5
91
53
74
72
15
15
44
5
66
16
55
48
73
75
65
77
3
13
18
92
55
13
74
29
91
91
61
75
12
71
70
98
52
94
89
90
56
57
43
60
25
30
59
78
6
80
80
54
99
60
76
54
18
14
26
9
81
85
32
63
43
73
87
44
26
99
70
8
90
65
80
41
17
39
53
66
48
5
88
89
74
46
37
41
91
16
4
33
16
89
5
76
83
74
85
24
44
32
76
45
5
52
46
55
40
58
84
24
91
38
35
66
41
79
0
23
14
3
86
75
45
6
22
33
76
52
81
90
22
34
45
72
7
30
11
1
23
3
22
5
80
93
27
86
41
62
53
54
4
18
84
22
8
96
8
88
62
29
73
73
2
33
39
4
22
45
83
58
30
18
84
4
5
45
18
23
29
85
34
42
16
86
40
95
45
97
0
46
32
44
86
54
29
85
82
91
82
17
50
58
12
26
54
28
58
79
1
4
95
16
3
56
23
91
73
1
1
11
22
19
88
11
29
56
0
54
61
7
13
17
53
89
18
81
6
47
41
26
26
25
60
22
30
4
47
24
18
78
17
7
0
87
26
73
88
56
18
12
54
80
79
8
43
39
61
40
53
98
4
31
8
57
33
56
35
6
94
94
16
22
16
90
57
2
38
88
72
58
27
36
13
91
84
9
89
9
65
85
70
59
7
2
59
79
70
34
97
16
49
44
55
70
29
38
34
61
69
37
66
24
3
78
72
33
35
1
84
22
86
55
91
58
90
68
60
84
0
34
54
32
92
14
49
35
86
3
89
7
15
66
35
50
12
41
31
34
93
84
26
74
78
50
57
54
11
73
44
66
60
26
58
82
67
98
89
28
55
95
76
60
76
91
85
2
4
62
43
91
48
63
44
82
34
53
3
28
8
69
44
47
61
60
73
61
45
63
63
49
92
92
6
57
76
18
20
55
0
85
75
33
23
66
95
81
58
73
60
21
62
19
87
47
79
90
75
74
15
41
39
99
33
94
45
91
36
77
72
75
25
94
61
50
38
12
1
0
30
84
98
29
7
18
48
13
91
84
27
62
31
40
95
30
22
86
96
18
64
25
14
28
75
2
81
61
44
79
5
88
56
81
15
84
69
30
6
68
70
81
74
7
3
55
60
5
14
48
83
0
70
38
4
24
69
16
9
42
41
39
27
0
70
85
9
43
79
77
75
74
80
42
45
8
0
36
89
15
46
69
56
42
22
71
98
72
40
16
0
21
2
1
64
47
43
83
31
68
18
1
25
96
98
47
90
2
28
37
61
31
14
4
92
38
93
28
39
6
41
44
49
92
11
97
91
82
4
60
34
56
19
32
74
16
99
49
98
8
58
93
87
98
24
35
43
47
6
4
27
8
63
26
34
39
97
37
75
33
87
49
46
16
33
76
41
97
8
75
17
55
93
44
4
41
49
30
55
21
53
90
54
87
86
37
47
66
2
73
55
25
62
26
65
28
15
14
47
17
45
92
39
42
58
49
48
42
71
48
69
9
26
37
11
71
66
66
88
82
1
39
88
93
82
18
17
56
40
70
1
68
52
69
45
16
6
85
12
99
88
40
68
36
23
17
98
25
46
75
61
92
58
34
51
75
73
70
37
28
90
55
88
68
38
73
6
16
58
61
39
56
17
33
77
50
87
75
4
16
94
55
76
60
97
1
0
75
31
72
71
75
52
6
43
14
84
14
44
1
88
53
66
5
56
32
52
40
24
86
54
54
88
61
87
54
24
40
85
17
90
22
86
77
79
94
45
0
39
89
82
41
87
91
73
4
62
72
46
10
46
28
38
72
70
13
7
15
26
76
98
51
79
15
47
47
93
73
81
26
70
95
60
70
11
82
66
34
6
65
62
74
31
36
88
52
48
79
50
72
83
66
68
66
64
16
61
16
84
18
29
84
53
9
38
50
74
15
1
93
59
1
84
69
81
10
33
80
68
30
8
3
81
45
18
45
35
20
72
5
53
34
27
93
18
44
93
85
14
35
31
69
47
86
95
85
80
1
82
26
66
77
58
31
42
23
90
18
83
31
51
80
23
64
61
16
51
99
28
19
63
7
97
78
34
90
13
50
17
28
29
10
61
83
83
53
73
7
59
82
34
15
68
68
34
82
75
37
8
87
16
24
21
8
96
53
49
38
85
27
32
96
20
29
43
69
94
26
34
23
91
97
48
23
53
5
0
59
57
69
73
50
12
42
61
21
72
88
28
15
24
1
77
67
82
5
64
51
52
79
70
46
1
59
87
60
88
76
45
15
7
1
35
94
79
16
71
26
55
60
73
9
75
5
74
27
32
38
14
72
80
40
52
2
18
85
30
92
51
79
25
99
86
15
29
63
66
62
80
24
57
43
78
74
99
95
93
72
71
77
86
64
4
51
62
50
17
98
21
32
57
61
2
6
70
82
82
94
95
81
96
77
33
67
31
60
7
14
63
62
82
36
76
31
47
75
77
29
94
27
70
95
32
38
67
37
2
65
40
53
87
95
53
42
43
89
69
93
81
40
71
31
33
91
75
85
47
97
1
13
24
46
62
92
53
46
66
45
48
94
10
69
60
42
98
59
52
44
57
4
83
89
71
49
96
32
58
98
22
62
52
2
58
77
96
86
33
58
69
97
14
51
2
63
10
58
42
6
75
81
99
28
36
57
88
25
38
23
47
53
48
79
59
29
82
90
93
81
17
14
69
25
32
39
62
89
4
67
99
28
98
88
20
43
18
60
48
69
18
16
6
39
2
15
37
83
48
55
89
67
77
38
72
21
96
11
94
84
30
58
30
98
31
83
59
77
4
41
8
19
54
4
68
9
91
67
19
40
71
77
38
9
82
3
76
20
60
42
94
66
72
6
25
61
36
4
14
10
60
14
62
85
79
16
27
93
23
33
88
18
58
0
83
23
85
56
20
7
20
30
56
19
55
98
65
26
0
56
47
57
52
83
44
3
3
23
9
77
43
15
63
77
19
73
79
7
29
4
61
50
30
39
14
19
51
9
17
28
45
16
12
41
49
63
60
12
11
77
98
68
40
15
84
19
34
70
62
34
94
30
35
42
99
33
90
16
56
4
24
71
3
19
14
23
68
45
81
61
90
21
57
22
87
82
12
38
10
93
14
84
41
64
76
25
91
94
42
79
19
76
87
18
51
1
50
37
6
45
23
0
74
91
89
95
48
45
54
69
82
68
56
46
80
47
67
71
25
50
60
79
0
44
55
98
80
2
32
83
61
69
97
13
30
27
74
8
17
42
91
11
36
69
50
57
84
71
89
21
91
44
76
13
8
92
69
82
79
73
89
74
42
39
78
80
4
15
74
16
70
94
71
91
83
62
58
48
33
11
5
2
91
75
75
4
31
72
17
89
92
19
36
93
67
83
63
2
62
37
2
99
77
56
22
84
14
71
94
44
12
41
52
91
85
43
82
40
80
42
96
47
22
1
11
78
72
93
85
18
63
65
25
44
2
86
44
59
2
54
35
56
75
47
76
20
48
97
9
41
38
5
3
50
43
84
18
6
9
72
38
6
75
15
29
35
20
95
3
58
74
78
83
91
74
86
10
44
58
36
90
8
49
65
40
1
14
90
0
58
96
1
61
59
21
60
89
82
61
80
52
65
55
32
77
69
26
42
79
11
20
38
52
15
7
65
63
52
26
29
3
79
39
30
99
5
8
19
52
40
58
54
82
3
82
93
70
99
21
17
56
64
74
1
92
61
85
78
58
61
53
74
47
5
34
81
64
77
30
66
63
45
93
46
44
45
87
72
87
26
41
70
57
21
32
90
36
85
3
87
21
87
71
53
27
63
1
8
93
98
61
88
13
10
83
27
85
34
24
74
49
12
28
74
48
58
45
87
79
67
14
47
3
77
52
17
71
25
73
81
98
54
67
17
21
1
88
21
77
95
91
12
15
82
22
16
66
25
41
29
29
73
27
81
63
53
23
81
86
78
71
28
75
35
26
79
16
8
7
22
81
87
83
65
62
49
70
57
63
6
40
91
23
13
80
6
42
21
30
55
11
94
41
36
52
12
43
86
97
53
50
97
95
61
20
22
57
25
71
72
68
20
49
67
87
16
41
66
44
10
54
62
15
42
6
85
8
2
25
45
93
71
56
99
30
44
2
76
50
30
53
91
81
65
70
23
11
72
40
80
62
11
23
78
96
67
50
8
15
4
80
27
60
7
54
48
16
57
94
30
92
43
92
58
19
23
38
40
33
95
16
99
86
53
89
11
52
58
54
85
74
72
82
72
32
43
81
34
47
52
40
53
45
8
83
3
90
76
28
53
27
59
4
33
92
89
44
71
55
89
98
78
82
91
31
91
47
9
73
69
36
89
91
95
37
61
83
69
11
15
76
84
82
90
98
94
24
39
1
33
90
55
7
39
15
78
3
41
66
80
27
45
4
32
5
45
9
44
33
28
35
24
56
65
11
38
23
39
25
97
66
25
47
42
56
98
82
41
38
51
79
19
18
95
64
78
96
49
64
40
36
97
40
45
49
62
10
56
4
80
81
91
5
87
3
50
80
86
89
17
12
80
21
24
63
40
13
98
85
21
76
14
59
49
30
49
80
51
66
87
38
63
53
4
48
24
13
31
29
84
46
61
24
34
46
45
99
27
51
91
0
15
50
57
44
60
90
86
9
8
92
99
77
57
14
2
70
69
69
32
79
44
58
0
20
6
85
82
79
58
72
58
4
85
55
62
29
97
46
53
37
30
28
86
50
24
29
95
1
2
36
47
99
55
85
0
23
64
6
62
31
86
57
72
73
63
91
84
48
90
69
82
21
89
68
68
76
31
13
8
37
13
95
78
8
33
99
97
12
92
8
82
18
97
62
74
4
69
29
29
67
56
18
77
72
95
54
53
45
16
73
29
33
79
86
19
97
4
9
53
89
18
25
26
49
11
14
80
83
75
27
30
52
74
42
52
90
14
77
55
7
75
27
16
30
50
83
65
51
42
70
