overall_acc,0.7976
loss,[10.895448963317872, 6.265922344665527, 4.214649838104248, 3.2758816494750977, 2.828132154159546, 2.599696559448242, 2.487666805114746, 2.4264838916015625, 2.381536052932739, 2.356902987060547, 2.3415509697723387, 2.32450134727478, 2.3243437286376953, 2.3059342005157473, 2.3030328663635253, 2.303715116081238, 2.300434422454834, 2.3027206325531004, 2.292773104476929, 2.2955444664764406, 2.299702921867371, 2.293074035644531, 2.3047300230407717, 2.2996251745605467, 2.3033482583999634, 2.318838649291992, 2.322389922027588, 2.3161572537994384, 2.3371825927734373, 2.337681722602844, 2.345492900238037, 2.350698257293701, 2.358009844894409, 2.366856543197632, 2.3721307835388186, 2.3829279172515867, 2.3791853099823, 2.4054358247375487, 2.399847375793457, 2.409832595825195, 2.415082074508667, 2.422899683532715, 2.4385099821472167, 2.440988691711426, 2.4529545810699465, 2.4545324084472657, 2.4787740213775633, 2.4785316956329346, 2.4966740743255613, 2.490267238769531, 2.493616729736328, 2.505505162353516, 2.518817038421631, 2.5272960929870605, 2.5240125885009768, 2.5286247634887697, 2.5293168019104004, 2.533112932357788, 2.546811150817871, 2.539001356124878, 2.020508391418457, 1.634480948638916, 1.4124095839309692, 1.259890763092041, 1.1510516780471802, 1.1070316578674317, 1.0674727917480469, 1.0580935416412354, 1.0552145809173583, 1.0588130281639099, 1.0664630801963806, 1.0735357927322389, 1.0694367306327819, 1.0788350366210937, 1.0830799194335938, 1.0935709435081482, 1.0806725443267822, 1.0941486420440674, 1.0864869954681395, 1.101474543762207, 1.102809499206543, 1.0950439102554321, 1.112501410446167, 1.1147905003356933, 1.1133818161201476, 1.1281859397888183, 1.1258949453735352, 1.1276539963150025, 1.1341132904052735, 1.1324683987426758, 1.1325347480773926, 1.1361087691116334, 1.1391206563186647, 1.140556534538269, 1.1318665812683106, 1.1358174210739136, 1.1525395276641845, 1.1437738526916503, 1.165632031211853, 1.1658317362213135, 1.1516607639312744, 1.167096872291565, 1.155849023246765, 1.1548566849517823, 1.1761028163146974, 1.1821233098220825, 1.1682766842651366, 1.1797395323181152, 1.1755653134155273, 1.170906717567444, 1.170035844039917, 1.1774766584777832, 1.1588467232894897, 1.1729937586212158, 1.1973876513671875, 1.1927841381835937, 1.1758303844833373, 1.1875712954711914, 1.1848664235305786, 1.16957166431427, 1.0462581565093994, 0.958423423500061, 0.9214197897529602, 0.8899770811080933, 0.8616299598693847, 0.8350017740249633, 0.8087827053070068, 0.7834985966873169, 0.7595297885704041, 0.7367013049125671, 0.713627724571228, 0.6921065338516236, 0.6710209061813355, 0.6502546454238891, 0.6305066927719116, 0.6115440911102294, 0.5928696323585511, 0.5749977429962159, 0.5576310952186585, 0.5405951630020142, 0.5242839910697937, 0.5083858187675476, 0.4930503889465332, 0.47818690390586854, 0.4638791928672791, 0.44998888204574583, 0.4363356337547302, 0.4232468064880371, 0.41045926891326906, 0.39840017633438113, 0.38629688006401064, 0.37484656408309935, 0.3637439841556549, 0.35280242369651793, 0.34206049476623535, 0.33201775000572203, 0.3219102381324768, 0.312493832950592, 0.3032399617099762, 0.2943396862506866, 0.2890026358127594, 0.2869218373298645, 0.28514795124053954, 0.283362144241333, 0.2817116583824158, 0.27983784448623655, 0.2781877238178253, 0.2764543106651306, 0.27475287897109985, 0.2730849405384064, 0.27146913953781127, 0.2698046238231659, 0.2681868041229248, 0.26655560413360596, 0.26492987000465396, 0.2633152227497101, 0.26173998927116393, 0.2601922805309296, 0.2586244693470001, 0.2570445099544525, 0.2554238645744324, 0.2539219235420227, 0.2524272739505768, 0.25090518880844115, 0.24940344242095946, 0.24788748990058898, 0.2463753950023651, 0.24484260585308074, 0.24341110180854797, 0.2419943821144104, 0.24046923411369323, 0.23906854629039764, 0.23764569333076477, 0.23615565263271332, 0.2348030825138092, 0.23332549860954285, 0.23193723978042602, 0.23050992294311523, 0.22915274583816528, 0.22775759067058562]
0,0.9130434782608695
1,0.8709677419354839
2,0.7391304347826086
3,0.6551724137931034
4,0.7741935483870968
5,0.875
6,0.8695652173913043
7,0.8076923076923077
8,1.0
9,0.9473684210526315
10,0.45
11,0.5238095238095238
12,0.85
13,0.6521739130434783
14,0.8888888888888888
15,0.875
16,0.9230769230769231
17,0.9523809523809523
18,0.6176470588235294
19,0.8
20,0.8888888888888888
21,0.8947368421052632
22,0.9411764705882353
23,0.7692307692307693
24,0.8260869565217391
25,0.6666666666666666
26,0.75
27,0.8333333333333334
28,0.8
29,0.7931034482758621
30,0.8518518518518519
31,0.68
32,0.7272727272727273
33,0.6896551724137931
34,0.8
35,0.5454545454545454
36,0.8571428571428571
37,0.7894736842105263
38,0.7692307692307693
39,1.0
40,0.7857142857142857
41,0.9545454545454546
42,0.8695652173913043
43,0.782608695652174
44,0.5652173913043478
45,0.7368421052631579
46,0.5
47,0.6521739130434783
48,1.0
49,0.7647058823529411
50,0.8181818181818182
51,0.8095238095238095
52,0.8
53,0.9310344827586207
54,0.9545454545454546
55,0.5238095238095238
56,0.9090909090909091
57,0.6785714285714286
58,0.8857142857142857
59,0.7916666666666666
60,0.8148148148148148
61,0.7586206896551724
62,0.8461538461538461
63,0.9166666666666666
64,0.7368421052631579
65,0.7272727272727273
66,0.7692307692307693
67,0.6521739130434783
68,0.9047619047619048
69,0.8
70,0.8666666666666667
71,0.9047619047619048
72,0.45454545454545453
73,0.65625
74,0.6363636363636364
75,0.9642857142857143
76,0.8571428571428571
77,0.7352941176470589
78,0.7894736842105263
79,0.8928571428571429
80,0.7586206896551724
81,0.8571428571428571
82,0.9459459459459459
83,0.8666666666666667
84,0.8518518518518519
85,0.9333333333333333
86,0.8214285714285714
87,0.8666666666666667
88,0.9523809523809523
89,0.9285714285714286
90,0.875
91,0.9230769230769231
92,0.72
93,0.8095238095238095
94,0.9565217391304348
95,0.5862068965517241
96,0.5652173913043478
97,0.875
98,0.5
99,0.9130434782608695
16
7
91
43
14
92
6
89
13
85
96
27
81
63
59
10
78
7
53
17
27
43
10
54
94
79
68
3
69
64
83
41
23
11
47
20
87
90
52
26
83
93
20
20
7
83
27
45
68
93
86
12
69
73
99
18
62
44
26
58
88
97
88
19
34
71
19
48
73
48
58
16
63
3
71
4
32
15
98
32
14
87
38
12
8
45
92
31
62
61
89
92
78
83
45
85
28
37
54
30
95
7
59
24
94
7
94
94
11
42
65
52
40
38
55
80
82
46
75
93
50
34
5
85
30
74
22
95
81
92
91
52
51
44
92
65
69
84
0
43
48
63
62
89
83
27
81
19
8
68
3
3
53
70
39
0
95
51
58
19
89
90
81
61
41
77
52
66
68
80
4
11
25
66
35
50
88
7
75
53
3
5
35
82
7
87
61
7
91
1
5
17
72
41
94
33
67
8
39
23
6
31
63
71
67
45
10
11
74
33
77
26
50
15
51
72
36
3
41
96
54
87
37
75
74
71
14
19
9
44
57
83
45
16
59
63
89
61
85
39
7
25
98
1
70
70
49
70
87
89
41
25
97
36
83
82
51
46
7
74
80
2
9
91
40
36
91
91
99
73
79
83
42
28
90
50
82
24
65
16
40
39
7
63
10
51
96
51
29
66
53
30
84
26
5
91
53
74
72
15
15
93
87
66
77
55
48
67
75
64
77
3
13
18
92
55
13
73
29
91
91
61
75
58
71
70
98
52
94
89
90
56
57
43
60
78
30
59
78
6
80
80
54
99
60
76
57
18
14
26
9
90
85
32
63
43
73
87
44
26
99
70
8
90
65
80
41
17
39
53
66
48
5
88
13
97
46
37
41
91
16
27
33
16
89
5
69
83
74
85
24
72
32
76
45
5
52
46
72
40
58
84
6
91
63
35
66
41
79
0
23
14
15
86
75
45
6
22
96
76
52
41
90
22
34
45
78
7
30
2
1
23
3
22
5
80
93
27
39
79
92
53
54
63
18
84
16
8
59
8
88
62
29
30
73
2
33
39
4
22
45
83
58
73
18
84
4
5
26
18
23
29
85
34
64
16
86
99
95
45
97
0
46
93
44
86
92
29
85
82
91
82
17
32
15
12
26
54
28
58
79
1
1
99
10
64
33
23
91
73
1
1
98
57
19
88
11
29
56
0
54
61
20
13
17
53
89
18
81
6
96
41
19
26
25
60
22
30
4
47
24
79
78
17
7
0
87
26
73
14
56
44
12
54
21
79
8
43
39
61
40
53
98
4
31
8
57
33
82
35
6
94
16
10
22
16
64
57
2
55
88
72
58
77
36
13
91
84
9
89
9
65
85
70
59
7
2
59
79
70
34
97
22
49
18
55
70
64
38
34
61
69
37
63
24
3
78
72
33
35
1
84
22
86
4
91
13
90
68
60
84
0
34
14
32
92
14
49
35
86
3
89
44
15
66
35
50
12
41
31
5
93
84
26
74
72
50
57
54
11
73
44
66
60
26
58
82
67
98
89
28
55
95
76
60
76
91
37
2
4
62
43
91
48
63
34
42
34
53
21
28
8
40
44
47
22
60
73
61
29
59
66
49
92
92
6
55
68
18
20
4
0
85
75
75
23
66
95
81
58
73
60
21
62
19
87
47
79
90
75
67
15
41
39
99
33
94
45
91
36
77
95
75
92
94
61
50
38
12
1
0
30
84
98
29
7
18
48
87
91
84
63
62
31
40
72
30
22
86
96
18
77
25
14
28
75
2
81
22
44
79
5
88
56
81
31
84
69
30
6
68
70
81
74
7
80
55
60
5
14
48
83
0
70
38
4
24
69
16
9
42
41
39
27
0
70
85
9
38
79
77
75
74
80
42
62
8
0
36
89
4
46
69
56
42
22
71
35
72
40
16
0
21
2
1
64
47
43
83
65
68
44
1
25
96
98
47
90
46
77
37
61
31
14
4
92
38
93
28
39
18
41
44
49
1
11
19
91
82
4
60
34
56
13
32
74
16
99
49
98
8
58
93
87
11
24
35
43
52
6
30
27
8
63
26
34
39
97
37
75
33
87
60
46
16
33
76
41
97
8
75
17
55
93
44
4
41
60
30
65
21
77
90
54
87
86
37
47
75
2
73
55
25
62
26
65
28
15
14
47
69
45
92
39
42
58
49
48
44
71
48
69
9
88
84
46
71
66
66
88
82
1
39
88
93
82
7
17
56
40
70
54
49
52
76
45
16
6
85
12
99
88
40
68
36
60
17
87
20
46
75
61
70
58
34
51
75
73
54
37
28
90
55
88
68
38
93
6
16
58
61
39
56
17
96
77
63
87
75
4
16
94
55
76
60
97
1
0
75
31
72
71
75
52
6
43
14
84
14
29
1
88
53
66
5
56
32
52
40
24
86
54
54
88
61
87
54
24
40
85
17
90
22
86
77
79
94
45
0
39
89
82
41
87
91
73
4
62
3
46
10
46
28
38
74
70
13
7
15
26
76
98
51
79
15
47
47
93
73
81
26
70
95
60
70
2
82
66
34
6
65
62
74
31
36
88
52
48
79
50
7
83
66
68
74
64
16
93
16
86
7
29
63
53
9
77
4
74
15
1
93
96
1
84
92
90
10
33
80
68
30
8
3
13
26
18
14
35
28
72
5
53
34
27
93
6
44
93
85
91
46
31
69
47
86
95
85
80
1
82
45
66
44
58
31
42
23
90
18
83
31
51
80
23
64
61
40
51
99
28
19
63
93
97
78
34
71
13
50
17
28
29
10
61
83
83
53
73
7
59
82
34
15
68
68
34
82
75
37
8
94
16
24
21
8
52
53
49
38
85
27
32
96
20
29
43
69
94
26
92
23
91
15
48
71
53
5
0
59
57
69
73
27
12
42
61
21
95
88
28
15
24
1
77
67
82
5
64
51
52
79
70
46
10
59
87
60
33
76
45
19
7
1
35
94
79
16
71
26
72
60
73
9
75
5
27
27
32
38
51
45
50
40
47
35
7
85
30
14
51
79
89
99
86
15
29
63
66
62
80
24
57
43
78
49
99
95
93
77
71
77
86
64
19
35
62
50
17
98
21
32
57
61
2
6
70
82
82
94
95
81
96
93
33
67
31
60
8
63
63
62
82
36
12
31
47
75
77
29
94
27
70
95
32
38
32
37
36
65
40
53
87
95
53
42
43
89
69
93
81
84
71
31
33
73
75
85
47
97
62
81
42
46
62
92
53
46
66
45
48
94
10
69
60
27
98
59
52
44
57
4
83
89
71
12
52
46
58
98
22
62
52
2
58
77
96
86
33
58
69
97
14
51
2
4
45
58
63
6
75
81
99
28
36
57
88
25
38
71
47
53
48
79
59
29
82
90
93
81
17
14
69
25
32
39
1
89
4
67
99
28
98
88
20
4
18
60
48
69
18
64
6
39
87
15
37
2
48
31
89
67
79
38
49
21
96
11
41
84
30
13
30
98
72
83
59
77
4
41
8
19
54
4
68
9
91
67
3
40
71
57
38
9
82
55
76
20
60
42
94
66
72
14
25
61
36
50
14
26
60
14
62
27
79
10
67
93
23
33
88
18
58
51
83
23
85
56
20
7
20
30
56
19
4
35
80
26
83
56
47
83
59
83
51
3
3
30
9
77
43
15
72
77
19
73
77
7
29
4
61
50
30
39
45
19
17
25
17
28
45
16
90
70
46
63
71
12
11
77
11
3
46
15
84
19
34
70
62
34
94
91
11
5
99
33
90
16
56
4
24
71
3
19
14
23
68
10
81
61
90
21
57
22
87
82
12
38
10
93
77
84
41
64
76
25
91
94
42
79
19
76
87
18
51
1
50
37
6
45
23
0
55
91
89
95
48
45
54
69
83
68
56
2
80
37
67
71
5
50
60
79
0
44
74
46
80
2
32
54
61
76
97
13
30
27
74
8
17
42
91
11
43
69
50
57
84
76
85
3
91
79
76
13
8
92
69
82
7
73
89
32
42
39
45
80
55
15
50
16
70
94
60
91
83
62
58
48
33
11
5
11
18
75
75
4
31
72
17
89
92
19
36
22
67
83
63
2
92
37
35
99
77
56
22
84
14
71
94
44
12
41
52
91
85
43
82
40
97
42
96
47
22
1
11
78
63
93
85
18
63
65
25
44
2
86
44
59
2
54
98
56
75
52
76
20
48
97
9
78
38
5
3
36
43
84
18
6
9
72
38
82
75
15
29
35
25
95
3
58
74
14
83
91
74
86
10
50
58
36
90
8
49
65
40
61
14
13
0
58
96
1
61
59
21
60
89
82
61
80
52
65
55
32
77
69
26
42
79
11
20
38
52
15
79
65
63
96
26
29
3
79
39
30
99
5
8
19
52
40
58
54
82
3
96
93
70
99
21
17
56
64
74
1
92
61
85
78
58
10
53
74
70
5
34
81
64
77
67
66
63
35
93
46
18
45
87
63
87
26
41
70
65
21
32
90
36
85
65
87
21
87
71
83
27
63
1
8
93
98
61
88
90
10
83
29
85
3
24
74
49
12
28
66
78
58
45
87
79
63
14
47
3
77
52
69
71
25
67
81
2
54
67
17
21
1
88
21
77
95
91
12
15
82
22
16
66
25
44
29
29
73
67
81
63
53
23
81
86
78
71
28
75
35
62
79
16
8
7
22
81
87
83
65
62
49
70
57
63
18
40
91
23
13
80
6
42
21
30
55
11
94
41
36
52
12
43
86
97
53
50
97
3
61
20
22
57
25
71
72
68
20
49
67
87
16
41
66
27
10
51
1
15
42
6
90
8
2
5
45
5
71
56
99
67
78
2
76
50
30
53
91
81
65
70
23
46
72
40
30
62
11
23
78
96
67
19
8
15
4
80
27
60
7
54
48
16
57
94
30
92
43
62
58
19
23
38
40
59
95
61
99
86
53
89
11
52
58
54
85
74
64
82
72
32
43
17
34
47
47
40
53
45
8
83
3
90
87
28
53
27
59
4
33
92
89
44
12
4
89
98
78
82
91
31
91
47
9
73
69
36
26
91
95
37
61
83
69
11
64
76
80
61
90
2
94
24
39
1
33
44
55
79
39
15
99
3
41
66
80
27
45
4
32
5
45
9
93
33
28
11
24
59
65
11
38
23
39
25
97
58
25
47
27
56
98
82
41
44
51
79
19
18
67
64
78
96
49
64
40
36
97
40
45
49
62
10
56
4
77
81
91
5
87
3
50
80
86
89
17
12
80
46
24
32
40
13
98
37
21
76
74
59
49
30
33
80
51
66
87
38
63
53
4
48
24
13
31
29
84
46
61
24
34
46
45
99
27
51
91
0
15
50
57
4
60
90
86
9
46
1
99
77
57
14
2
70
69
69
91
79
93
58
0
20
6
85
82
79
58
72
58
4
85
55
62
29
97
46
53
37
30
28
86
50
24
29
95
1
2
36
96
99
55
85
0
60
64
82
62
31
86
57
72
73
42
91
84
85
90
69
82
21
89
68
68
76
31
58
8
81
13
30
78
53
33
99
42
12
92
8
82
78
97
62
74
4
12
29
97
77
56
18
77
72
95
54
53
45
16
73
29
33
14
86
19
97
4
9
57
89
14
25
26
49
11
14
65
83
21
27
30
52
74
29
52
90
14
77
4
7
75
27
16
30
50
83
14
51
42
70
