overall_acc,0.7984
loss,[10.799801395874024, 6.202455714263916, 4.185778609008789, 3.2570671911621094, 2.8170219741821287, 2.5938937887573243, 2.477353210144043, 2.4178995824432374, 2.377241374359131, 2.354880655670166, 2.332083533477783, 2.330729937286377, 2.315753960876465, 2.307569028930664, 2.306806811904907, 2.2969329499816893, 2.2870372315216065, 2.2936367741394044, 2.291376729888916, 2.287325792160034, 2.285771131439209, 2.29939548248291, 2.301053384933472, 2.3034290602111818, 2.317603073730469, 2.309741779022217, 2.3082425607299806, 2.32446693069458, 2.324040017700195, 2.334043941116333, 2.3401677101135254, 2.3436518243408204, 2.3599979388427736, 2.3663930142974854, 2.3712652657318114, 2.3739382566833496, 2.3913422232818604, 2.3940781869506838, 2.4048437546539305, 2.4160980255126954, 2.4202170260620117, 2.435942010345459, 2.4445027308654783, 2.4444056884765626, 2.4666893697357177, 2.461775512084961, 2.4617730337524413, 2.4752336375427246, 2.4928277348327637, 2.483587186279297, 2.502832484741211, 2.503748748474121, 2.5269333000183107, 2.515424382324219, 2.5375287158203124, 2.5370316688537597, 2.5514862241363527, 2.5449915088653565, 2.5520265300750733, 2.5422361701965333, 2.0107100168991088, 1.6322303728485108, 1.4101930043029784, 1.2542477477264404, 1.1505467305755614, 1.1011002369689942, 1.0647619487190247, 1.0422865371322632, 1.0599477713775636, 1.0645483571243286, 1.051908904762268, 1.058648761177063, 1.0694955085754394, 1.0709845924758912, 1.0666030855178834, 1.0814404955291748, 1.090009370803833, 1.0925687801742554, 1.0990228384399414, 1.0858431092834473, 1.1130161820220947, 1.1073773823165893, 1.120551559829712, 1.1139656475830078, 1.1097886918640136, 1.126248560371399, 1.1241261148071289, 1.1250721189498902, 1.1196567045211792, 1.129685535621643, 1.134656658630371, 1.1391841401672362, 1.1352774531555176, 1.1390932273483276, 1.1391036279296876, 1.14177814868927, 1.1607439986801147, 1.1545594718170167, 1.1550803387451172, 1.1629474713516235, 1.1538190556716919, 1.1415772397613526, 1.1511037252044678, 1.1690981551742554, 1.1610476277542114, 1.1696551552200318, 1.1765224482345582, 1.1668106368255615, 1.1639128382873536, 1.1704957093811035, 1.1803406644058227, 1.159753473587036, 1.1779107968139648, 1.169579993057251, 1.1682444995498658, 1.1776985297393798, 1.1814148891067504, 1.184178126144409, 1.1966964555358888, 1.1766714229583741, 1.0465840126800536, 0.9626898888969422, 0.9255307916259765, 0.8939797004127502, 0.8653375101661682, 0.8381677611541748, 0.8120577096366882, 0.7866549975585938, 0.762407356185913, 0.7394717992782592, 0.7166656292724609, 0.6946857028198242, 0.673793795337677, 0.6528384663963318, 0.6335922627449035, 0.6140963761138916, 0.5955766562652588, 0.577534652481079, 0.5599273175239563, 0.5429339770507813, 0.5265550041389465, 0.5104716461944581, 0.4951541383743286, 0.48025672344207765, 0.4659605506515503, 0.451811120223999, 0.43848152626037595, 0.4248973737716675, 0.41240532941818236, 0.40053969626426694, 0.388394486989975, 0.37655418531417845, 0.365349836769104, 0.3544591865825653, 0.34377179948806763, 0.3339260194015503, 0.3242284118270874, 0.31440425481796264, 0.3047156225299835, 0.2958370549106598, 0.29013440533638, 0.2882417684841156, 0.2865457877826691, 0.2847708986759186, 0.28294364122390747, 0.28128821947097776, 0.27954710512161257, 0.27787858387947084, 0.27612833520889285, 0.27446978055000304, 0.27280242230415347, 0.27117161959648134, 0.2695085405445099, 0.2678937402153015, 0.26627084840774534, 0.26467282925605773, 0.2630834538936615, 0.26144369565963743, 0.25990805137634276, 0.2582876405143738, 0.25672359877586365, 0.25516803890228273, 0.2537407307815552, 0.25215608956336977, 0.2506356334209442, 0.2490939677619934, 0.24760082484722137, 0.24611789049625396, 0.24461524868488313, 0.2431551250076294, 0.2416576473236084, 0.24022269554138184, 0.2387849051427841, 0.23736378140449524, 0.23591170796871186, 0.23449741253852843, 0.23312864007472991, 0.2316775912809372, 0.2302813303565979, 0.22890279473304748]
0,1.0
1,0.9354838709677419
2,0.782608695652174
3,0.7931034482758621
4,0.7419354838709677
5,0.75
6,0.8695652173913043
7,0.7692307692307693
8,1.0
9,1.0
10,0.3
11,0.42857142857142855
12,0.95
13,0.6521739130434783
14,0.8148148148148148
15,0.8333333333333334
16,0.8461538461538461
17,0.9047619047619048
18,0.6764705882352942
19,0.84
20,0.8333333333333334
21,0.8947368421052632
22,0.8823529411764706
23,0.8846153846153846
24,0.8260869565217391
25,0.6666666666666666
26,0.8333333333333334
27,0.7083333333333334
28,0.88
29,0.7931034482758621
30,0.8148148148148148
31,0.76
32,0.6363636363636364
33,0.5862068965517241
34,0.88
35,0.5
36,0.8571428571428571
37,0.7368421052631579
38,0.8846153846153846
39,1.0
40,0.8214285714285714
41,0.9090909090909091
42,0.8695652173913043
43,0.9130434782608695
44,0.6521739130434783
45,0.6842105263157895
46,0.5454545454545454
47,0.6521739130434783
48,1.0
49,0.8823529411764706
50,0.7727272727272727
51,0.8095238095238095
52,0.9
53,0.9655172413793104
54,0.9545454545454546
55,0.7619047619047619
56,0.8181818181818182
57,0.5714285714285714
58,0.8857142857142857
59,0.7916666666666666
60,0.8148148148148148
61,0.7586206896551724
62,0.8461538461538461
63,0.9166666666666666
64,0.6842105263157895
65,0.6363636363636364
66,0.8461538461538461
67,0.6956521739130435
68,0.9523809523809523
69,0.8666666666666667
70,0.9333333333333333
71,0.8571428571428571
72,0.5
73,0.71875
74,0.6363636363636364
75,0.9642857142857143
76,0.8095238095238095
77,0.7058823529411765
78,0.7894736842105263
79,0.7857142857142857
80,0.7586206896551724
81,0.8571428571428571
82,0.9459459459459459
83,0.8
84,0.8888888888888888
85,0.9333333333333333
86,0.8571428571428571
87,0.8333333333333334
88,0.9523809523809523
89,0.8214285714285714
90,0.875
91,0.8974358974358975
92,0.64
93,0.8095238095238095
94,0.9130434782608695
95,0.5862068965517241
96,0.4782608695652174
97,0.7916666666666666
98,0.6538461538461539
99,0.9130434782608695
16
7
91
43
14
92
6
89
13
85
47
74
81
63
59
61
78
45
53
17
26
43
10
54
25
79
68
31
69
64
83
41
23
35
96
20
87
90
52
26
83
67
20
20
7
83
27
45
68
93
86
12
69
73
99
1
62
44
26
58
88
97
88
19
34
23
19
48
73
48
58
16
63
75
71
4
91
49
98
32
14
87
38
12
8
45
92
31
62
61
89
92
78
83
45
85
28
37
54
72
95
7
59
24
94
7
94
94
11
42
65
63
40
38
55
80
82
46
75
51
74
34
25
85
30
74
22
95
81
92
27
52
51
44
62
65
12
84
0
43
48
67
62
45
53
44
81
19
8
68
93
3
83
70
39
0
95
51
58
74
90
90
81
61
41
77
52
66
68
80
43
46
25
74
35
50
88
14
75
53
3
5
98
82
7
81
61
7
91
1
5
37
72
41
94
33
67
44
39
23
6
31
63
71
67
45
84
35
74
49
77
65
50
46
51
85
36
3
41
47
54
81
37
75
74
71
14
0
9
44
57
83
45
22
52
42
89
22
85
39
7
25
98
50
70
54
49
70
87
89
41
25
97
36
83
82
88
46
7
74
80
2
9
26
40
36
91
91
99
73
40
83
42
28
90
50
82
24
38
16
10
39
7
63
10
51
59
77
29
66
53
30
84
44
5
22
53
74
72
15
15
44
5
66
77
55
48
73
63
66
77
3
13
18
92
55
13
91
29
91
91
99
75
58
71
70
98
52
94
89
90
56
57
43
60
55
30
96
78
6
80
80
54
83
60
69
54
18
14
26
9
90
85
32
63
43
30
87
44
26
99
70
8
90
65
80
41
17
39
53
66
48
5
88
13
67
46
37
40
91
16
27
33
16
89
84
69
83
74
85
24
3
32
76
33
5
52
46
27
40
58
84
6
91
38
98
66
9
79
0
23
14
72
86
75
45
6
22
33
76
52
81
90
22
34
45
48
7
30
2
1
23
3
22
5
80
93
18
39
79
92
53
54
63
18
84
66
8
59
8
88
62
29
30
73
2
33
39
4
61
45
83
58
73
18
84
4
5
2
18
23
29
85
34
42
16
86
99
95
45
97
0
59
46
44
86
62
29
85
82
91
82
17
47
58
12
26
54
28
58
6
1
33
99
57
3
33
23
91
73
1
1
35
32
19
88
11
29
56
0
54
61
20
13
17
53
89
18
81
6
47
41
26
26
25
60
22
72
74
87
24
79
78
17
7
0
87
26
73
14
56
9
12
54
21
79
8
43
39
51
40
53
98
4
31
8
57
33
24
35
6
94
86
84
22
16
64
57
2
63
88
72
58
26
36
13
91
84
9
58
9
65
85
70
59
41
2
59
79
70
34
97
86
49
44
55
70
19
38
34
61
69
37
63
24
3
78
26
63
98
1
84
22
86
55
91
13
90
68
60
84
0
34
70
32
92
14
59
35
86
3
89
44
15
66
35
7
12
41
31
28
93
84
26
74
44
50
92
54
11
73
44
66
60
79
58
82
67
98
89
28
55
95
76
60
76
91
37
2
42
62
43
91
48
63
34
42
34
53
3
28
8
40
44
96
61
60
73
61
26
63
63
49
92
92
6
72
94
18
20
55
0
85
75
33
23
66
95
81
58
73
60
21
62
19
87
47
79
90
75
73
15
41
39
99
46
94
45
91
36
77
3
75
62
94
61
50
38
12
1
0
30
84
98
29
7
18
48
81
91
84
63
62
31
40
55
30
43
86
47
59
35
25
14
28
75
2
81
22
44
79
5
88
56
81
33
84
69
30
6
68
70
12
74
7
18
55
60
5
14
48
18
0
70
38
7
24
69
16
9
42
41
39
27
0
70
85
9
43
79
77
75
74
80
42
45
8
0
36
89
4
46
69
56
42
22
71
98
63
40
16
0
21
45
1
64
52
43
0
65
68
18
1
25
96
98
47
90
2
51
37
61
31
14
4
92
38
93
28
39
6
41
44
49
92
11
19
91
82
4
60
34
56
19
32
63
86
99
95
98
8
58
93
87
45
79
22
43
47
6
4
27
8
63
26
34
39
97
37
75
33
87
49
46
16
33
76
41
97
8
75
17
63
93
27
4
41
60
30
65
21
77
90
54
87
86
37
52
66
2
73
55
25
62
26
19
28
15
14
47
17
45
92
39
42
13
49
48
44
71
48
69
9
26
16
46
71
66
66
88
82
1
39
88
93
82
7
17
56
40
70
14
68
52
69
45
16
62
85
12
99
88
40
68
36
23
17
94
25
46
75
61
70
58
34
51
75
73
70
37
28
90
55
88
68
38
73
6
16
58
61
39
56
17
33
77
63
87
75
4
16
94
55
76
60
97
1
0
75
31
55
71
75
52
6
43
14
84
18
51
1
88
53
66
5
56
32
52
40
24
86
54
54
88
61
87
54
24
40
85
17
90
22
86
77
79
94
45
0
39
89
82
41
87
91
73
4
62
55
98
51
46
28
38
74
70
13
29
15
24
76
98
73
79
15
47
47
93
73
81
26
70
95
60
70
11
82
66
34
6
65
62
74
31
36
42
52
48
79
50
15
57
66
68
96
64
16
63
16
95
18
29
63
53
9
38
43
74
15
1
78
96
1
84
69
81
10
33
80
68
30
8
3
81
26
18
14
35
28
72
5
53
34
27
93
18
44
93
85
91
98
31
69
47
57
95
85
80
1
82
79
66
44
58
31
42
23
90
18
83
19
51
80
23
64
61
40
51
99
28
19
63
26
97
78
34
90
13
50
17
28
29
10
57
83
83
53
73
7
59
82
34
15
68
68
34
82
75
37
8
94
86
24
21
8
52
53
49
38
85
27
32
96
20
29
43
69
94
26
82
23
91
34
48
23
53
5
0
59
84
69
73
27
12
42
61
21
65
88
28
15
24
1
77
67
82
5
64
51
52
79
70
46
1
59
87
60
88
76
45
19
7
1
35
94
15
16
71
26
55
60
73
9
75
5
55
27
96
38
33
45
64
40
47
35
18
85
30
92
51
79
13
99
86
15
29
63
66
62
80
24
53
43
78
49
99
95
93
55
71
78
86
64
4
3
62
64
17
5
21
32
57
99
35
6
70
82
82
94
95
81
96
93
49
67
31
60
26
64
63
62
82
36
12
31
47
75
77
29
94
27
70
95
32
38
32
37
36
65
40
53
87
95
53
42
43
89
69
93
81
84
71
31
33
73
75
85
47
97
92
13
42
46
83
92
53
46
66
45
48
94
10
69
60
42
35
59
52
44
57
4
83
89
71
68
52
21
58
98
22
62
52
2
58
77
96
86
33
58
69
97
14
51
2
4
45
58
42
6
75
81
99
28
50
57
88
25
38
71
47
53
48
79
59
29
82
90
91
81
17
14
69
25
32
39
62
89
4
67
99
28
98
88
20
50
18
60
48
69
18
90
6
39
19
15
37
53
48
46
89
67
77
38
72
21
96
11
16
84
30
58
30
98
72
83
59
77
50
41
8
19
54
4
68
9
91
67
19
40
71
77
38
9
82
3
76
20
71
42
94
66
72
14
25
61
36
4
14
51
60
77
62
85
37
86
27
93
23
33
88
18
58
0
83
23
85
96
20
79
20
30
47
19
44
98
80
26
0
56
96
83
59
83
51
79
3
30
9
77
43
15
72
77
19
73
77
7
12
4
61
50
30
39
45
75
17
9
17
28
45
28
12
70
49
63
71
12
35
77
98
31
46
15
84
19
34
70
62
34
5
30
11
32
99
33
90
16
56
4
24
71
3
19
14
23
68
45
81
61
90
21
57
22
87
82
12
38
10
93
77
84
41
64
76
25
91
94
42
79
19
76
87
18
51
1
50
94
6
45
23
0
55
91
48
95
48
45
54
69
98
68
56
86
80
37
67
71
25
50
60
79
0
44
55
46
80
2
32
92
61
69
97
13
30
27
74
8
17
42
91
35
43
69
50
57
84
76
85
21
91
79
76
13
8
92
69
82
7
73
89
19
42
39
26
80
4
15
50
16
62
94
60
91
83
62
85
48
59
11
5
2
55
75
75
4
31
72
17
89
70
19
36
22
67
83
63
2
92
37
11
99
77
56
22
84
14
71
94
44
72
41
52
91
85
43
82
40
97
42
96
47
22
1
48
78
72
93
85
18
63
65
25
44
2
86
26
59
2
54
35
56
75
52
76
20
48
97
9
45
38
5
3
35
43
84
18
6
9
72
38
6
75
15
29
11
25
95
3
58
74
44
83
91
74
86
10
74
58
36
90
8
49
80
40
1
14
37
0
58
96
1
61
59
21
60
89
82
61
80
52
65
55
32
77
69
26
42
8
46
20
38
52
15
79
65
63
96
26
29
3
79
39
30
99
5
8
67
52
40
58
54
82
3
82
93
70
99
21
17
56
64
74
1
70
61
85
78
58
28
53
26
47
5
34
81
64
77
67
66
63
98
93
46
27
45
87
63
87
26
41
70
51
21
32
90
36
85
3
87
21
87
71
53
27
74
1
8
93
98
61
88
90
10
83
74
13
34
24
74
49
12
28
74
26
58
45
87
79
67
14
47
31
77
52
60
71
25
67
81
2
54
67
17
21
1
88
21
77
95
91
12
15
82
22
16
66
5
1
29
29
73
27
81
63
53
23
81
86
78
71
28
75
35
26
79
16
8
7
22
13
87
10
65
62
49
70
57
63
18
40
91
23
13
80
6
42
21
30
72
35
5
41
36
59
12
43
86
97
53
50
97
3
61
20
22
57
25
71
72
68
20
49
67
87
16
41
66
27
87
63
1
15
42
6
12
8
2
5
45
85
71
56
99
67
78
2
76
50
30
53
91
81
65
70
23
46
72
40
30
62
11
23
78
96
67
36
8
15
4
80
27
60
7
54
48
16
57
94
30
92
43
92
58
19
23
38
40
33
95
84
99
86
53
89
11
52
58
54
85
74
72
82
72
95
43
81
34
47
52
40
53
45
8
83
3
90
40
28
53
27
59
4
33
62
89
44
12
55
89
98
78
82
91
31
91
47
9
73
69
36
26
91
95
37
61
70
69
11
15
76
84
82
90
98
94
24
39
1
33
55
64
79
39
15
39
3
41
66
80
27
45
55
32
5
45
9
44
33
84
35
24
59
65
11
38
23
39
25
97
58
46
47
29
56
98
82
41
38
51
79
19
18
73
64
78
96
49
64
40
36
97
40
67
49
62
28
52
4
18
81
91
5
87
3
50
80
86
89
17
12
80
4
26
27
40
13
98
37
21
76
14
59
49
30
33
80
51
66
87
38
63
53
2
48
24
13
31
29
84
46
61
24
34
98
45
99
27
51
91
0
72
50
57
4
60
81
86
9
46
77
99
77
57
14
2
70
69
69
91
79
93
58
0
20
7
85
82
79
58
67
87
3
85
55
70
29
97
46
53
37
73
28
86
50
24
31
95
1
2
36
59
99
55
85
0
23
64
82
62
31
86
0
72
73
63
91
84
85
90
69
82
21
89
68
68
76
31
58
8
90
13
30
78
45
47
99
42
12
92
8
82
78
97
62
74
4
12
29
42
67
56
18
6
72
95
54
0
45
5
73
29
33
14
86
19
97
4
9
53
89
18
25
26
49
11
14
80
83
3
27
30
52
74
29
59
90
14
77
72
7
75
27
16
30
72
83
14
51
42
70
