overall_acc,0.796
loss,[10.915955588378907, 6.267440316772461, 4.215521351470947, 3.2710150363922117, 2.821689296646118, 2.609372447052002, 2.4822530714416504, 2.4235216105651856, 2.387654402999878, 2.356975256729126, 2.3405048831176756, 2.325975754547119, 2.3148271584701536, 2.309338251800537, 2.3057728363418577, 2.303873873786926, 2.2994437270355226, 2.2922410050964355, 2.2990135443115234, 2.298722858886719, 2.294057195587158, 2.296745811767578, 2.2926329284286497, 2.3057185355377197, 2.3100488523864744, 2.307556473236084, 2.311326963043213, 2.3234170009613035, 2.3330916329193117, 2.3369540195846557, 2.338128483200073, 2.347762174835205, 2.365934960632324, 2.3685498836517334, 2.3735350706481935, 2.3876139877700804, 2.390999424934387, 2.3879682575988768, 2.4037944200134276, 2.4085620448303224, 2.419599278640747, 2.411467679977417, 2.435362815628052, 2.4413373335266115, 2.4544230078125, 2.46486953125, 2.464503454742432, 2.4810033210754394, 2.4828432209014895, 2.494192368469238, 2.493540350112915, 2.5054591583251953, 2.509596809387207, 2.5084149885559084, 2.5291624015808107, 2.516150158004761, 2.522134650268555, 2.5377019301223753, 2.541926361694336, 2.544980260772705, 2.0084905348968505, 1.6258564566802978, 1.4106229037857057, 1.261404450340271, 1.1540898251342773, 1.0957303225135804, 1.0765957760620117, 1.063245256614685, 1.055481053504944, 1.065993326148987, 1.069949448776245, 1.068502368927002, 1.0633406833267212, 1.0721532110214234, 1.0786657034301759, 1.07189213596344, 1.0820983286094665, 1.0948567542266845, 1.0869156933021547, 1.0986715647506713, 1.1033192042541504, 1.1213813266754151, 1.1173236408042908, 1.1148664404296875, 1.120170202255249, 1.108180638332367, 1.1297295880126954, 1.1284826964569092, 1.132099336090088, 1.131657714614868, 1.1287529244232177, 1.1395868440246582, 1.139868055343628, 1.1354765197753907, 1.160166981124878, 1.148421051940918, 1.1497190859413147, 1.1567240403366088, 1.1610549374771117, 1.1550968090820313, 1.1593703451919555, 1.163829088973999, 1.1683977700805663, 1.1878622888183594, 1.1657791005706788, 1.1588998514556885, 1.1753928887939453, 1.1847783977508546, 1.187167498397827, 1.1743105060195922, 1.17656133354187, 1.1745495986557006, 1.1859867074203492, 1.1955074082565307, 1.1917681428146363, 1.1839457430648803, 1.1955952992630006, 1.1896301051330567, 1.1906885374450684, 1.1860174205017089, 1.056572575263977, 0.9665343181228637, 0.9305579996871948, 0.8986256601333619, 0.8700280543518066, 0.8427337047576904, 0.8162100625801086, 0.791056476650238, 0.7664776490211487, 0.7429783966445923, 0.7203117452812194, 0.6984375894355774, 0.6771804203796387, 0.6564390482711792, 0.6365902238845825, 0.6172529082298279, 0.5985329013442993, 0.5804438982391358, 0.5631476539802551, 0.5457341616249084, 0.5291890582847595, 0.5132158351516724, 0.49770628862380983, 0.4826852434921265, 0.46799834642410276, 0.4542016231918335, 0.4406670541286469, 0.4272256981563568, 0.414355684967041, 0.40207724442481996, 0.38982442215919494, 0.3782339166736603, 0.3670296337890625, 0.3558985796737671, 0.3453001483249664, 0.33483932626724244, 0.32496014119148253, 0.31520258774757387, 0.30592832246780394, 0.296854389629364, 0.2913625733566284, 0.28944031420707705, 0.2876555022621155, 0.2858155756855011, 0.2840320211315155, 0.28228835654258727, 0.2805710057258606, 0.2789117730617523, 0.2772261298561096, 0.2754648633766174, 0.27380758694648744, 0.2721462836265564, 0.2705285625171661, 0.2688978944969177, 0.2672832393836975, 0.2656562472343445, 0.2640365913772583, 0.26245566583633423, 0.26086333625793456, 0.2593591539859772, 0.2576949555683136, 0.2561947099399567, 0.2546235439682007, 0.2530640095615387, 0.25156321082115174, 0.2500719807720184, 0.24852014294624328, 0.24698792311191559, 0.24555887199878693, 0.24409428009033204, 0.24260832631111146, 0.24111680874824523, 0.23967767593860625, 0.23822156204223632, 0.23679234241485594, 0.2353667800951004, 0.2339532185459137, 0.23256384462356566, 0.23116509372234345, 0.22976645465373993]
0,0.9565217391304348
1,0.9354838709677419
2,0.8695652173913043
3,0.7241379310344828
4,0.6774193548387096
5,0.8333333333333334
6,0.782608695652174
7,0.8076923076923077
8,1.0
9,1.0
10,0.4
11,0.47619047619047616
12,0.8
13,0.6086956521739131
14,0.9259259259259259
15,0.875
16,0.8076923076923077
17,0.9047619047619048
18,0.5882352941176471
19,0.84
20,0.8888888888888888
21,0.8947368421052632
22,1.0
23,0.9230769230769231
24,0.8260869565217391
25,0.5
26,0.75
27,0.8333333333333334
28,0.84
29,0.6551724137931034
30,0.8888888888888888
31,0.68
32,0.6818181818181818
33,0.6206896551724138
34,0.84
35,0.5454545454545454
36,0.8571428571428571
37,0.8947368421052632
38,0.7692307692307693
39,1.0
40,0.8571428571428571
41,0.9090909090909091
42,0.8695652173913043
43,0.9565217391304348
44,0.5652173913043478
45,0.7368421052631579
46,0.5909090909090909
47,0.782608695652174
48,1.0
49,0.8235294117647058
50,0.6363636363636364
51,0.7142857142857143
52,0.85
53,0.9310344827586207
54,0.9545454545454546
55,0.5714285714285714
56,0.7727272727272727
57,0.6071428571428571
58,0.9142857142857143
59,0.6666666666666666
60,0.8518518518518519
61,0.8275862068965517
62,0.6538461538461539
63,0.75
64,0.6842105263157895
65,0.6818181818181818
66,0.8461538461538461
67,0.6086956521739131
68,0.9523809523809523
69,0.8666666666666667
70,0.9
71,0.9047619047619048
72,0.5
73,0.6875
74,0.5757575757575758
75,0.9642857142857143
76,0.9047619047619048
77,0.6764705882352942
78,0.7368421052631579
79,0.8571428571428571
80,0.7931034482758621
81,0.9047619047619048
82,0.918918918918919
83,0.8666666666666667
84,0.9259259259259259
85,0.9666666666666667
86,0.8214285714285714
87,0.9
88,1.0
89,0.9642857142857143
90,0.875
91,0.8205128205128205
92,0.68
93,0.8095238095238095
94,0.9565217391304348
95,0.6206896551724138
96,0.6521739130434783
97,0.8333333333333334
98,0.6153846153846154
99,0.9130434782608695
16
7
91
43
14
92
6
89
13
85
47
27
81
63
59
10
78
7
53
17
27
43
10
54
94
79
68
31
69
64
83
41
71
11
96
20
87
90
52
26
83
64
20
20
7
83
27
45
68
93
86
12
69
84
99
1
70
80
93
58
88
97
88
19
3
23
19
48
91
48
58
16
63
3
55
4
1
15
98
32
14
87
59
12
8
45
92
31
92
61
89
92
78
83
45
85
28
37
54
72
95
7
59
24
94
7
94
94
11
42
65
52
40
97
72
80
82
80
75
51
74
34
5
85
30
74
22
95
81
92
27
52
6
44
92
65
69
84
0
43
48
67
62
89
83
44
58
19
8
68
64
3
53
70
39
0
95
51
58
19
89
90
81
61
41
33
52
66
68
80
43
46
5
27
35
50
88
14
75
53
3
5
98
82
7
87
61
7
91
1
5
37
72
41
94
33
67
79
39
23
44
31
63
71
67
26
84
46
74
49
77
72
50
15
51
27
36
3
41
59
54
87
37
75
27
71
24
0
9
44
57
83
45
22
29
63
89
22
85
39
18
25
98
24
70
54
49
70
87
89
41
84
97
36
83
82
77
46
7
74
80
2
9
91
40
36
32
78
78
73
69
83
42
62
90
50
82
24
65
16
40
39
7
63
10
51
96
51
29
74
53
30
84
44
5
26
53
74
72
15
15
44
25
66
86
55
48
73
72
66
77
3
13
18
92
55
13
95
29
91
91
61
75
13
71
70
98
52
94
89
90
52
57
43
60
10
30
59
78
74
80
80
54
99
60
76
92
18
14
26
9
81
85
32
63
43
73
87
44
54
99
70
8
90
65
80
41
17
39
53
66
48
5
88
13
67
98
37
40
91
16
27
33
16
89
5
76
83
74
85
24
72
32
76
77
84
52
46
21
40
58
84
6
91
38
98
66
41
79
53
23
14
80
86
75
45
6
22
96
76
52
81
90
22
34
45
72
48
30
2
1
23
3
22
5
80
93
27
86
79
62
53
54
63
18
84
66
8
96
8
88
62
29
30
73
2
33
39
63
22
45
83
58
73
18
84
4
5
53
18
23
29
85
34
64
16
86
99
95
45
97
0
87
32
44
86
54
29
85
82
91
82
17
51
58
12
26
54
28
58
79
1
1
30
22
3
33
23
91
73
1
1
35
1
19
88
11
29
56
0
54
61
20
13
17
53
89
18
81
6
59
41
26
26
25
60
22
73
4
47
24
79
74
17
7
0
87
26
73
14
56
39
12
54
21
79
8
43
39
61
40
53
98
74
31
8
57
33
32
35
4
94
87
65
22
16
42
57
11
3
88
43
58
27
36
13
91
84
9
5
9
65
85
70
52
7
2
59
79
70
34
97
99
49
44
55
70
41
38
34
61
69
37
64
24
3
78
75
33
35
1
84
22
86
4
91
13
90
68
60
84
0
34
54
32
92
14
49
35
28
3
89
44
15
66
35
50
12
41
31
34
93
84
26
74
93
50
57
54
35
67
44
66
60
26
58
82
50
98
89
28
55
95
76
60
76
91
37
2
4
62
43
91
48
63
44
42
34
53
21
28
8
40
44
96
61
60
73
61
29
63
66
49
92
92
6
57
87
18
20
72
0
85
65
55
23
77
95
81
58
73
60
21
14
19
87
47
79
90
75
27
15
41
39
99
46
94
45
91
36
77
3
75
92
94
61
36
38
12
1
0
30
84
98
29
7
18
48
89
91
84
4
62
31
40
55
30
43
86
47
18
98
20
14
28
75
2
81
61
73
79
5
88
56
81
31
84
69
30
6
68
70
81
74
7
80
55
60
5
14
48
83
0
70
38
43
24
69
16
9
42
41
39
27
0
70
85
9
43
79
77
75
74
80
42
45
8
0
36
89
43
46
69
56
42
22
71
98
72
40
25
0
21
2
1
64
47
43
83
31
68
18
1
39
96
46
47
90
2
28
37
61
33
77
4
92
38
93
28
39
18
41
44
49
1
11
19
91
82
4
60
34
56
13
32
74
87
99
95
98
8
58
93
87
11
79
35
43
52
6
4
27
8
63
26
34
39
97
47
75
33
87
60
98
16
33
76
41
97
8
75
17
55
93
4
4
41
60
30
65
21
77
90
54
87
86
37
47
66
2
73
55
25
62
26
19
28
15
14
96
69
45
92
39
42
58
49
48
44
71
48
69
9
26
16
11
71
66
66
88
82
1
39
88
93
82
7
17
56
40
70
1
68
52
69
45
16
6
85
12
99
88
40
68
36
23
17
94
25
46
75
61
92
58
88
51
75
73
70
37
28
90
72
88
68
38
91
6
16
58
61
39
56
17
33
77
63
87
75
4
16
94
72
76
60
97
1
0
75
31
55
71
75
52
6
43
14
84
14
88
1
88
53
66
5
56
32
52
40
24
86
54
54
88
61
87
54
24
16
85
17
90
22
86
77
79
94
45
0
39
89
82
41
87
91
73
55
62
72
46
51
46
28
38
72
70
13
7
15
24
76
98
73
79
15
47
47
93
73
81
26
70
95
60
70
11
82
66
34
6
65
62
74
31
36
88
96
48
79
50
55
83
66
68
66
64
16
4
16
84
18
29
93
53
9
77
43
74
15
1
42
72
1
84
69
81
10
33
80
68
30
8
21
81
45
18
20
35
28
72
5
53
34
27
93
18
44
93
37
91
46
31
69
47
86
95
85
80
1
82
45
66
77
58
31
42
23
90
14
83
19
51
80
23
64
61
40
51
99
28
19
63
26
97
78
34
90
13
74
17
28
29
10
61
83
83
53
73
7
59
82
34
15
68
68
34
82
75
37
8
94
76
24
21
8
96
53
49
63
85
27
32
96
20
29
43
69
94
26
92
23
91
34
48
71
53
5
0
59
84
69
73
27
12
42
61
21
95
88
28
15
24
1
77
67
82
5
64
51
52
79
70
46
1
59
87
60
88
76
45
15
14
1
35
94
79
16
71
26
55
60
73
9
75
5
72
18
96
38
56
45
64
40
47
35
7
85
30
92
51
79
89
99
86
15
29
63
66
62
80
24
57
43
78
49
99
95
93
55
71
78
86
64
19
23
62
50
17
98
21
32
57
99
2
6
70
82
82
94
95
81
96
93
49
67
43
60
20
64
63
62
82
36
76
31
47
75
4
29
94
27
70
95
32
38
97
37
2
65
40
53
87
95
53
42
43
89
69
93
81
84
71
31
33
91
75
58
47
97
62
81
33
46
83
92
53
46
66
45
48
94
10
69
60
42
35
59
52
93
57
4
83
89
71
68
52
46
58
46
22
62
52
2
58
77
96
86
33
58
69
97
14
51
2
63
26
58
72
6
75
81
99
28
50
57
88
25
38
71
47
53
48
79
59
29
82
90
26
81
17
14
69
25
32
39
14
89
4
67
99
28
98
88
20
42
18
60
48
69
1
87
6
39
2
15
37
2
48
29
89
73
77
38
23
21
96
11
46
84
30
58
30
98
3
83
59
77
4
41
8
19
54
4
68
9
91
67
3
40
71
77
38
9
82
3
76
20
60
42
94
66
72
6
25
61
36
4
14
10
60
14
70
85
66
10
67
93
23
33
88
18
58
51
83
23
85
56
20
7
20
30
56
19
55
98
38
99
0
56
47
57
59
10
44
46
3
23
9
77
43
15
74
77
19
73
24
24
29
4
61
50
30
39
22
19
15
9
17
28
45
16
12
41
49
63
71
12
2
51
11
3
9
15
84
19
34
70
62
34
94
30
11
5
99
33
90
16
47
4
24
71
3
19
14
23
68
45
81
61
90
21
57
22
87
82
12
38
10
93
77
84
41
64
76
5
91
94
42
79
19
76
87
18
51
1
50
37
6
45
23
0
55
91
89
95
48
45
54
69
51
68
56
65
80
37
67
71
25
50
60
79
0
44
74
46
80
2
32
83
61
12
97
13
30
27
74
8
17
42
91
11
36
69
65
57
84
76
85
3
91
79
76
13
8
92
69
82
7
73
89
64
42
39
45
80
4
15
50
16
62
94
60
91
83
62
85
48
59
11
5
2
91
75
75
4
31
72
17
89
70
19
36
22
67
83
63
2
62
37
2
99
77
56
22
84
14
71
94
44
12
41
52
91
85
43
82
40
97
42
96
47
22
1
11
78
72
93
85
44
63
65
25
44
2
86
44
59
2
54
35
56
75
52
76
20
48
97
9
45
38
5
3
50
43
84
18
6
9
72
38
14
75
15
29
11
20
95
3
58
74
14
83
91
74
86
16
74
58
36
90
8
49
65
40
14
14
37
0
58
96
1
61
59
21
60
89
82
61
80
52
65
55
32
77
69
26
42
79
46
20
38
52
15
7
65
63
96
26
29
3
79
39
30
99
5
8
43
52
40
58
54
82
3
96
93
70
99
21
17
56
64
74
1
92
61
85
78
58
10
53
74
47
5
34
81
64
77
30
66
63
45
30
46
27
4
87
72
87
26
41
70
22
21
32
90
36
85
3
87
21
87
71
83
27
74
1
8
93
98
61
88
38
10
83
55
85
34
24
74
49
12
28
64
78
58
45
87
79
63
14
47
31
77
52
49
71
25
67
81
98
54
67
17
21
1
88
21
77
95
91
12
15
82
22
16
66
25
44
44
31
73
27
81
63
53
23
16
86
42
71
28
75
46
62
79
16
8
7
22
81
87
83
65
62
49
70
53
63
78
40
91
23
13
80
6
42
19
30
72
35
94
41
36
52
12
43
86
97
53
50
64
3
61
20
22
57
25
71
72
68
20
49
67
87
16
41
66
27
12
51
92
15
42
6
85
8
2
5
45
5
71
56
99
67
78
2
76
50
30
53
91
81
65
92
23
46
58
40
30
62
11
23
78
96
67
65
8
15
4
80
27
60
7
54
48
16
57
94
30
51
43
92
58
19
23
38
40
96
95
61
99
86
53
89
11
52
58
54
85
74
72
82
72
98
43
37
34
47
52
40
53
45
8
83
3
90
40
28
53
27
59
4
33
92
89
44
44
55
89
98
78
82
18
31
91
47
9
73
69
36
41
91
95
37
61
83
69
11
55
76
80
61
90
98
94
24
39
1
33
27
55
7
39
15
99
3
41
66
80
27
45
4
32
5
45
9
93
33
8
35
24
59
65
11
38
23
39
25
97
58
46
47
72
56
98
82
41
38
51
45
19
18
95
64
78
96
49
64
40
36
97
40
83
49
62
10
49
4
77
81
91
5
87
3
74
80
86
89
17
12
80
87
6
32
40
13
98
37
21
76
14
47
49
30
60
80
51
66
87
38
63
53
21
48
24
13
31
29
84
46
61
24
34
46
45
99
27
51
91
0
3
50
57
4
60
90
86
9
8
92
99
77
57
14
2
70
69
69
32
79
93
58
0
20
7
85
82
79
58
67
58
75
85
38
70
44
97
46
53
37
73
28
86
50
24
96
95
1
2
36
59
99
55
85
0
23
64
82
62
31
86
57
72
73
42
91
84
85
90
69
82
21
89
68
68
76
31
58
8
12
13
30
78
88
33
99
42
12
92
8
82
78
97
70
50
4
12
29
97
77
56
18
77
72
95
54
0
33
86
73
79
33
26
86
19
97
4
9
53
89
18
25
26
49
11
14
80
83
75
27
30
52
74
29
75
90
14
77
72
7
75
27
16
30
90
83
14
51
42
70
