overall_acc,0.7836
loss,[10.902815869750977, 6.247930638427734, 4.19734680267334, 3.2522731171417236, 2.8178308491516115, 2.593430922241211, 2.4771972525024415, 2.427455021896362, 2.382210233154297, 2.360425054016113, 2.3285800157165526, 2.3237317922973633, 2.315414755706787, 2.3146283908843994, 2.2992970861816406, 2.301082190551758, 2.3015991835021974, 2.296395987701416, 2.2843738432312013, 2.288850860519409, 2.3009471658706664, 2.2932344585418702, 2.301628042755127, 2.3111170188903807, 2.306268045349121, 2.303223223876953, 2.3199821295928955, 2.3209018681335447, 2.3203515577697753, 2.3352166505050658, 2.3370126611328126, 2.3459353215408325, 2.3519795217895507, 2.349814123840332, 2.3624021786499023, 2.3666344747161867, 2.3903599412536622, 2.3938269291687013, 2.402139509887695, 2.4118817890930178, 2.4124938410949706, 2.4157407800292967, 2.4353194107055662, 2.4325246353149415, 2.4524895330810548, 2.453160768966675, 2.4689562979125976, 2.456390571975708, 2.4674529375457763, 2.466787116546631, 2.501321393661499, 2.4927350036621094, 2.500208178405762, 2.508814784851074, 2.5093055435180665, 2.5228829539489745, 2.5221857553100584, 2.528617924194336, 2.5305214659118653, 2.526784940032959, 1.9992386230850219, 1.6218464710235596, 1.4022221087265014, 1.2489503676986695, 1.1487498728179932, 1.091676342086792, 1.0611706161880494, 1.0507286435127259, 1.041970459537506, 1.0499145258522034, 1.0559786923599244, 1.0495034779167176, 1.058205636405945, 1.063248841342926, 1.0658061433029176, 1.0746818772888183, 1.085686208190918, 1.0846459806442261, 1.0717754053878785, 1.0825151357269287, 1.096911269378662, 1.0995400088500977, 1.100829857521057, 1.1060700406646728, 1.1017530387878418, 1.1046276876831054, 1.120258784313202, 1.1156056767654419, 1.1280495464706422, 1.1159508157539368, 1.1317736479187013, 1.1193515006637573, 1.1283920693588256, 1.1388278220748902, 1.128770876045227, 1.1411616735458374, 1.1478812483215333, 1.1499041486358643, 1.1339815451049804, 1.153200580444336, 1.1437218895339967, 1.1359203806686402, 1.1585000286865235, 1.1623402321624756, 1.1620432969284058, 1.1623081046295165, 1.1690656739807128, 1.1586078970718383, 1.177486219100952, 1.1671609060287476, 1.1687493424224853, 1.1632011337661743, 1.1683810662460328, 1.164550287628174, 1.1640322857284546, 1.1881962495422362, 1.1762136877441407, 1.1816786223602296, 1.1827391537857055, 1.1858849530792237, 1.0494685922241211, 0.965152546672821, 0.9275227271842956, 0.8970086892127991, 0.8681816751480103, 0.8405425062179566, 0.8140273728942871, 0.7887641865158082, 0.7645107452011108, 0.7414048532485962, 0.7185395462989808, 0.6967787231636048, 0.6756151983642578, 0.6550193570327759, 0.6348015822219849, 0.6156043186187744, 0.5968808840751648, 0.5786344462394715, 0.5613410100364685, 0.5445442496681213, 0.5277768288040161, 0.5118919403839112, 0.4964297533988953, 0.4815228612613678, 0.4668950844860077, 0.4532489284038544, 0.4393679317855835, 0.4260850741863251, 0.41316138875961306, 0.4008236594867706, 0.3888735389041901, 0.37726922357559206, 0.36569944479942323, 0.3548221601486206, 0.34426683501243593, 0.33378375469207766, 0.3241197662067413, 0.31429752220153806, 0.3049643386459351, 0.29613042830467223, 0.2903981368637085, 0.28860645721435546, 0.2868250910377502, 0.2849241362476349, 0.28332631181716916, 0.28144169962883, 0.27981271423339843, 0.2780292953300476, 0.27639787234306334, 0.27477007493972777, 0.27305218810081483, 0.271337254447937, 0.26970429701805115, 0.26807670369148257, 0.26650570140838625, 0.2648648865413666, 0.2632848417758942, 0.2616734544467926, 0.2600350990486145, 0.2585094223499298, 0.25696769080162046, 0.25536638754844665, 0.2538089911079407, 0.2523042520523071, 0.2507937618923187, 0.2492445565509796, 0.24787264108657836, 0.24625425401687623, 0.2447411755180359, 0.24329580389022828, 0.2418146906375885, 0.24041133273124696, 0.2389415071821213, 0.23746201195240021, 0.2360514825487137, 0.23464634365558623, 0.23325534189224242, 0.23183467581748962, 0.23045268001556396, 0.22904492280483246]
0,0.9130434782608695
1,0.9032258064516129
2,0.782608695652174
3,0.7241379310344828
4,0.7096774193548387
5,0.7916666666666666
6,0.8260869565217391
7,0.8461538461538461
8,1.0
9,1.0
10,0.45
11,0.5238095238095238
12,0.75
13,0.6521739130434783
14,0.7777777777777778
15,0.875
16,0.8846153846153846
17,0.9047619047619048
18,0.7058823529411765
19,0.8
20,0.8888888888888888
21,0.8421052631578947
22,0.8823529411764706
23,0.8076923076923077
24,0.8695652173913043
25,0.5833333333333334
26,0.7916666666666666
27,0.7083333333333334
28,0.84
29,0.6896551724137931
30,0.8518518518518519
31,0.8
32,0.7272727272727273
33,0.5517241379310345
34,0.76
35,0.5
36,0.9047619047619048
37,0.7894736842105263
38,0.8076923076923077
39,0.9565217391304348
40,0.8214285714285714
41,0.9090909090909091
42,0.8260869565217391
43,0.8260869565217391
44,0.6521739130434783
45,0.6578947368421053
46,0.5
47,0.7391304347826086
48,0.95
49,0.7647058823529411
50,0.6818181818181818
51,0.6190476190476191
52,0.7
53,0.8620689655172413
54,0.9545454545454546
55,0.6666666666666666
56,0.8636363636363636
57,0.6071428571428571
58,0.8571428571428571
59,0.7083333333333334
60,0.7407407407407407
61,0.8275862068965517
62,0.8846153846153846
63,0.75
64,0.631578947368421
65,0.6818181818181818
66,0.8846153846153846
67,0.6086956521739131
68,0.9047619047619048
69,0.8333333333333334
70,0.8
71,0.8571428571428571
72,0.4090909090909091
73,0.6875
74,0.7272727272727273
75,0.9285714285714286
76,0.8571428571428571
77,0.7352941176470589
78,0.7368421052631579
79,0.8571428571428571
80,0.7586206896551724
81,0.9523809523809523
82,0.9459459459459459
83,0.7666666666666667
84,0.8148148148148148
85,0.9
86,0.8214285714285714
87,0.9
88,0.9523809523809523
89,0.9285714285714286
90,0.875
91,0.8974358974358975
92,0.76
93,0.8095238095238095
94,0.9130434782608695
95,0.5862068965517241
96,0.5652173913043478
97,0.7083333333333334
98,0.7307692307692307
99,0.782608695652174
16
7
91
43
14
92
6
89
13
85
47
27
81
63
59
61
78
18
53
17
27
43
10
54
94
79
68
31
69
64
83
41
71
11
47
20
87
90
52
26
83
93
20
20
7
83
72
45
68
93
86
12
69
73
99
44
62
50
26
58
88
4
88
19
3
71
19
48
44
48
58
16
63
75
55
4
1
15
98
32
14
87
29
37
8
45
92
31
62
61
89
62
78
83
26
85
28
37
54
30
95
7
59
24
94
7
94
94
11
42
65
52
40
42
55
80
82
46
75
93
74
34
5
85
30
74
22
95
81
92
27
52
18
78
62
65
69
84
0
4
48
67
62
7
53
18
37
19
8
68
3
3
53
70
83
0
95
51
58
42
89
90
81
61
41
77
52
66
68
80
4
46
5
66
35
50
88
7
75
53
3
5
98
82
7
81
61
7
91
1
5
37
30
41
94
33
67
12
39
23
16
31
63
71
67
45
10
46
74
49
77
65
50
35
51
27
36
3
41
96
54
87
37
75
55
71
14
0
9
44
57
83
45
28
59
27
89
61
85
39
7
25
98
50
70
54
49
70
87
89
41
65
97
36
83
82
80
46
7
74
80
2
9
91
40
36
91
91
78
73
40
83
42
92
90
50
82
24
42
16
28
39
7
63
10
51
96
77
29
66
53
30
84
44
5
10
53
74
72
15
15
44
5
66
28
55
48
73
72
65
77
3
13
18
92
55
13
73
29
91
91
61
75
58
71
70
98
52
94
89
90
56
57
43
60
45
30
96
78
74
80
80
54
99
23
69
54
18
14
26
9
90
85
32
63
43
73
87
44
44
99
70
8
90
65
80
41
17
39
53
66
48
5
88
13
64
87
37
40
91
16
27
37
16
89
5
76
83
74
85
24
72
32
76
91
5
52
46
21
40
58
84
6
91
63
46
66
7
79
0
23
14
15
86
75
45
6
22
33
76
52
81
90
22
34
45
48
7
30
35
1
23
3
22
5
80
93
18
99
79
92
53
54
63
18
84
12
8
59
8
88
62
29
30
73
2
33
39
4
61
45
83
58
73
18
84
4
5
57
18
23
29
85
34
64
16
86
76
95
45
97
0
66
46
44
86
62
29
85
82
91
82
17
74
58
12
26
54
28
58
79
1
45
99
57
3
56
23
91
73
1
1
98
1
19
88
11
45
56
0
54
61
20
13
17
53
89
18
81
6
47
41
26
26
25
60
22
93
4
47
24
90
78
17
7
0
87
26
73
14
56
18
12
54
98
79
8
43
39
61
40
53
98
4
31
8
57
33
56
35
6
94
92
16
22
16
63
57
2
97
88
72
58
27
36
13
91
84
9
58
9
19
85
70
59
42
11
59
79
70
34
97
78
49
18
55
70
64
38
34
61
69
37
96
24
3
78
75
63
35
1
84
22
86
55
91
13
90
68
60
84
0
80
54
32
92
18
49
35
86
3
89
44
15
66
98
50
12
41
31
5
93
84
26
74
44
50
57
54
11
73
44
66
60
45
58
82
67
98
89
28
55
95
76
60
76
91
37
2
4
62
43
91
48
63
44
42
34
53
3
28
8
40
44
47
61
60
73
61
29
63
42
49
92
92
6
55
94
18
20
55
0
85
65
33
23
66
95
81
58
73
60
21
62
19
87
47
79
90
75
91
15
41
39
99
46
94
45
91
36
77
95
75
92
94
61
36
38
12
1
0
30
84
98
29
7
18
48
89
91
84
4
62
31
40
29
30
61
86
47
96
65
25
14
28
75
2
81
22
44
79
5
33
56
81
15
84
69
30
6
68
70
81
74
7
18
95
60
5
14
48
83
0
70
38
4
24
69
16
9
42
41
39
27
0
70
85
9
43
79
77
75
74
80
42
62
8
0
36
89
43
46
69
56
42
22
71
98
63
40
16
0
21
2
1
64
47
43
83
65
68
18
1
25
96
98
47
90
2
28
37
61
31
9
4
92
38
93
28
39
18
41
18
49
1
11
19
91
82
4
60
34
56
19
32
74
86
99
49
98
8
58
93
87
11
24
35
43
47
6
4
27
8
63
26
34
39
97
37
75
33
87
49
46
16
33
76
41
97
8
75
17
27
93
44
4
41
60
30
31
21
77
90
54
87
86
37
47
66
2
73
55
25
62
26
19
28
15
14
47
17
45
92
39
42
13
49
48
44
71
48
69
9
26
16
46
71
66
66
88
82
1
39
88
93
82
7
17
56
40
70
18
49
52
69
45
16
62
85
12
99
88
40
68
36
60
17
90
25
46
75
61
62
58
34
51
75
73
54
37
28
90
55
88
68
38
73
6
16
58
61
39
56
17
96
77
63
87
75
4
16
94
55
76
60
97
1
0
75
31
55
71
75
52
6
43
14
84
14
88
1
88
53
66
5
56
32
52
40
24
86
54
54
88
61
87
54
24
40
85
17
90
22
86
77
79
94
45
0
39
89
82
41
87
91
73
72
62
55
98
10
46
28
38
74
70
13
7
15
24
76
98
73
79
15
47
47
93
73
81
26
70
95
60
70
11
82
66
34
6
65
62
74
31
50
88
96
48
79
50
55
57
66
68
4
64
16
63
16
84
18
29
93
53
9
38
74
74
15
1
63
33
1
84
72
81
10
33
80
68
30
8
3
81
26
18
20
35
28
55
5
53
34
27
93
6
44
93
85
18
35
31
69
47
57
95
85
80
1
82
14
66
77
58
31
42
23
90
18
83
31
51
80
23
64
61
16
51
99
28
19
63
29
97
78
34
90
13
74
17
28
29
10
61
83
83
53
73
7
59
82
34
15
68
68
34
82
75
37
8
87
76
24
21
8
96
53
49
38
85
27
32
96
20
29
43
69
94
26
92
23
91
34
48
71
53
25
0
59
83
69
73
27
12
42
61
21
95
88
28
15
24
1
77
67
82
5
64
51
47
79
70
46
1
59
87
60
88
76
45
19
6
1
35
94
79
13
71
26
55
60
73
9
75
5
72
14
32
38
56
72
80
40
47
2
18
85
30
83
51
79
89
99
86
15
29
63
66
62
80
24
53
43
78
74
99
95
93
55
71
27
86
64
4
23
62
64
17
98
21
32
57
61
2
6
1
82
82
94
95
81
96
77
33
67
31
60
99
9
63
62
82
36
68
31
47
75
77
29
94
27
70
95
32
38
67
37
36
65
40
53
87
95
53
42
43
89
69
93
81
40
71
31
33
73
75
85
47
97
92
13
18
46
83
92
53
46
66
45
48
94
10
69
60
37
35
59
52
44
57
4
83
89
71
12
52
46
58
98
22
62
52
2
58
77
96
86
33
58
69
97
14
51
2
63
45
58
63
6
75
81
99
28
50
57
88
25
38
71
47
53
48
79
59
29
82
90
18
81
17
14
69
25
32
39
74
89
4
67
99
28
98
88
20
64
18
60
48
69
18
21
6
39
19
15
37
78
48
98
89
73
77
38
23
21
96
11
91
84
30
13
30
98
72
45
59
77
74
41
8
19
54
4
68
9
91
67
19
40
71
77
38
9
82
3
76
20
60
42
94
66
72
6
25
61
36
4
14
26
60
77
62
85
66
16
27
93
23
33
88
18
58
51
83
23
85
56
20
7
20
30
47
19
44
98
97
26
0
56
47
83
52
83
15
3
3
71
9
77
43
15
72
77
19
73
24
7
29
4
61
64
30
39
33
19
31
9
17
28
45
16
12
70
46
63
60
12
2
77
35
63
46
15
84
19
66
70
62
34
94
73
41
45
99
33
90
16
56
4
24
71
3
19
14
23
68
33
81
61
90
21
57
22
87
82
12
38
10
93
15
84
41
64
76
25
91
94
42
79
19
76
87
18
51
1
50
87
6
45
23
0
55
91
89
95
48
45
54
69
14
68
56
98
80
37
67
71
25
50
60
79
0
44
55
35
80
2
32
83
10
69
88
13
30
27
74
8
17
42
91
35
36
69
50
57
84
76
89
3
91
79
76
13
8
92
69
82
7
73
89
32
42
39
26
80
4
15
74
16
70
94
33
91
83
62
85
48
59
11
5
2
55
75
75
4
31
72
17
89
92
19
36
77
67
83
63
2
62
37
35
99
77
56
22
84
14
71
94
44
37
41
52
91
85
43
82
40
97
42
96
47
22
1
11
78
4
93
85
44
63
65
25
44
2
86
44
59
2
54
98
56
75
52
76
20
41
97
9
10
38
5
3
36
43
84
18
6
9
72
38
6
75
15
29
35
20
95
3
58
74
44
83
91
74
86
10
74
58
36
90
8
49
80
40
10
14
81
0
58
96
1
61
59
21
60
89
82
61
80
52
65
55
32
77
69
26
42
8
11
20
38
47
15
79
65
63
52
26
29
3
79
39
30
99
5
8
67
52
40
58
54
82
31
82
93
70
99
21
17
56
64
74
1
92
61
85
78
58
10
53
74
47
5
34
81
10
77
73
66
63
45
93
46
18
45
87
63
87
26
41
70
8
21
32
90
36
85
65
87
21
87
71
83
27
74
1
8
93
98
61
88
90
10
83
74
85
34
24
74
49
76
28
74
62
90
45
87
79
67
14
47
31
77
52
27
71
25
67
81
98
54
95
17
21
1
88
21
77
95
91
12
15
82
22
16
66
5
41
29
29
73
27
81
63
53
23
81
86
78
71
28
75
35
62
79
16
8
7
22
81
87
83
65
62
49
70
57
74
44
40
91
23
13
80
6
42
66
30
55
35
94
41
36
52
12
43
86
97
53
50
97
95
61
20
22
57
25
71
72
68
20
49
67
87
16
41
66
27
10
51
1
15
42
6
12
8
2
5
45
93
71
56
99
67
44
2
76
50
30
53
91
81
65
92
23
11
72
40
30
62
11
23
78
96
67
36
8
15
4
80
27
60
7
54
48
16
57
94
30
92
43
62
58
19
23
38
40
96
95
10
99
86
53
89
11
52
58
54
85
74
72
82
72
32
43
37
34
47
52
40
53
45
8
83
3
90
40
28
53
27
59
4
33
92
89
44
12
55
89
35
78
82
91
31
91
47
9
73
69
36
48
91
95
37
61
83
69
11
64
76
84
78
90
98
94
24
39
1
33
78
55
7
39
15
18
3
41
66
80
27
45
72
32
5
45
9
93
33
28
40
24
59
65
11
38
23
39
25
97
45
87
47
72
56
98
82
41
38
51
79
88
18
73
64
78
96
49
64
40
36
97
40
32
49
62
10
40
4
77
81
91
5
87
3
50
80
86
89
17
12
80
4
6
32
40
13
98
37
21
76
14
59
12
30
33
80
51
66
87
38
63
53
98
48
24
13
31
95
46
46
61
24
34
98
45
99
27
51
91
32
72
50
57
4
60
81
86
9
11
92
99
77
57
14
2
70
69
69
32
79
44
58
0
20
7
85
82
79
58
72
58
3
85
55
70
29
97
46
14
37
73
28
86
50
24
31
95
1
2
36
59
99
55
85
0
23
64
82
62
31
86
57
72
73
18
91
84
48
90
69
82
21
89
68
68
76
31
58
8
12
13
30
78
88
33
73
42
12
92
8
82
78
97
62
74
4
12
74
85
77
56
18
77
3
95
54
0
45
16
73
29
33
18
86
19
97
4
9
57
89
77
25
26
49
11
14
65
83
75
27
30
52
74
29
75
90
14
77
4
7
75
27
16
30
64
83
14
51
42
70
