overall_acc,0.7912
loss,[10.873163976745605, 6.251194337310791, 4.191846898345947, 3.256189629974365, 2.8069654098510743, 2.605314342803955, 2.4775982107543943, 2.4140486579895017, 2.387509986343384, 2.350615131378174, 2.3431861546325683, 2.3276683655548096, 2.325211310119629, 2.3132265267944336, 2.311199404449463, 2.30755566116333, 2.3097595961761477, 2.3087730835723876, 2.30507530708313, 2.2964363947296142, 2.3050559998321534, 2.3143459925842285, 2.3117655712890626, 2.3144636293029786, 2.3241507025909423, 2.323910846862793, 2.324680915145874, 2.322790034942627, 2.330839200363159, 2.3404921863555908, 2.354101212310791, 2.3580026469421385, 2.3716652297973635, 2.361283472747803, 2.38027681640625, 2.396835981903076, 2.40674049407959, 2.405879631652832, 2.4264213887023924, 2.4347232639312746, 2.434977971954346, 2.4395163651275635, 2.4576294379425048, 2.4631603280639647, 2.4696808412170412, 2.4725332220458984, 2.4940798499298094, 2.4939606341552736, 2.497928502120972, 2.4895087608337403, 2.5163465867614745, 2.5295371532440187, 2.536228955383301, 2.537000869293213, 2.53467979927063, 2.5314809202575685, 2.5496555014038087, 2.547162942123413, 2.5527513287353516, 2.5462564083862307, 2.013387178878784, 1.6294771648788453, 1.4144912790298463, 1.2586989289093018, 1.162804489402771, 1.1126011612319946, 1.079473279800415, 1.0703848321723939, 1.063251463470459, 1.0832512079238892, 1.0756485067749024, 1.0882969315338136, 1.078280740814209, 1.0813300815582276, 1.0849566891098021, 1.0895099236297607, 1.1030585803985595, 1.0964643299484254, 1.1011910268402099, 1.1225787091064454, 1.1102674221038817, 1.1095209483337403, 1.1299591584014892, 1.1333161735916137, 1.1287443136787414, 1.1317350623321534, 1.1361448817253113, 1.1299264226150512, 1.1389847399520874, 1.1356589655303955, 1.1477170182037353, 1.1577824916839599, 1.16440799407959, 1.1463590299606323, 1.1435285793304444, 1.1614199699020387, 1.1659395892715454, 1.164562299232483, 1.171488918762207, 1.1684392216110229, 1.1666338650512695, 1.174352036972046, 1.1803309924316405, 1.1850994731140136, 1.1768093306350709, 1.1757606786346435, 1.1885214727020263, 1.1727542491912841, 1.185292673187256, 1.177856344909668, 1.1863916305160522, 1.1988892699432374, 1.1816392380523681, 1.186748865585327, 1.2015615979003906, 1.1917040320968628, 1.2030109815597534, 1.1844928531646728, 1.1981514501953126, 1.2049347150039673, 1.0599260085868836, 0.9753530097389221, 0.9403430006027221, 0.9075416393852234, 0.8791786969184876, 0.8513160946464539, 0.8243234015274048, 0.7990828394508361, 0.7744675819206238, 0.7510787387084961, 0.7277427034759522, 0.7057097928237915, 0.6838751019287109, 0.6631376694869995, 0.6431066178703309, 0.6238038964271545, 0.6050877752113343, 0.5865001117515564, 0.5687423811531067, 0.5513230744171143, 0.5348084302139282, 0.5186735745811463, 0.5030784398841858, 0.4879476524162292, 0.4732315514469147, 0.45886517126083376, 0.4450960928535461, 0.431721539478302, 0.41865318821907044, 0.4060239491844177, 0.3937671778297424, 0.3823345123100281, 0.37085753638267516, 0.35989842576026915, 0.3492080158138275, 0.33874251614570616, 0.32889183356285095, 0.31879115510940553, 0.3095789911079407, 0.30058571705818177, 0.2950699956703186, 0.29306603998184205, 0.29105194049835204, 0.28928934581756593, 0.2874564626121521, 0.2856754348087311, 0.2839438506126404, 0.2822000667858124, 0.2805050218486786, 0.2787733915805817, 0.2770499735832214, 0.2753359365272522, 0.2737082359218597, 0.2720986120128632, 0.27038346199035646, 0.26874990761756895, 0.2671957791805267, 0.2655734787368774, 0.26395235959053037, 0.26231566570281983, 0.26077333527565, 0.25922678450584413, 0.25761248989105223, 0.25605971146583556, 0.2544961964035034, 0.25295088472366334, 0.2515162968730926, 0.2500010942840576, 0.24840505795955659, 0.24694344849586486, 0.24545968742370605, 0.2439340858078003, 0.2425141320514679, 0.24102712849617006, 0.2396106412267685, 0.2381112101173401, 0.23674515617847441, 0.23530237581253052, 0.23388884830474854, 0.23245227859020234]
0,0.9565217391304348
1,0.9032258064516129
2,0.782608695652174
3,0.7586206896551724
4,0.7419354838709677
5,0.75
6,0.8260869565217391
7,0.7692307692307693
8,1.0
9,1.0
10,0.65
11,0.42857142857142855
12,0.8
13,0.5652173913043478
14,0.7407407407407407
15,0.875
16,0.8846153846153846
17,0.8571428571428571
18,0.6764705882352942
19,0.76
20,0.8333333333333334
21,0.8947368421052632
22,0.8823529411764706
23,0.7307692307692307
24,0.782608695652174
25,0.5833333333333334
26,0.875
27,0.7916666666666666
28,0.68
29,0.6896551724137931
30,0.8148148148148148
31,0.6
32,0.7272727272727273
33,0.6206896551724138
34,0.84
35,0.5909090909090909
36,0.8571428571428571
37,0.8421052631578947
38,0.8461538461538461
39,1.0
40,0.75
41,0.9545454545454546
42,0.7391304347826086
43,0.9130434782608695
44,0.6086956521739131
45,0.7631578947368421
46,0.6363636363636364
47,0.7391304347826086
48,1.0
49,0.8823529411764706
50,0.7727272727272727
51,0.7142857142857143
52,0.75
53,0.896551724137931
54,0.9545454545454546
55,0.5714285714285714
56,0.8181818181818182
57,0.6785714285714286
58,0.9142857142857143
59,0.75
60,0.8518518518518519
61,0.7931034482758621
62,0.8846153846153846
63,0.7083333333333334
64,0.7894736842105263
65,0.7272727272727273
66,0.8461538461538461
67,0.7391304347826086
68,0.9523809523809523
69,0.8666666666666667
70,0.8666666666666667
71,0.8571428571428571
72,0.45454545454545453
73,0.65625
74,0.5454545454545454
75,1.0
76,0.8571428571428571
77,0.7647058823529411
78,0.6842105263157895
79,0.7857142857142857
80,0.7586206896551724
81,0.9047619047619048
82,0.972972972972973
83,0.7666666666666667
84,0.8518518518518519
85,1.0
86,0.8214285714285714
87,0.8666666666666667
88,1.0
89,0.8571428571428571
90,0.9166666666666666
91,0.8717948717948718
92,0.64
93,0.8571428571428571
94,0.9565217391304348
95,0.6206896551724138
96,0.6086956521739131
97,0.75
98,0.5384615384615384
99,0.9565217391304348
16
7
91
43
14
92
6
89
13
85
47
27
81
63
59
10
61
24
53
17
27
43
10
54
94
79
68
99
69
64
83
41
23
98
47
20
87
90
52
26
83
67
20
20
7
83
27
45
68
93
86
13
60
44
99
18
62
16
26
58
88
4
88
19
3
71
19
48
73
48
58
16
63
80
4
4
32
15
98
32
14
87
29
12
8
45
92
31
62
61
89
92
78
83
45
85
28
37
54
72
95
7
59
24
94
7
94
94
11
42
65
52
40
38
72
80
82
46
75
93
80
34
5
85
30
74
22
95
81
92
91
52
6
44
62
65
69
84
0
43
48
67
62
89
53
18
58
19
8
68
3
3
83
62
39
0
95
51
13
19
37
90
81
61
41
77
52
66
68
80
4
46
5
66
35
50
88
7
75
53
3
5
98
82
7
87
61
7
91
1
5
37
72
41
94
33
67
79
39
23
86
31
63
71
67
45
84
46
74
49
77
65
50
15
51
27
36
3
41
47
54
12
37
75
63
71
14
0
9
44
57
83
45
61
29
42
89
22
85
39
7
25
98
98
70
92
49
70
87
90
41
25
97
36
83
82
79
46
7
74
80
2
9
99
40
36
32
91
99
73
79
83
42
28
90
50
82
24
65
16
61
39
7
63
10
51
96
51
29
66
53
30
84
44
5
10
53
74
72
15
15
44
25
66
10
55
48
95
72
64
77
3
13
18
92
55
13
72
29
91
91
61
75
58
71
70
46
52
94
89
90
56
57
43
60
61
30
59
78
6
80
80
54
99
60
69
54
18
14
26
9
81
85
32
63
43
73
87
44
54
99
70
8
90
65
80
41
17
39
53
66
48
5
88
98
65
98
37
46
91
16
27
37
16
89
5
76
83
74
85
24
72
32
76
44
2
52
46
27
40
58
84
54
91
38
46
66
25
79
0
23
14
15
86
75
45
6
22
96
76
52
81
90
22
34
45
72
7
30
11
1
23
3
22
5
80
93
18
86
79
92
53
54
4
18
84
66
8
59
8
88
62
29
30
73
2
33
39
63
61
45
83
58
73
18
84
4
5
57
18
23
29
85
34
97
16
86
99
95
45
97
0
66
11
44
86
62
44
85
82
91
82
17
27
58
12
26
54
28
58
79
1
45
99
16
3
33
1
91
73
1
1
11
1
19
88
11
29
56
0
54
61
20
13
17
53
89
18
81
6
96
41
26
26
25
60
22
93
4
87
24
79
78
17
7
0
87
26
73
14
56
44
12
54
21
79
8
43
39
51
40
53
98
4
31
8
57
33
29
35
6
94
94
10
22
16
64
57
46
97
88
72
58
27
36
13
91
84
9
5
9
65
85
70
52
7
2
59
79
70
34
97
16
49
44
55
70
21
38
34
61
69
37
27
24
3
78
51
33
35
1
84
22
86
4
91
58
90
68
60
84
0
34
70
32
92
14
49
35
28
3
89
44
15
66
35
50
12
41
31
28
93
84
26
74
77
50
57
54
11
67
44
66
60
26
58
82
67
98
89
28
55
95
76
60
76
91
66
2
4
62
43
91
48
27
34
42
34
53
3
28
8
40
44
59
61
60
73
61
26
63
63
49
92
92
6
55
87
18
20
55
0
85
75
18
23
66
95
81
58
73
60
21
70
19
87
47
79
90
75
73
15
41
39
99
33
94
45
91
36
77
72
75
62
94
61
50
38
12
1
0
30
84
46
29
7
18
48
87
91
84
63
62
31
40
30
30
43
86
47
59
15
20
14
28
75
11
81
16
44
79
5
88
56
81
15
84
69
30
6
68
70
81
74
7
18
55
60
5
14
48
83
0
70
38
4
24
69
16
9
42
41
39
27
0
70
85
9
43
79
77
75
74
80
42
62
8
0
36
89
43
46
69
63
63
10
71
98
63
86
16
0
21
2
1
64
47
43
92
65
68
18
1
25
96
46
47
90
46
77
37
61
31
14
4
92
38
93
28
39
18
41
44
49
92
11
19
91
82
4
60
34
56
19
32
74
87
99
73
98
8
58
93
87
2
79
35
43
52
6
4
27
8
63
26
34
39
97
37
75
33
87
49
46
16
33
76
41
97
8
75
17
55
93
44
4
41
60
30
65
21
77
90
54
87
86
37
47
66
2
73
55
25
62
26
19
28
15
14
59
17
45
92
39
42
58
49
48
44
71
48
69
9
26
37
46
71
66
66
88
82
1
39
88
93
82
7
17
56
40
70
1
68
52
69
45
16
62
85
12
99
88
40
68
36
71
17
94
25
32
75
61
70
58
97
51
75
73
70
37
28
90
55
88
68
38
73
6
16
58
61
39
56
17
33
77
63
87
75
4
16
94
55
76
60
97
1
0
75
42
55
71
75
52
6
43
14
84
14
51
1
88
53
66
5
56
32
52
40
24
86
54
54
88
61
87
54
24
40
85
17
90
22
86
77
79
94
45
0
39
89
82
41
87
91
73
4
62
55
11
10
46
28
38
78
70
13
44
15
26
76
98
73
79
15
47
47
93
73
81
26
70
95
60
70
2
82
66
34
6
65
62
74
31
36
88
52
48
79
50
55
57
66
68
74
64
16
10
16
39
18
29
84
53
9
38
43
74
15
1
67
67
1
84
69
90
10
33
80
68
30
8
3
81
79
18
93
35
40
93
5
53
34
27
93
18
44
93
37
44
46
31
69
47
57
95
85
80
1
82
45
66
44
58
31
42
23
90
45
83
31
51
80
23
64
61
40
51
99
28
19
63
93
97
78
34
71
13
50
17
28
29
10
61
83
83
53
73
7
59
82
34
15
68
68
34
82
75
37
8
94
16
24
21
8
96
53
49
38
85
27
32
96
20
29
43
69
94
26
54
23
91
34
48
71
53
5
0
59
57
69
73
27
12
42
61
21
95
88
61
15
24
1
77
67
82
5
64
51
52
79
70
46
1
59
87
60
88
76
45
15
6
1
35
94
79
25
71
26
55
60
73
9
75
5
72
27
67
38
14
45
80
40
47
2
18
85
30
92
51
7
13
99
86
15
29
63
66
62
80
24
57
43
78
49
99
95
93
72
71
77
86
64
45
3
62
50
37
98
21
32
57
99
2
6
1
82
82
94
95
81
96
77
49
67
38
90
50
6
63
62
82
36
12
31
47
75
77
29
94
27
70
95
32
40
29
37
39
65
40
53
87
95
53
42
43
89
69
93
81
40
71
19
33
91
75
85
47
97
62
81
42
46
62
92
53
46
66
45
48
94
10
69
60
42
35
59
52
44
57
4
83
89
71
12
52
46
58
98
37
62
52
2
58
77
96
86
33
58
69
97
14
51
2
63
45
58
43
6
75
81
99
28
50
57
88
25
38
71
47
53
48
79
59
29
82
90
93
81
17
14
69
25
32
39
62
89
66
67
99
28
98
88
20
42
18
60
48
69
18
41
6
39
11
19
37
2
48
44
89
73
77
38
23
21
96
11
16
84
30
58
30
98
72
45
59
77
74
41
8
19
54
4
68
9
91
67
3
40
71
77
38
9
82
3
76
20
60
42
94
66
72
6
25
61
36
4
24
10
60
18
62
44
75
26
67
93
23
33
88
18
58
51
83
23
85
56
20
7
20
30
52
19
4
40
38
26
0
56
47
83
59
83
29
72
3
30
9
77
43
15
66
77
19
73
24
7
29
4
61
64
30
39
92
51
15
9
17
28
45
16
12
70
49
63
60
12
35
77
35
68
46
15
84
19
4
70
62
34
94
55
35
45
99
33
90
16
56
4
24
71
3
19
14
23
68
45
81
10
90
21
57
22
87
82
12
38
10
93
77
84
41
64
76
25
91
94
42
79
19
76
87
18
51
1
50
94
6
45
23
0
55
91
89
95
48
45
54
69
82
68
56
35
80
37
67
71
25
50
60
79
0
44
55
46
80
2
32
92
10
69
97
13
30
27
74
8
17
42
91
35
36
69
50
57
84
39
85
21
91
44
76
13
8
92
69
82
7
73
89
19
42
39
26
80
4
15
50
16
62
94
60
91
83
62
85
48
33
11
5
2
91
75
75
4
31
72
17
37
70
19
36
77
67
83
63
2
92
37
11
99
77
56
22
84
14
71
94
44
12
41
52
91
85
43
82
40
97
42
96
47
22
1
11
78
4
93
85
44
63
65
25
44
2
86
44
59
2
54
98
56
75
52
76
20
48
97
9
45
38
5
3
50
43
84
18
6
9
72
38
6
75
15
29
35
5
95
3
58
74
78
83
91
74
86
28
44
58
36
90
8
49
65
40
2
14
37
0
58
96
1
61
59
21
60
89
82
99
80
52
65
55
32
77
69
26
42
79
46
20
38
47
15
79
65
63
96
26
29
3
79
39
30
99
5
8
38
52
40
58
54
82
3
82
93
70
99
21
17
56
64
74
1
92
61
85
78
58
10
53
44
47
5
34
81
64
77
30
66
63
45
30
46
26
45
87
63
87
26
41
70
22
21
32
90
36
85
65
87
21
87
71
83
27
74
1
8
93
98
61
88
90
10
83
44
85
34
24
74
49
12
28
50
78
58
45
87
79
63
14
47
31
77
59
60
71
25
67
81
2
54
93
17
21
1
88
21
77
95
91
12
15
82
22
16
66
39
45
29
29
73
27
81
63
53
23
81
86
42
71
28
75
35
26
26
16
8
7
22
81
87
10
65
62
49
70
57
55
77
40
91
23
13
80
6
42
66
30
55
35
94
41
36
52
12
43
86
97
53
65
97
3
61
20
22
57
25
71
72
68
20
49
67
87
16
41
66
72
10
51
1
15
42
6
85
8
2
25
45
93
71
56
99
67
7
2
76
50
30
53
91
81
65
70
23
46
72
40
98
62
11
23
78
96
67
65
8
15
4
80
27
60
7
54
48
16
57
94
30
92
43
62
58
19
23
38
40
96
95
61
99
86
53
89
11
52
58
54
85
74
66
82
72
32
43
37
34
47
52
40
53
45
8
83
3
90
40
28
53
27
59
4
33
92
89
44
79
55
89
98
78
82
91
31
91
47
9
73
69
36
26
91
95
37
61
83
69
46
19
76
79
10
90
98
94
24
39
1
33
49
55
7
39
15
99
3
41
66
80
27
45
4
32
5
45
9
93
33
40
35
24
37
65
11
38
23
39
25
97
58
25
47
29
56
98
82
41
38
51
79
66
18
73
64
78
96
49
64
40
36
97
40
45
49
62
10
37
4
79
81
91
5
87
3
50
3
86
89
17
12
80
46
6
32
40
13
98
37
21
76
14
59
49
30
33
80
51
66
87
38
63
53
4
48
24
13
31
72
84
46
61
24
34
46
45
99
27
51
91
0
72
50
57
4
60
90
86
9
46
1
99
77
57
62
2
70
69
69
32
79
93
58
0
20
6
48
82
79
58
72
58
75
85
38
70
44
97
46
53
37
73
40
86
50
24
31
95
1
2
36
47
99
91
85
0
60
64
82
62
31
86
57
72
73
66
29
84
85
90
69
82
21
89
68
68
76
31
58
8
37
13
95
78
88
33
99
27
12
92
8
82
78
97
62
74
4
12
29
38
27
56
18
77
72
95
54
83
45
16
73
26
33
79
86
19
97
4
9
6
89
18
58
26
49
11
14
80
83
3
27
30
59
74
29
59
90
14
77
4
7
75
27
16
30
64
83
14
51
42
70
