overall_acc,0.7908
loss,[10.881012185668945, 6.258056531372071, 4.201656462554932, 3.2639529075622558, 2.822673001861572, 2.598458999710083, 2.495520343170166, 2.418366420135498, 2.3873645389556883, 2.356846712188721, 2.335506162414551, 2.330860888519287, 2.3221619341278075, 2.3142221738433837, 2.3028292674255373, 2.3079922261047363, 2.2988470319366456, 2.308156072845459, 2.308446643600464, 2.297152767791748, 2.309532887878418, 2.3065255339050292, 2.3145902644348144, 2.313713447418213, 2.3163044787597658, 2.327426085510254, 2.3346606619262693, 2.3242321018981933, 2.343549429473877, 2.351060761680603, 2.34440393447876, 2.353682010192871, 2.3650120848846434, 2.3743034426116942, 2.3971998303985598, 2.3887328443908693, 2.415277519760132, 2.4123723289489747, 2.4115661911773683, 2.4314015394592285, 2.4402120956420896, 2.4526010019683837, 2.4569077629852294, 2.46818291885376, 2.4800643504333495, 2.487373595275879, 2.4854161796569825, 2.5012137324523924, 2.502491650543213, 2.497967273864746, 2.5233712406921387, 2.5258109881591797, 2.525826679382324, 2.5374381251525877, 2.546470556335449, 2.5383762756347656, 2.5598051805114745, 2.5534002826690676, 2.56153868560791, 2.556571041946411, 2.0077633810424804, 1.6365645825958253, 1.4142084951400757, 1.2559932846450805, 1.1576967584991456, 1.0965004816818238, 1.0793544540596007, 1.060176633682251, 1.0717559397125245, 1.0650308979034424, 1.0585631049728395, 1.066373657989502, 1.0711941539001464, 1.0834916331863402, 1.090718471031189, 1.0824175254058839, 1.084649196395874, 1.095955322265625, 1.1077779129600525, 1.1110544994354248, 1.1055759283447266, 1.1099096353530884, 1.1056104930114745, 1.1188642413330079, 1.1244161739349365, 1.12966362575531, 1.139549648361206, 1.1465930604934693, 1.1358800964355469, 1.1459568992042541, 1.1509775535583495, 1.1431670832061767, 1.1545374754714965, 1.1556208927536011, 1.1485523570251466, 1.1566004068374633, 1.1685738410186768, 1.1590091146087647, 1.1587640697860717, 1.1681360007095336, 1.1747820532989501, 1.1661933283615111, 1.16650241645813, 1.1673915124511718, 1.1772582126617432, 1.1823727898025513, 1.1919809761810303, 1.175859823074341, 1.1885640616226196, 1.1744206369781494, 1.1802391223907471, 1.1953997881317138, 1.1929751062774658, 1.1905920782089234, 1.1918591958618163, 1.1921957077789307, 1.1988597679901123, 1.2088509395980835, 1.202106424407959, 1.2043680863952637, 1.0616883068084717, 0.9781342210388183, 0.9413333960914612, 0.9106255160903931, 0.8802922156906128, 0.8528898768043518, 0.8265408343887329, 0.8005016976165772, 0.7761906808662414, 0.7521218993186951, 0.7292989713859558, 0.7072852461242676, 0.6853911535835266, 0.6647202648925781, 0.644336589717865, 0.6247864436721802, 0.6061722419357299, 0.5874983937644959, 0.5698356531906128, 0.5525331498146057, 0.5357031442642212, 0.5196145442199707, 0.5039835332775116, 0.4886751313781738, 0.4740505476284027, 0.4597399443435669, 0.44570909413337706, 0.4324070478343964, 0.41950915775299075, 0.406847155046463, 0.3947196422958374, 0.38283338004112244, 0.3721015954685211, 0.360677697019577, 0.34966106678962705, 0.3394211220169067, 0.3292590220451355, 0.3194425399684906, 0.3098598980998993, 0.3005151277256012, 0.2951179259872437, 0.2931066129779816, 0.2912078256034851, 0.2894446847629547, 0.28763943183898927, 0.28597047761917116, 0.2841409819126129, 0.28238457969665526, 0.2807809569263458, 0.2789125755786896, 0.2772695331096649, 0.2757173384094238, 0.2739775584220886, 0.2723197180747986, 0.27064007833480835, 0.2690101061153412, 0.2673657675743103, 0.26582288024902345, 0.2641209035110474, 0.26252358812332155, 0.26094145626068116, 0.2593269407558441, 0.25784150234222414, 0.256272124004364, 0.25468531448364257, 0.2532162228679657, 0.2516200337314606, 0.2501397288417816, 0.2485990948343277, 0.24719857341766358, 0.245614576420784, 0.24416646946907045, 0.24270555576324462, 0.24123582414150238, 0.23978656600952147, 0.23832226090431213, 0.23681799817562102, 0.2354353373479843, 0.23406554299354554, 0.23263228414535522]
0,0.9565217391304348
1,0.9032258064516129
2,0.8260869565217391
3,0.6551724137931034
4,0.8387096774193549
5,0.7916666666666666
6,0.6956521739130435
7,0.8846153846153846
8,1.0
9,0.9473684210526315
10,0.35
11,0.5714285714285714
12,0.75
13,0.6521739130434783
14,0.8518518518518519
15,0.875
16,0.8846153846153846
17,0.9047619047619048
18,0.6470588235294118
19,0.88
20,0.8333333333333334
21,0.8421052631578947
22,1.0
23,0.8076923076923077
24,0.782608695652174
25,0.5833333333333334
26,0.7916666666666666
27,0.8333333333333334
28,0.76
29,0.7931034482758621
30,0.8148148148148148
31,0.76
32,0.6818181818181818
33,0.5862068965517241
34,0.92
35,0.5
36,0.9047619047619048
37,0.7894736842105263
38,0.8461538461538461
39,0.9565217391304348
40,0.8214285714285714
41,0.9545454545454546
42,0.9130434782608695
43,0.8260869565217391
44,0.6086956521739131
45,0.6842105263157895
46,0.5
47,0.6521739130434783
48,1.0
49,0.7058823529411765
50,0.7272727272727273
51,0.7142857142857143
52,0.8
53,0.896551724137931
54,1.0
55,0.5238095238095238
56,0.8181818181818182
57,0.6428571428571429
58,0.8571428571428571
59,0.875
60,0.8148148148148148
61,0.7586206896551724
62,0.8461538461538461
63,0.7083333333333334
64,0.5789473684210527
65,0.6818181818181818
66,0.8076923076923077
67,0.7391304347826086
68,0.9523809523809523
69,0.9333333333333333
70,0.8333333333333334
71,0.8095238095238095
72,0.4090909090909091
73,0.6875
74,0.6363636363636364
75,0.9285714285714286
76,0.9047619047619048
77,0.7058823529411765
78,0.7894736842105263
79,0.8214285714285714
80,0.7241379310344828
81,0.9047619047619048
82,0.918918918918919
83,0.7666666666666667
84,0.8518518518518519
85,0.9666666666666667
86,0.7857142857142857
87,0.9
88,0.9047619047619048
89,0.8928571428571429
90,0.8333333333333334
91,0.9230769230769231
92,0.56
93,0.8571428571428571
94,0.9565217391304348
95,0.7241379310344828
96,0.5652173913043478
97,0.7916666666666666
98,0.6923076923076923
99,0.9130434782608695
16
7
91
43
14
92
79
89
13
85
47
27
81
63
59
61
78
18
53
17
27
43
10
54
94
79
68
99
69
64
83
41
23
46
96
20
87
90
52
26
83
41
20
20
7
83
27
45
68
93
86
13
69
45
99
18
62
29
26
58
88
64
88
19
34
71
19
48
73
48
58
16
63
3
71
4
32
19
98
32
14
87
38
33
8
45
92
31
62
61
89
92
78
83
26
85
28
37
54
30
95
7
59
24
94
7
94
94
11
42
65
52
40
38
55
80
82
46
75
93
74
34
5
85
30
74
22
95
81
92
27
52
51
44
62
65
69
84
0
43
48
67
62
89
53
18
58
19
8
68
3
55
53
70
83
0
95
51
58
19
89
90
81
61
41
33
52
66
68
80
4
46
5
74
35
50
88
14
75
53
3
5
46
82
7
86
61
7
91
1
5
17
72
41
94
33
67
39
39
23
27
31
63
71
67
64
84
11
74
49
77
26
50
55
51
55
36
3
41
47
54
87
37
75
31
71
24
24
9
44
57
83
45
22
59
42
89
61
85
39
7
25
98
57
70
54
49
70
87
89
41
65
97
36
83
82
77
11
7
74
80
2
9
91
40
36
91
91
99
73
69
83
42
70
90
50
82
24
42
16
40
39
7
63
10
51
96
51
29
74
53
30
25
29
5
26
53
74
72
15
15
44
5
66
16
55
48
95
63
64
77
3
13
18
92
55
13
73
29
91
91
99
75
58
71
70
98
52
94
89
90
52
57
43
60
90
30
59
78
6
80
80
54
99
60
76
57
18
14
26
9
90
85
32
63
43
73
87
44
26
99
70
8
90
65
80
41
17
39
53
66
48
5
34
12
80
87
37
41
91
16
27
33
16
89
5
76
83
74
85
24
72
32
76
44
35
52
46
74
40
58
84
24
91
38
46
66
25
79
0
23
14
80
86
75
45
6
22
33
76
52
41
90
22
34
45
55
7
30
11
1
23
97
22
5
80
93
27
39
79
62
53
54
63
18
84
66
8
59
8
88
62
29
30
73
2
33
39
4
22
45
83
58
73
18
84
4
5
57
18
23
29
85
34
42
16
86
99
95
45
97
0
66
2
64
86
62
72
85
82
91
82
17
50
58
12
26
54
28
58
6
1
45
44
57
3
56
23
91
73
1
1
35
22
19
88
11
29
56
0
54
61
20
25
17
53
89
18
81
6
96
41
26
26
25
60
22
73
4
47
24
79
75
17
7
0
87
26
73
14
56
39
12
54
46
79
8
43
39
51
40
53
98
4
31
8
57
33
88
35
50
94
87
65
22
16
42
57
98
38
88
72
58
27
36
13
91
84
9
5
9
65
85
70
59
93
2
59
79
70
34
97
99
49
18
55
70
64
38
34
61
69
37
55
24
3
78
72
63
35
1
84
22
86
4
91
13
90
68
60
84
0
34
22
32
92
14
49
35
86
3
89
44
15
66
35
50
12
41
31
34
93
84
26
74
78
50
57
54
35
67
44
66
60
79
58
82
67
98
89
28
74
95
76
60
76
91
90
2
4
62
43
91
48
27
34
42
34
53
51
28
8
40
44
96
61
60
73
61
29
63
63
49
92
92
6
15
25
18
20
55
0
85
65
33
23
77
95
81
58
73
60
21
62
19
87
47
79
90
75
27
15
41
39
99
46
94
45
91
36
77
73
75
62
94
61
50
38
12
1
0
30
84
98
29
7
18
48
87
91
84
27
62
31
40
55
30
22
86
96
59
98
25
14
28
75
11
81
10
73
79
5
88
56
81
15
84
69
30
6
68
70
81
74
7
80
55
60
5
14
48
83
0
70
38
4
24
69
16
9
42
41
39
27
0
70
85
9
43
79
77
75
74
80
42
62
8
0
36
89
43
46
69
56
42
91
71
35
72
40
16
0
21
2
1
63
47
43
83
42
68
44
1
73
96
46
96
90
2
28
37
61
31
9
4
92
38
93
28
39
18
41
44
49
70
11
19
91
82
4
60
34
56
19
32
74
86
99
49
98
8
58
93
87
98
79
35
43
52
6
4
27
8
74
26
34
39
97
96
75
33
87
60
46
16
33
76
41
97
8
75
17
55
93
27
4
41
60
30
31
21
77
90
54
87
86
37
59
75
2
73
55
25
62
26
19
28
15
14
59
69
45
92
39
42
13
49
48
44
71
48
69
9
26
88
46
71
66
66
88
82
1
39
88
93
82
7
5
56
40
70
1
68
52
69
45
16
62
85
12
99
88
40
68
36
60
17
87
25
32
75
61
70
58
97
51
75
73
54
37
28
90
55
88
68
38
95
6
16
58
61
39
56
17
33
77
50
87
75
4
22
94
55
76
60
97
1
0
75
31
97
71
75
52
6
43
14
84
14
88
1
88
53
66
5
56
32
52
40
24
86
54
54
88
61
87
54
24
40
85
17
90
22
86
77
79
94
45
0
39
89
82
41
87
91
73
4
62
55
98
77
46
28
38
72
70
13
7
15
26
76
98
73
79
15
47
47
93
73
13
26
70
95
60
70
2
82
66
34
6
65
62
74
31
36
42
59
48
79
50
55
57
66
68
80
64
16
61
16
84
18
29
63
53
9
44
80
74
15
1
42
91
1
84
69
81
10
33
80
68
30
8
3
81
45
18
26
35
20
55
5
53
34
27
93
18
44
93
85
91
11
31
69
47
39
30
85
80
1
82
84
66
80
58
31
42
23
90
80
83
19
51
80
23
64
61
40
51
99
28
19
63
93
97
78
34
91
13
74
17
28
29
10
61
83
83
53
73
7
59
82
34
15
68
68
34
82
75
37
8
94
16
24
21
8
96
53
23
38
85
27
32
96
20
29
43
69
94
26
82
23
91
34
48
23
53
5
0
59
57
69
73
27
12
42
61
21
95
88
10
15
24
1
77
67
82
5
64
51
52
79
70
46
1
59
87
60
88
76
45
15
7
1
35
94
15
16
71
26
55
60
73
9
75
5
74
27
32
38
51
4
36
87
47
98
7
85
30
92
51
79
89
99
86
15
29
63
66
62
80
24
57
43
78
49
99
95
93
63
71
99
86
64
4
2
62
64
17
98
21
32
57
61
98
6
70
82
82
94
95
81
96
93
49
67
31
60
79
74
63
62
82
36
12
31
47
75
77
29
94
27
70
95
32
38
67
37
2
65
40
53
87
95
53
42
43
89
69
93
81
40
71
31
56
91
75
85
47
97
54
13
42
46
83
92
53
46
66
45
48
94
10
69
60
37
98
59
52
44
57
4
83
89
71
68
52
46
58
98
22
62
52
2
58
77
96
86
33
58
69
97
14
51
2
4
45
58
42
6
80
81
99
28
50
51
88
25
38
71
47
53
48
79
59
29
82
90
93
81
17
14
69
25
32
39
1
89
4
67
99
28
98
88
20
50
18
60
48
69
79
65
6
39
72
15
37
83
48
98
89
67
77
38
72
21
96
11
16
84
30
13
30
98
31
45
59
77
74
41
8
19
54
4
68
9
91
67
19
40
71
57
38
9
82
3
76
20
60
42
94
66
72
14
25
22
36
4
14
65
60
14
62
85
79
10
67
93
23
33
88
18
58
51
83
23
41
56
20
79
20
30
59
19
55
98
38
26
0
56
47
51
59
10
78
44
3
73
9
77
43
15
72
77
19
73
77
7
29
4
61
50
30
39
22
19
17
9
17
28
45
8
12
48
49
63
60
12
11
77
98
68
19
15
84
19
66
70
62
34
94
30
35
5
99
33
90
16
56
4
24
71
3
19
14
23
68
1
81
61
90
21
57
22
87
82
12
38
10
93
77
84
41
36
76
25
91
94
42
79
19
76
87
18
51
1
50
37
6
45
23
0
55
91
48
95
48
45
54
69
51
68
56
86
80
40
67
71
25
50
60
79
0
44
74
46
93
2
32
92
61
69
97
13
30
27
74
8
17
42
91
46
36
69
50
57
84
76
85
21
91
79
76
13
8
92
69
82
7
73
89
66
42
39
26
80
63
15
50
16
62
94
96
91
83
62
85
48
33
11
5
2
18
75
75
4
3
72
17
89
92
19
36
22
67
83
63
2
62
37
11
99
77
56
22
84
14
71
94
44
41
41
52
91
85
43
82
40
97
42
96
47
22
1
11
78
63
93
85
12
63
65
25
44
2
86
44
59
2
54
35
56
75
52
76
20
48
97
9
78
38
5
3
50
42
84
18
6
76
72
38
6
75
15
29
2
20
95
3
58
74
14
83
91
74
86
10
63
58
36
90
8
76
50
40
61
14
81
0
58
96
1
61
59
21
60
89
82
99
80
52
65
55
32
77
69
26
42
79
11
20
38
52
15
79
65
63
33
26
29
3
79
39
30
99
5
8
51
52
69
58
54
82
3
82
93
10
99
21
17
56
64
74
1
92
61
85
78
58
10
53
74
47
5
34
81
64
77
67
66
63
45
93
46
44
45
87
63
87
26
41
70
22
21
32
90
36
85
3
87
21
87
71
83
27
74
1
8
93
98
61
88
90
10
83
55
85
34
24
74
49
12
28
50
78
90
45
87
79
63
14
47
31
77
59
60
71
25
67
81
2
54
67
17
21
1
88
21
77
95
91
12
15
82
22
16
66
25
44
38
29
73
27
81
63
53
23
81
86
78
71
28
75
35
62
79
16
8
7
22
81
87
83
65
62
49
70
57
75
33
40
91
23
13
55
6
42
66
30
30
35
94
41
36
52
12
43
86
97
53
50
97
95
61
20
22
57
25
71
72
68
20
49
67
87
16
41
66
72
10
51
1
15
42
6
85
8
2
5
45
93
71
56
99
67
78
2
76
50
30
53
91
81
65
70
23
11
95
40
71
62
11
23
78
96
67
65
8
15
4
80
27
60
7
54
48
16
57
94
30
62
43
62
58
19
23
38
40
59
95
61
99
86
53
89
11
52
58
54
85
74
72
82
72
32
43
81
34
47
52
40
53
45
8
83
3
46
40
28
53
27
59
4
33
92
89
44
60
74
89
98
78
82
91
31
91
47
9
73
69
36
26
91
95
37
61
83
69
11
19
76
79
78
90
98
94
24
39
1
33
59
29
7
39
15
99
3
41
66
80
27
45
72
32
5
45
9
44
33
8
35
24
59
65
11
38
23
39
25
97
73
46
47
93
56
98
82
41
38
51
79
65
18
95
64
78
96
49
64
40
36
97
40
45
49
62
10
49
4
79
81
91
5
87
3
50
80
86
89
17
12
80
21
24
32
40
13
98
37
21
76
14
59
49
30
33
80
51
66
87
38
63
53
4
48
24
13
31
29
84
46
61
24
34
46
45
99
44
51
91
0
72
50
57
4
60
90
86
9
46
92
99
77
57
14
2
70
69
69
91
79
93
58
0
20
7
48
82
79
58
67
58
3
85
19
70
29
97
46
53
37
73
28
50
50
24
34
95
1
2
36
59
99
55
85
0
23
64
54
62
31
86
57
72
73
42
91
84
85
90
69
82
21
89
68
68
76
31
58
8
37
13
95
78
45
33
99
42
12
92
8
82
78
97
62
74
4
90
29
97
80
56
18
6
72
95
54
0
45
16
73
29
33
14
86
19
97
4
9
57
89
14
25
26
49
11
14
80
83
3
27
30
59
74
29
59
90
14
77
65
7
75
27
16
30
64
83
14
51
42
70
