overall_acc,0.7952
loss,[10.908924775695802, 6.256266788635254, 4.199070877227784, 3.2657143132019044, 2.8192222593688965, 2.5985657009887695, 2.478843527679443, 2.4253059532165526, 2.377210945739746, 2.363474086151123, 2.3437451837158205, 2.3261044621276854, 2.3141174337005617, 2.3079043991088866, 2.3034151957702638, 2.3070759996032715, 2.312458819580078, 2.3058109148406984, 2.299644274291992, 2.30041450050354, 2.302192526397705, 2.310615183944702, 2.313228572769165, 2.304191584701538, 2.3096464640045165, 2.316987937774658, 2.316167456665039, 2.323603321228027, 2.3357078834533693, 2.336165661468506, 2.3494700802612303, 2.3556342440795897, 2.356509228820801, 2.36695371383667, 2.364648197631836, 2.3756252371215822, 2.3839924031066895, 2.395806100692749, 2.405805598144531, 2.413046273574829, 2.4232783650970458, 2.4398636474609376, 2.443407208557129, 2.448889107513428, 2.46275467666626, 2.467703487701416, 2.4720709567260744, 2.4870688159179686, 2.4954991119384764, 2.4944461056518556, 2.5151340744018555, 2.507088664016724, 2.5172714323425294, 2.518563712615967, 2.5287194956970214, 2.533920809326172, 2.53378842590332, 2.5486593256378174, 2.5417681731414796, 2.563887559738159, 2.0225250410461424, 1.6390613347244263, 1.4243995924377442, 1.2634063258361816, 1.1617789749908447, 1.0989287014770508, 1.0800578608703613, 1.0710062059783936, 1.0624790562438964, 1.0604963582611084, 1.063884894104004, 1.0616585459709167, 1.075167837562561, 1.0839471897506714, 1.0846022360992431, 1.0989844150161743, 1.0923771993255615, 1.0795358727264404, 1.1049297793579103, 1.0975521863555908, 1.1157566088485718, 1.111911414718628, 1.1087427842330932, 1.123909380722046, 1.122541711807251, 1.1279891845703125, 1.1287684215164184, 1.153010373878479, 1.1299111712646484, 1.1297870831298829, 1.1511363394927978, 1.1454337198638915, 1.1399218091583252, 1.1635597468566894, 1.1531377496528625, 1.1476919904327392, 1.1561529546356202, 1.160150458984375, 1.1597500347900391, 1.1658669937896728, 1.1607817951965331, 1.170201961631775, 1.179072792739868, 1.1844813679504393, 1.1676623191833495, 1.189758600769043, 1.186500373916626, 1.176682322921753, 1.1761248303604126, 1.1857704583740234, 1.1871859170532226, 1.1744984783554078, 1.1836134220504761, 1.1857939427566528, 1.1838066105270386, 1.1845606309890746, 1.1739295027160646, 1.1886422497940063, 1.1862687801361085, 1.2077969728469848, 1.0612020124435424, 0.9756831272315979, 0.9382578337287902, 0.9070765307044983, 0.877593700504303, 0.8491028626823425, 0.8231317950630188, 0.7972355167579651, 0.7733015874481202, 0.7492966304779053, 0.7266156682777405, 0.7044447487640381, 0.6831004596328736, 0.6623875628852844, 0.6423533924484253, 0.622437649230957, 0.6036035886955261, 0.5854338616752625, 0.567799356803894, 0.5504188243103028, 0.5340363531303406, 0.51781522813797, 0.5019848915481567, 0.4870042092227936, 0.472393947057724, 0.4581377801895142, 0.4443934015083313, 0.4309134563064575, 0.4180802600193024, 0.4059837645435333, 0.3934146225738525, 0.3814674248790741, 0.3700132265853882, 0.35897829469680786, 0.34830306116104126, 0.3377378881931305, 0.32794401821136476, 0.31808438827514646, 0.30860924180030824, 0.29926719009399416, 0.2938128550338745, 0.29189095202445986, 0.2900955502510071, 0.28844114433288576, 0.2865880060195923, 0.2847754902458191, 0.2830476264953613, 0.2813743074607849, 0.2795819807434082, 0.2779602520275116, 0.27623267822265624, 0.27459053304672243, 0.2729426766109467, 0.2712848421096802, 0.26959257182121277, 0.26803898677825927, 0.2663693779754639, 0.2648098777961731, 0.26327242617607116, 0.26157649049758913, 0.26002815287590025, 0.2584749324607849, 0.2568725001144409, 0.25532680790901185, 0.2537668385028839, 0.25231920708656314, 0.25075697892189025, 0.24922175096988677, 0.24773490354061126, 0.24626953435897828, 0.24474913696289063, 0.24328526002407075, 0.24185081748008727, 0.2403811486196518, 0.23893447644710541, 0.23740948712825774, 0.23606016520500184, 0.2346604243183136, 0.233236599650383, 0.23183564061641693]
0,1.0
1,0.9354838709677419
2,0.782608695652174
3,0.7586206896551724
4,0.7741935483870968
5,0.7916666666666666
6,0.9130434782608695
7,0.8461538461538461
8,1.0
9,1.0
10,0.4
11,0.6666666666666666
12,0.9
13,0.6521739130434783
14,0.8148148148148148
15,0.8333333333333334
16,0.8461538461538461
17,0.8095238095238095
18,0.7058823529411765
19,0.84
20,0.8333333333333334
21,0.8421052631578947
22,0.8823529411764706
23,0.8076923076923077
24,0.782608695652174
25,0.625
26,0.875
27,0.75
28,0.84
29,0.7241379310344828
30,0.8518518518518519
31,0.68
32,0.7727272727272727
33,0.5862068965517241
34,0.88
35,0.5454545454545454
36,0.8095238095238095
37,0.8421052631578947
38,0.8846153846153846
39,1.0
40,0.75
41,0.9090909090909091
42,0.782608695652174
43,0.782608695652174
44,0.6086956521739131
45,0.7631578947368421
46,0.5
47,0.782608695652174
48,1.0
49,0.7647058823529411
50,0.7727272727272727
51,0.7619047619047619
52,0.85
53,0.9655172413793104
54,0.9545454545454546
55,0.6190476190476191
56,0.8181818181818182
57,0.6785714285714286
58,0.8285714285714286
59,0.7083333333333334
60,0.7037037037037037
61,0.7241379310344828
62,0.8076923076923077
63,0.7916666666666666
64,0.7368421052631579
65,0.6818181818181818
66,0.7692307692307693
67,0.6521739130434783
68,0.9523809523809523
69,0.8666666666666667
70,0.8333333333333334
71,0.8095238095238095
72,0.5
73,0.65625
74,0.6666666666666666
75,0.9642857142857143
76,0.8095238095238095
77,0.7058823529411765
78,0.7894736842105263
79,0.7857142857142857
80,0.6206896551724138
81,0.8571428571428571
82,0.9459459459459459
83,0.9
84,0.9259259259259259
85,0.9666666666666667
86,0.7857142857142857
87,0.8666666666666667
88,0.9523809523809523
89,0.9285714285714286
90,0.875
91,0.8974358974358975
92,0.76
93,0.8571428571428571
94,0.8695652173913043
95,0.6206896551724138
96,0.6956521739130435
97,0.7916666666666666
98,0.6538461538461539
99,0.8260869565217391
16
7
91
43
14
92
6
89
13
85
96
27
81
63
59
10
78
33
53
17
27
43
10
54
25
79
68
99
69
64
83
41
23
35
96
20
87
90
52
26
83
41
20
20
7
83
27
45
68
93
86
12
69
73
99
1
70
44
26
58
88
64
88
19
34
23
19
48
44
48
58
16
63
75
55
4
32
15
98
32
14
87
38
12
8
45
92
31
62
61
89
92
78
83
45
85
28
37
54
30
95
7
59
24
94
7
94
94
11
42
65
52
40
38
72
80
82
46
75
51
50
34
5
85
30
74
22
95
81
92
27
52
6
44
62
65
69
84
0
4
48
67
62
89
53
27
81
19
8
68
93
3
83
70
39
0
95
51
81
19
89
90
75
61
41
33
52
66
68
80
4
46
65
74
35
50
88
14
75
53
3
5
35
82
7
81
61
7
91
1
5
37
72
41
94
33
67
8
39
23
28
31
63
71
67
45
84
32
74
49
77
65
50
15
51
55
36
3
41
47
54
81
37
75
74
71
14
0
9
78
57
83
45
22
52
42
89
22
85
39
7
25
98
57
70
70
49
70
87
90
41
79
97
36
83
82
6
46
7
74
80
2
9
78
40
54
91
91
99
73
73
83
42
92
90
50
82
24
38
16
28
39
7
63
10
51
96
51
29
66
53
30
84
44
5
26
53
74
3
15
15
44
5
66
77
55
48
91
63
64
77
3
13
18
92
55
13
30
29
91
91
99
75
58
71
70
98
52
94
89
90
56
57
43
60
89
30
59
78
6
80
80
54
83
23
17
54
18
14
26
9
81
85
32
63
43
73
87
44
26
99
70
8
90
65
80
41
17
39
53
66
48
20
88
13
67
98
37
40
91
16
27
33
16
89
5
69
83
74
85
24
3
32
76
45
5
52
46
27
40
58
84
6
91
63
46
66
90
79
0
23
14
80
86
75
45
6
22
96
76
52
37
49
22
34
45
48
45
30
11
1
23
3
22
5
80
93
27
39
79
92
53
54
63
18
84
73
8
59
8
88
62
29
30
73
2
33
39
4
61
45
83
58
73
18
84
4
5
26
18
23
29
85
38
73
16
86
99
95
45
97
0
87
2
44
86
92
29
85
82
91
82
17
38
85
12
26
54
28
58
79
1
4
44
16
3
33
23
91
73
1
1
11
1
19
88
11
29
56
0
54
61
20
13
17
53
89
18
81
6
96
41
26
26
25
60
22
73
74
47
24
18
78
17
7
0
87
26
73
14
56
66
12
54
21
79
8
43
39
51
40
53
98
4
31
8
57
33
18
35
6
94
94
65
22
16
64
57
2
4
88
55
58
27
36
13
91
84
9
89
9
65
85
70
52
41
2
59
79
70
34
97
16
49
44
55
70
27
38
34
61
69
37
55
24
3
78
75
63
35
1
84
22
86
55
91
13
90
68
60
84
0
34
14
32
92
14
49
35
86
3
89
44
15
66
35
50
12
41
31
34
93
84
26
74
93
50
57
54
11
67
44
66
60
79
58
82
67
98
89
28
55
95
76
60
76
91
37
2
4
62
43
91
48
63
34
42
34
53
21
28
8
40
44
47
61
60
73
61
6
63
42
49
92
92
6
57
87
18
20
55
0
85
75
18
23
78
95
81
58
73
60
21
62
19
87
47
88
90
75
75
15
41
39
99
33
94
45
91
36
77
72
75
62
25
61
50
38
12
1
0
30
84
98
29
7
18
48
81
91
84
63
62
31
40
30
30
43
86
96
54
15
20
14
28
75
11
81
10
44
79
5
42
56
81
31
84
69
30
6
68
70
81
74
7
14
55
60
5
14
48
83
0
70
38
26
24
69
16
9
42
41
39
27
0
70
85
9
43
79
77
75
74
80
42
62
8
0
36
89
51
46
69
56
63
22
71
35
72
40
87
0
21
45
1
64
47
43
83
3
68
18
1
25
96
98
47
90
2
28
37
61
31
14
4
92
38
93
28
39
18
41
78
49
92
11
19
91
82
4
60
34
56
19
32
74
87
99
49
98
8
58
93
87
2
7
35
43
52
6
4
27
8
63
26
34
39
97
37
75
33
87
59
46
16
33
76
41
97
8
75
17
55
93
44
4
41
60
30
65
21
77
90
54
87
86
37
47
75
2
73
55
25
62
26
19
28
15
14
47
17
45
92
39
42
58
49
48
44
71
48
69
9
26
37
46
71
66
66
88
82
1
39
88
93
82
7
17
56
40
70
77
68
52
69
45
16
6
85
12
99
88
40
68
36
60
85
87
25
46
75
61
70
58
88
51
75
73
70
37
28
90
55
88
68
38
95
6
16
58
61
39
56
17
33
77
63
87
75
4
16
94
55
76
60
97
1
0
75
31
97
71
75
52
6
43
14
84
14
51
1
88
53
66
5
56
32
52
40
24
86
54
54
88
61
87
54
24
16
85
37
90
22
86
77
79
94
18
0
39
89
82
41
87
91
73
4
62
72
98
10
46
28
38
50
70
13
7
15
26
76
98
73
79
15
47
47
93
73
81
26
70
95
60
70
11
82
66
34
6
65
62
74
31
36
88
52
48
79
50
19
83
66
68
74
64
16
63
16
95
18
29
84
83
9
38
3
74
15
1
67
96
1
84
69
81
10
33
80
68
30
8
3
81
48
18
14
35
28
93
5
53
34
27
93
6
44
93
85
14
46
31
69
47
57
95
85
80
1
82
45
66
77
58
31
42
23
90
6
83
31
51
80
23
64
61
40
51
99
28
19
63
26
97
78
34
90
13
24
17
28
29
10
61
83
83
53
73
7
59
82
34
15
68
68
34
82
75
37
8
94
86
24
21
8
52
53
67
38
85
27
32
96
20
29
43
69
94
26
54
23
91
34
48
23
53
5
0
59
57
69
73
32
12
64
61
21
95
88
28
15
24
1
77
67
82
5
64
51
59
79
70
46
1
59
87
60
88
76
45
55
7
1
35
94
55
16
71
26
30
60
73
9
75
5
72
14
32
38
18
45
80
87
52
25
7
85
30
83
51
79
13
99
86
15
29
27
66
62
80
24
57
43
78
49
99
95
93
63
71
74
86
64
4
3
62
50
17
35
31
32
57
61
2
6
92
82
82
94
95
81
96
93
33
67
15
60
44
74
63
62
82
36
12
31
47
75
77
29
94
27
70
95
32
38
32
37
26
65
40
53
87
95
53
42
43
89
69
93
81
84
71
34
33
91
75
85
47
97
92
13
33
46
92
92
53
46
66
45
48
94
10
69
60
42
98
59
52
44
57
4
83
89
71
68
52
21
58
98
22
62
52
2
58
77
96
86
33
58
69
97
14
51
2
63
45
58
42
6
75
81
99
28
50
57
88
25
38
71
47
53
48
79
59
29
82
90
26
81
17
14
69
25
32
39
62
89
74
67
99
28
98
88
20
4
18
71
48
69
18
40
6
39
25
15
37
83
48
98
89
73
77
38
27
21
96
11
41
84
30
13
30
98
31
83
59
77
74
41
8
19
54
4
68
9
91
67
38
40
71
77
38
9
82
3
76
20
71
42
94
66
72
14
25
61
36
4
14
26
60
77
62
60
6
26
27
93
23
33
88
18
58
0
83
23
85
56
20
79
20
30
96
19
4
98
67
26
0
56
47
83
59
83
29
3
3
30
9
77
43
15
74
77
19
73
79
7
12
4
61
50
30
39
45
51
31
9
17
28
45
16
12
41
49
63
60
12
11
77
98
3
46
15
84
19
64
70
62
34
20
30
41
42
99
33
90
16
59
4
24
71
3
19
14
23
68
45
81
10
90
21
57
22
87
82
12
38
10
93
77
84
41
64
76
25
91
94
42
79
19
76
87
18
51
1
50
37
6
45
23
0
55
91
89
95
48
45
54
69
82
68
56
86
50
41
67
71
25
50
60
79
0
44
55
46
93
2
32
54
50
69
97
13
30
27
74
8
17
42
91
11
36
69
50
57
84
30
85
3
91
79
76
13
8
92
69
82
7
73
89
32
42
39
26
36
32
15
50
16
62
94
60
91
83
62
85
48
59
11
5
2
18
75
75
4
31
72
17
89
92
19
36
22
67
83
63
2
92
37
11
99
77
56
22
84
14
71
94
44
41
41
52
91
85
43
82
40
97
42
96
47
22
1
11
78
72
93
85
18
63
65
25
44
2
22
44
59
2
54
11
56
75
47
76
20
48
97
9
45
38
84
3
50
43
84
18
6
9
72
38
6
75
15
29
35
25
95
3
58
74
14
83
91
74
86
46
50
58
36
90
8
49
65
30
1
14
37
0
58
96
1
61
59
21
60
89
82
61
80
52
65
55
32
77
69
26
42
79
11
20
38
52
15
79
65
63
96
26
29
3
79
39
30
99
5
8
38
52
40
58
54
82
3
96
93
70
99
21
17
56
64
74
1
92
61
85
78
58
10
53
74
47
5
34
81
64
77
73
66
63
45
95
46
14
45
87
63
87
26
41
70
51
21
32
90
36
85
3
87
21
87
71
53
27
74
1
8
93
98
61
88
90
10
83
29
58
34
24
74
49
12
28
74
78
12
45
87
79
67
14
47
31
77
52
12
71
25
67
81
98
54
67
17
21
1
88
21
77
95
91
12
15
82
22
16
66
25
1
29
29
73
27
81
63
53
23
81
86
78
71
28
75
46
62
79
16
8
7
22
81
87
83
65
62
49
70
57
63
33
40
91
23
13
80
6
42
21
30
55
35
94
41
36
52
12
43
86
97
53
50
97
4
61
20
22
57
25
71
72
68
20
49
67
87
16
41
66
44
12
54
1
15
42
6
85
8
2
5
45
93
71
56
99
67
32
2
76
50
30
53
91
81
65
92
23
11
72
40
80
62
11
23
78
96
67
50
8
15
4
80
27
60
7
54
48
16
57
94
30
92
43
92
58
19
23
38
40
96
95
10
99
86
53
89
11
52
58
54
85
74
72
82
72
32
43
81
34
47
52
40
53
45
8
83
3
90
40
28
53
27
59
4
33
92
89
44
12
55
89
98
78
82
91
31
91
47
9
73
69
36
77
91
95
37
61
83
69
98
64
76
80
78
90
98
94
24
39
1
33
44
55
7
39
15
39
3
41
66
80
27
45
74
32
5
45
9
44
33
19
11
24
56
65
11
38
23
39
25
97
58
46
47
42
56
98
82
41
38
51
45
19
18
95
64
78
96
49
64
40
36
97
40
45
49
62
28
37
4
77
81
91
5
87
3
50
80
86
89
17
12
80
21
24
32
25
13
98
37
21
76
14
59
49
30
49
43
51
66
87
38
63
53
4
48
24
13
31
29
84
46
61
24
34
46
45
99
27
51
91
0
72
50
57
4
60
90
86
9
8
92
99
77
57
62
2
70
69
69
32
79
14
58
0
20
7
85
82
79
58
72
58
63
85
38
92
44
97
46
53
37
30
28
86
50
24
29
30
1
2
36
59
99
91
85
0
71
64
82
62
31
86
57
72
73
42
91
84
85
90
69
82
21
89
68
68
76
31
58
8
37
13
30
78
45
47
30
42
12
92
8
82
78
97
62
74
4
12
29
97
80
56
18
77
3
95
54
0
45
16
73
29
33
6
86
19
97
4
9
53
89
14
25
26
49
11
14
80
83
3
27
30
52
74
29
59
90
14
77
4
7
75
27
16
30
55
83
14
51
42
54
