overall_acc,0.788
loss,[10.88137462463379, 6.2498391015625, 4.206612891387939, 3.2733219079589846, 2.8307001554870603, 2.604229247055054, 2.4834667140960693, 2.4261155583953857, 2.383751113433838, 2.352918073196411, 2.337150556640625, 2.3238721818542483, 2.312746162414551, 2.3122055000305175, 2.311445969238281, 2.2951609452819826, 2.2953204347229006, 2.2889755144500734, 2.2858947325134276, 2.287643336791992, 2.2891789449310305, 2.3006447912979127, 2.2906415073394775, 2.3019215014648435, 2.3053177395629882, 2.2974237109375, 2.318874588394165, 2.3079932846069338, 2.3235068516540527, 2.3273002768707274, 2.3308539654541014, 2.3364540297317506, 2.3443798556518556, 2.3601186737823485, 2.3602517500305176, 2.3693542236328127, 2.3837444439697264, 2.392469515533447, 2.395550845794678, 2.3997148947143554, 2.407270057525635, 2.4233712464141846, 2.4228967197418214, 2.4350168215942385, 2.448352447967529, 2.4484893644714356, 2.4471239682769776, 2.473021956100464, 2.4551521406555175, 2.4901974504089357, 2.488986199645996, 2.48990801574707, 2.4834164669799805, 2.516568554458618, 2.5136911700439453, 2.5039504103088377, 2.5267447871398927, 2.521786555557251, 2.529952043914795, 2.5267735236358644, 1.9830673107910157, 1.611929529953003, 1.3924906495285034, 1.2429029147338868, 1.1459180348968505, 1.0820728355789184, 1.063010107421875, 1.0490894068336487, 1.0367785986328124, 1.046692598838806, 1.0515945146560668, 1.054562857208252, 1.0638004651069641, 1.0759891887664794, 1.0701523809051514, 1.072120715827942, 1.066875777015686, 1.0728276052856445, 1.0771338648605346, 1.0870427265548706, 1.0996818431091309, 1.10286973777771, 1.098531044998169, 1.1035455444717408, 1.1144007741928101, 1.1160175687408447, 1.1138744017791748, 1.1112225133514404, 1.1147657404327393, 1.1331158240509034, 1.1286358102416991, 1.1373722786712646, 1.1253925854492188, 1.1258437404632569, 1.1380738582992553, 1.1467514013290405, 1.1431024331665038, 1.153912421836853, 1.1432310192871094, 1.1436358321762086, 1.1608719928359985, 1.1458694705200196, 1.1490836650848388, 1.1674463932800292, 1.16473894821167, 1.1580163749694825, 1.1576516989135741, 1.159804229812622, 1.1547086280059815, 1.1769274913787842, 1.1694761225128174, 1.1818119609832765, 1.166846644859314, 1.1763517217254638, 1.1707544750595094, 1.1827531526184083, 1.163650397720337, 1.1862914638519286, 1.1844274555969239, 1.1854119161987304, 1.0437851778411866, 0.962572989025116, 0.9248346195793152, 0.8939532139587403, 0.8653325587844849, 0.8378215204811096, 0.8117647189521789, 0.7869426744651794, 0.7631851173782349, 0.7394919236755371, 0.7171306445884704, 0.6948029092025757, 0.6737858852386475, 0.6530283001327515, 0.6333592823410035, 0.6141856776618958, 0.5956181750106812, 0.577478215713501, 0.5600015327453614, 0.5435950615310668, 0.5265676775169372, 0.5107050485420227, 0.4954371903800964, 0.4802682194137573, 0.46606669733047484, 0.45214717603683474, 0.43854700743675235, 0.42512847780227664, 0.4123949801445007, 0.40052552107810974, 0.38808462463378907, 0.37676274969100954, 0.36503000524520873, 0.3542455496406555, 0.34347977657318113, 0.3333353069496155, 0.3234810224723816, 0.31390899328231814, 0.3045319504737854, 0.2954498321723938, 0.2899971182823181, 0.2881057025051117, 0.28630207208633424, 0.28446599596977235, 0.2827387089443207, 0.28101059559822084, 0.27930801155090335, 0.2775577810096741, 0.27586674982070925, 0.2741441635131836, 0.272545634765625, 0.27092787096977233, 0.26928330404281614, 0.26766033769607545, 0.26604436007499693, 0.2644521580505371, 0.2628669106864929, 0.2612289070892334, 0.2596475773239136, 0.258061029958725, 0.25645574458122256, 0.25495471121788027, 0.2534417905521393, 0.25191841702461243, 0.2503855223464966, 0.24887509076595307, 0.24739081352710723, 0.24588690269470215, 0.24445761896133422, 0.2429414929628372, 0.24147896971702576, 0.24006283152103425, 0.23857907636642456, 0.23718968275547028, 0.23569574813842772, 0.23434443668842317, 0.23286124700546265, 0.23148545392036438, 0.23010612616539, 0.22872318532943725]
0,0.9565217391304348
1,0.9032258064516129
2,0.8695652173913043
3,0.8275862068965517
4,0.8064516129032258
5,0.8333333333333334
6,0.7391304347826086
7,0.8076923076923077
8,1.0
9,0.9473684210526315
10,0.45
11,0.5714285714285714
12,0.9
13,0.6086956521739131
14,0.6666666666666666
15,0.8333333333333334
16,0.8846153846153846
17,0.9523809523809523
18,0.6470588235294118
19,0.68
20,0.8333333333333334
21,0.8947368421052632
22,0.9411764705882353
23,0.8846153846153846
24,0.8260869565217391
25,0.625
26,0.75
27,0.6666666666666666
28,0.76
29,0.6551724137931034
30,0.8518518518518519
31,0.8
32,0.6818181818181818
33,0.5517241379310345
34,0.88
35,0.45454545454545453
36,0.9047619047619048
37,0.7894736842105263
38,0.7692307692307693
39,1.0
40,0.6428571428571429
41,0.9545454545454546
42,0.8260869565217391
43,1.0
44,0.5217391304347826
45,0.7105263157894737
46,0.45454545454545453
47,0.7391304347826086
48,1.0
49,0.7647058823529411
50,0.6818181818181818
51,0.7619047619047619
52,0.85
53,0.9310344827586207
54,0.9090909090909091
55,0.5238095238095238
56,0.9090909090909091
57,0.7142857142857143
58,0.8857142857142857
59,0.6666666666666666
60,0.8518518518518519
61,0.7241379310344828
62,0.8461538461538461
63,0.7916666666666666
64,0.5789473684210527
65,0.7272727272727273
66,0.8846153846153846
67,0.5652173913043478
68,0.9047619047619048
69,0.8666666666666667
70,0.8333333333333334
71,0.9047619047619048
72,0.45454545454545453
73,0.6875
74,0.5757575757575758
75,0.9642857142857143
76,0.9047619047619048
77,0.6470588235294118
78,0.8947368421052632
79,0.8928571428571429
80,0.7586206896551724
81,0.8095238095238095
82,0.8918918918918919
83,0.8
84,0.8888888888888888
85,0.9333333333333333
86,0.8571428571428571
87,0.8666666666666667
88,1.0
89,0.8571428571428571
90,0.875
91,0.8974358974358975
92,0.64
93,0.8571428571428571
94,0.9565217391304348
95,0.6206896551724138
96,0.6086956521739131
97,0.7083333333333334
98,0.8076923076923077
99,0.8695652173913043
16
7
91
43
14
92
6
89
13
85
47
74
81
63
59
10
78
24
53
17
27
43
10
54
25
79
68
31
69
64
83
41
49
35
59
20
87
90
52
26
83
93
20
20
7
83
27
45
68
93
86
12
69
73
99
18
62
66
29
58
88
64
88
19
34
71
19
48
91
48
58
16
63
75
71
4
32
15
98
32
14
87
38
12
8
45
92
31
62
61
89
92
78
83
45
85
28
37
54
30
95
7
59
24
94
7
94
94
11
42
65
52
40
38
72
80
82
80
75
93
50
34
5
85
30
74
22
95
81
92
44
52
18
44
62
65
69
84
0
43
48
67
62
7
53
44
90
19
8
68
75
3
83
62
39
0
40
51
58
55
89
90
90
61
41
66
52
66
68
80
43
46
25
74
35
50
88
7
75
53
3
5
11
82
7
87
61
7
91
1
5
17
72
41
94
33
67
39
39
23
6
31
63
71
67
93
84
35
74
33
77
97
50
98
51
27
36
3
41
47
54
87
37
75
80
71
14
0
9
99
57
83
45
22
59
42
89
61
85
39
7
25
98
36
70
54
49
70
87
77
38
65
97
36
83
82
83
11
7
74
80
2
9
78
40
36
91
91
99
73
79
83
42
62
90
50
82
24
38
16
40
39
7
63
10
51
96
51
29
66
53
30
84
44
5
91
53
74
3
15
15
44
5
66
16
55
48
73
63
66
77
3
13
18
92
55
13
93
29
91
91
61
75
58
71
70
46
52
94
89
90
56
57
43
60
90
30
59
78
74
80
80
54
99
60
76
57
18
14
26
9
90
85
32
63
43
73
87
44
26
99
70
8
12
65
80
41
17
39
53
66
48
5
88
13
27
98
37
41
91
16
27
37
16
89
5
76
83
74
85
24
55
32
76
45
5
52
46
21
40
58
84
54
91
63
35
66
41
79
0
23
14
15
86
75
45
6
22
33
76
52
41
90
22
34
45
66
24
30
2
1
23
3
22
5
80
93
27
39
79
92
53
92
42
18
84
61
8
96
8
88
62
29
73
73
2
33
39
4
22
45
83
58
73
18
84
4
5
83
18
23
29
85
42
42
16
86
31
95
45
97
0
87
32
44
86
54
29
85
82
91
82
17
27
58
12
26
54
28
58
79
1
45
99
16
3
56
23
91
73
1
1
11
1
19
88
11
29
56
0
54
61
20
19
17
53
89
18
81
6
96
41
26
26
25
60
22
93
4
47
24
90
78
17
7
0
87
26
73
14
56
74
12
54
21
79
8
43
39
61
40
53
98
4
31
8
57
33
24
35
6
94
87
65
22
16
64
57
2
38
88
72
58
80
36
13
91
84
9
5
9
65
85
70
52
7
2
59
79
70
34
97
86
49
44
55
70
64
38
34
61
69
37
27
24
3
78
75
63
35
1
84
22
86
72
91
13
90
68
60
84
0
34
54
32
92
6
59
35
86
3
89
7
15
66
35
50
12
41
31
34
93
84
26
74
78
50
57
54
11
73
44
66
60
26
58
82
67
98
89
28
55
95
76
60
76
91
37
2
4
62
43
91
48
63
34
42
34
53
3
28
8
40
44
96
61
60
73
61
29
63
63
49
92
92
78
55
76
18
20
55
0
85
75
33
23
66
95
81
58
73
60
21
62
19
87
47
79
90
75
30
15
41
39
99
46
94
45
91
36
77
3
75
92
94
61
50
38
12
1
0
30
84
98
29
7
18
48
87
91
84
63
62
31
40
55
30
10
86
96
96
98
25
14
28
75
2
81
22
73
79
5
88
56
81
31
84
69
30
6
68
70
12
74
7
80
3
71
5
14
48
18
0
70
38
4
24
69
16
9
42
41
39
27
0
70
85
9
43
79
77
75
74
80
42
62
8
0
36
89
43
46
69
56
39
22
71
98
72
40
16
0
21
2
1
63
47
43
83
75
68
18
1
25
96
98
47
90
2
28
49
61
31
9
4
92
38
93
28
39
18
41
18
49
62
11
19
91
82
4
60
34
56
19
32
74
16
99
73
98
8
58
93
87
11
79
35
43
52
6
4
27
8
63
26
34
39
97
37
75
33
87
49
46
16
33
76
41
97
8
75
17
55
93
4
4
41
60
30
65
21
53
90
54
87
86
37
47
66
2
73
55
25
62
26
65
28
15
14
59
17
45
92
39
42
13
49
48
44
71
48
69
40
26
16
11
71
66
66
88
82
1
39
88
93
82
7
17
56
40
70
1
68
52
69
45
16
62
85
12
99
88
40
68
36
23
17
87
25
46
75
99
70
58
97
51
75
73
70
37
28
90
55
88
68
38
95
6
16
58
16
39
56
17
96
77
74
87
75
4
16
94
55
76
60
97
1
0
75
31
55
71
75
52
6
43
14
84
14
51
1
88
53
66
5
56
32
52
40
24
86
54
54
88
61
87
54
24
40
85
17
90
22
86
77
79
94
45
0
39
89
82
41
87
91
73
4
62
72
98
10
46
28
38
9
70
13
7
15
24
76
98
32
79
15
47
47
93
73
81
26
70
95
60
70
11
82
66
34
6
65
62
74
31
36
88
47
48
79
38
55
57
66
68
29
64
16
63
16
39
18
29
63
53
9
7
43
74
15
1
78
91
1
84
92
81
10
33
80
68
30
8
3
81
45
18
29
11
20
72
5
53
34
27
93
18
44
93
85
44
98
31
69
47
86
30
85
80
1
82
26
66
77
58
31
42
23
90
45
83
31
51
80
23
64
61
40
51
99
28
19
63
26
97
78
34
90
13
74
17
28
29
10
61
83
83
53
73
7
59
82
34
15
68
68
34
82
75
37
8
94
16
24
21
8
96
53
76
38
84
55
32
96
20
29
43
69
94
26
82
23
91
34
48
71
53
5
0
59
57
69
73
27
12
42
61
21
95
88
61
15
24
1
77
67
82
5
64
51
52
79
70
46
1
59
87
60
88
76
45
19
14
1
35
94
79
25
71
26
55
60
73
9
75
5
72
27
32
38
14
45
80
40
47
98
27
85
30
92
51
79
89
99
86
15
29
63
66
62
80
24
57
43
78
72
99
95
93
63
71
74
86
64
4
23
62
55
17
98
21
32
57
61
2
6
1
82
82
94
95
81
96
93
33
67
31
60
26
90
63
62
82
36
12
31
47
75
4
29
94
63
70
95
32
42
74
37
2
65
40
53
87
95
53
42
43
89
69
93
81
84
71
31
33
91
75
85
47
97
92
13
19
46
62
92
53
98
66
45
48
94
10
69
60
42
35
59
52
44
57
4
83
89
71
58
52
46
12
98
22
62
52
2
58
77
96
86
33
58
69
97
14
51
2
4
45
58
42
6
63
81
99
28
50
57
88
25
38
71
47
53
48
79
59
29
82
90
93
81
17
14
69
25
32
39
1
89
66
67
99
28
98
88
20
4
18
60
48
69
18
21
6
39
85
19
37
83
48
98
89
73
77
38
23
21
96
11
41
84
30
58
30
98
31
45
59
77
50
41
8
19
54
4
68
9
91
67
3
84
71
57
38
9
82
3
76
20
60
42
94
66
72
6
25
61
36
4
14
10
60
77
62
44
75
10
27
93
23
33
88
18
58
51
83
23
85
56
20
79
20
30
96
19
55
35
44
26
0
56
47
57
59
83
51
72
3
23
9
77
43
15
72
77
19
73
77
7
12
4
61
50
30
39
33
19
17
9
17
28
45
8
12
41
32
63
60
12
11
77
11
3
46
15
84
19
26
70
62
34
94
30
11
32
99
33
90
16
56
4
24
71
3
15
79
23
12
45
81
10
90
21
57
22
87
82
12
38
10
93
77
84
41
31
76
25
91
94
42
79
19
76
87
18
51
1
50
37
6
45
23
0
55
91
89
95
48
61
54
69
51
68
56
86
80
37
67
71
25
50
60
79
0
73
74
98
80
2
32
83
61
69
97
13
30
27
74
8
17
42
91
11
98
69
4
57
84
49
85
3
91
79
76
13
8
83
69
82
7
73
89
74
42
39
45
80
63
15
50
16
70
94
60
75
83
62
85
48
59
11
5
2
55
75
75
4
31
72
17
89
70
19
36
22
67
83
63
2
92
37
11
99
77
56
22
84
14
71
94
44
12
41
52
91
85
43
82
69
80
42
96
47
22
1
11
78
72
93
85
18
63
65
25
44
2
86
26
59
2
54
98
56
75
52
76
20
48
97
9
41
38
5
3
36
43
84
18
6
9
72
38
82
75
15
29
11
20
95
3
58
74
44
83
91
74
86
10
50
58
36
90
8
49
65
40
10
14
37
0
58
96
1
61
59
21
60
89
82
61
80
52
65
55
32
77
69
26
42
79
46
20
38
52
15
7
65
63
96
26
29
3
79
39
30
99
5
8
38
52
40
58
54
82
3
96
93
70
18
21
17
56
64
74
1
92
61
85
78
58
61
53
74
47
5
34
81
64
77
30
66
63
45
93
46
42
55
87
63
87
26
41
70
34
21
32
90
36
85
3
87
21
87
71
53
27
74
1
8
93
98
61
88
90
10
83
27
85
34
24
74
49
76
28
65
6
58
45
87
79
63
14
47
31
77
52
60
71
12
73
81
98
54
67
17
21
1
88
21
77
95
91
12
15
82
22
16
66
25
41
44
31
73
27
81
63
53
23
81
86
42
71
28
75
35
62
79
16
8
7
22
81
87
83
65
62
49
70
57
63
18
40
91
23
13
80
6
42
66
30
55
11
94
41
36
52
12
43
86
97
53
50
64
3
61
20
22
57
25
71
72
68
20
49
67
87
16
41
66
27
12
51
1
15
42
6
12
8
2
5
45
93
71
56
99
67
78
2
76
50
30
53
91
81
65
92
23
11
72
40
30
62
11
23
78
96
67
36
8
15
4
80
27
60
7
54
48
16
57
94
30
92
43
92
58
19
23
38
40
47
95
10
99
86
53
89
11
52
58
54
85
74
72
82
3
32
43
37
34
47
52
69
53
45
8
83
3
90
9
28
53
27
59
4
33
92
89
44
71
4
89
98
78
82
91
31
91
47
9
73
69
36
65
91
95
37
61
83
69
11
64
76
55
78
90
98
94
24
39
1
33
74
55
79
39
15
99
3
41
66
80
27
45
72
32
5
45
9
93
33
79
35
24
37
65
11
38
23
39
25
97
66
25
47
29
56
98
82
41
38
51
79
65
18
73
64
78
96
49
64
40
36
97
40
32
49
62
10
56
4
79
81
91
5
87
3
50
80
86
41
17
12
80
55
24
32
25
13
98
37
21
76
14
59
49
30
33
80
51
66
87
38
63
53
4
48
24
13
31
49
84
46
61
24
34
98
45
99
27
51
91
0
72
50
57
27
60
90
86
9
11
1
99
77
57
14
2
70
69
69
91
79
93
58
0
20
7
24
82
79
58
72
58
3
85
19
92
44
97
98
53
37
73
28
86
50
24
29
95
1
2
36
96
99
91
85
0
23
64
6
62
31
86
57
72
73
42
1
84
85
90
69
82
21
89
68
68
76
31
13
8
41
13
95
78
43
47
99
27
12
92
8
82
78
97
62
74
4
69
29
43
77
56
18
77
72
95
54
0
45
16
73
29
33
14
86
19
97
4
9
57
89
72
58
26
49
35
18
80
83
3
27
30
52
74
29
52
90
14
77
65
7
75
27
16
30
36
83
63
51
42
70
