overall_acc,0.7896
loss,[10.808743167114258, 6.189132334594727, 4.171744026489258, 3.242634449539185, 2.805485726013184, 2.588388271789551, 2.481893316116333, 2.416548581314087, 2.391020005493164, 2.3557171519470215, 2.339580456237793, 2.33119525100708, 2.3215968242645264, 2.31963659866333, 2.3095928610992433, 2.3104082277679443, 2.3001137829589844, 2.3070718675231934, 2.3095513191986083, 2.308246064300537, 2.3113348086547854, 2.318331063995361, 2.305791267776489, 2.313004292602539, 2.322655844268799, 2.3344319646453857, 2.3282004078674317, 2.34346676322937, 2.332518654174805, 2.3528483834838867, 2.357130543823242, 2.3659976745605467, 2.370966250152588, 2.3882471646881105, 2.389345303115845, 2.4064671514892577, 2.4090140617370603, 2.408606990966797, 2.433140676727295, 2.4446724768066406, 2.435845383605957, 2.4529903720092774, 2.47777692489624, 2.4687240895080564, 2.473907197113037, 2.5093307681274415, 2.4930395693206786, 2.505972422943115, 2.5124199279785158, 2.509619903640747, 2.529011799926758, 2.545460132904053, 2.537170387573242, 2.5413437677001953, 2.555469446411133, 2.554993172149658, 2.5628190740966796, 2.5693060537719727, 2.581734246444702, 2.584582350692749, 2.0549520891952513, 1.6690775688934327, 1.4423995769119262, 1.2836818262863159, 1.1756572243118286, 1.1170071186828614, 1.082780269355774, 1.0833642929840088, 1.0815843650054933, 1.0596258923339843, 1.0789251039123535, 1.0786313400650025, 1.0836222842597962, 1.087986787147522, 1.091205325241089, 1.1033572593307495, 1.1002957129669189, 1.106568437385559, 1.1127066841506958, 1.1213795890808105, 1.1183305919647217, 1.1176089777374267, 1.1257254322052002, 1.1239032373428344, 1.1381436938858032, 1.1143413555145263, 1.1393081629943849, 1.1495675005340575, 1.1442884698486329, 1.1452993486022949, 1.1404782861709595, 1.153701393737793, 1.1601991983413695, 1.1507856635284424, 1.160338730621338, 1.1609003200531005, 1.1515913750839233, 1.1710577129364013, 1.1655481492614745, 1.167039485244751, 1.171493515548706, 1.1809980077362061, 1.185028805732727, 1.18303717918396, 1.1837960203170776, 1.1912058868026734, 1.19647936794281, 1.192196447982788, 1.1920372618865966, 1.200587137069702, 1.1975142753982544, 1.1770946075820923, 1.1918496393966675, 1.2121443675231933, 1.1918374619674683, 1.207276415939331, 1.1975559689712525, 1.2162844104003907, 1.1879353125, 1.2004180569839478, 1.0591098113250732, 0.975633883190155, 0.9385774803352356, 0.9064465999603272, 0.8772256378364564, 0.8501716067504883, 0.824073288230896, 0.798302578010559, 0.7738292335128785, 0.7498032328796387, 0.7273239849281311, 0.7053029727554321, 0.6833681489944458, 0.6627832280731201, 0.6424231554412841, 0.6230230740356445, 0.6041009968566895, 0.5860488086128235, 0.5683391246032715, 0.5510080822753907, 0.5344269540786744, 0.5180948165893555, 0.5024843631744385, 0.4874028527069092, 0.4725658131599426, 0.45855010663986207, 0.44479543605804445, 0.4313397316646576, 0.4183663612747192, 0.406046056470871, 0.39371473574638366, 0.38190863886833193, 0.3704874517250061, 0.3594183507633209, 0.34849686038970945, 0.3381105595111847, 0.3279327569770813, 0.31818634938240054, 0.30909177899360657, 0.2996438118171692, 0.2939433853149414, 0.2920732812404633, 0.29037987160682677, 0.288472230758667, 0.28674596422195436, 0.2850251748466492, 0.28330052483558654, 0.28158390579223636, 0.27983088019371033, 0.2781704108428955, 0.2765124693870544, 0.27481773186683656, 0.27317617919921877, 0.2715418622398377, 0.2698477505970001, 0.26825060260772704, 0.26657698482513426, 0.2649915730953217, 0.2633813565444946, 0.2617631405735016, 0.26026562377929685, 0.25864273597717286, 0.25709315256118775, 0.25551502617835997, 0.25399086935043336, 0.2524376909065247, 0.25095887009620665, 0.24942834198474884, 0.2479138197517395, 0.24641587999343872, 0.24492658577919008, 0.24346533618450164, 0.2420020689678192, 0.240506506857872, 0.23910957265377045, 0.23763330776691438, 0.2362438918876648, 0.23479638899326324, 0.2334700582408905, 0.2320195986366272]
0,0.9565217391304348
1,0.9354838709677419
2,0.782608695652174
3,0.7931034482758621
4,0.8064516129032258
5,0.7083333333333334
6,0.8260869565217391
7,0.8846153846153846
8,1.0
9,0.9473684210526315
10,0.45
11,0.38095238095238093
12,0.85
13,0.6086956521739131
14,0.8518518518518519
15,0.8333333333333334
16,0.8846153846153846
17,0.9047619047619048
18,0.7352941176470589
19,0.84
20,0.8888888888888888
21,0.8947368421052632
22,0.8823529411764706
23,0.8461538461538461
24,0.8260869565217391
25,0.5833333333333334
26,0.75
27,0.7916666666666666
28,0.8
29,0.7931034482758621
30,0.8148148148148148
31,0.68
32,0.7272727272727273
33,0.7241379310344828
34,0.76
35,0.5909090909090909
36,0.8095238095238095
37,0.7894736842105263
38,0.8076923076923077
39,0.9565217391304348
40,0.6785714285714286
41,0.9090909090909091
42,0.8260869565217391
43,0.8695652173913043
44,0.6956521739130435
45,0.6578947368421053
46,0.4090909090909091
47,0.8260869565217391
48,1.0
49,0.8235294117647058
50,0.7272727272727273
51,0.6666666666666666
52,0.75
53,0.9310344827586207
54,0.9545454545454546
55,0.6190476190476191
56,0.8636363636363636
57,0.6785714285714286
58,0.8857142857142857
59,0.7083333333333334
60,0.7037037037037037
61,0.8275862068965517
62,0.8076923076923077
63,0.7083333333333334
64,0.6842105263157895
65,0.6818181818181818
66,0.8076923076923077
67,0.6086956521739131
68,0.9523809523809523
69,0.9
70,0.8666666666666667
71,0.8571428571428571
72,0.5454545454545454
73,0.6875
74,0.5757575757575758
75,0.9285714285714286
76,0.9047619047619048
77,0.7352941176470589
78,0.6842105263157895
79,0.7857142857142857
80,0.7241379310344828
81,0.9047619047619048
82,0.9459459459459459
83,0.7666666666666667
84,0.8888888888888888
85,0.9333333333333333
86,0.8571428571428571
87,0.8666666666666667
88,0.9523809523809523
89,0.8214285714285714
90,0.875
91,0.8974358974358975
92,0.68
93,0.7142857142857143
94,0.9565217391304348
95,0.5862068965517241
96,0.6086956521739131
97,0.8333333333333334
98,0.7307692307692307
99,0.8695652173913043
16
7
91
43
14
92
6
89
13
85
47
27
81
63
59
10
78
24
53
17
27
43
10
54
94
79
68
99
69
64
83
41
23
11
47
20
87
90
52
26
83
51
20
20
7
83
27
45
68
93
86
12
69
73
99
1
62
44
26
58
88
97
88
19
3
23
19
48
44
48
58
16
63
75
71
4
67
15
98
32
14
87
29
12
8
45
92
31
92
61
89
92
78
83
26
85
28
37
54
30
95
7
59
24
94
7
94
94
11
42
65
52
40
38
55
80
82
46
75
93
50
34
5
85
30
74
22
75
81
92
44
52
18
44
92
65
69
84
0
43
48
67
62
7
53
18
90
19
8
68
64
3
83
70
83
0
95
51
58
19
12
90
81
61
41
77
52
66
68
80
4
46
25
66
35
50
88
14
75
53
3
5
35
82
7
86
61
7
91
1
5
37
72
41
94
33
67
8
39
23
28
31
63
71
67
90
84
84
74
33
77
80
50
35
51
78
36
3
41
47
54
87
37
75
27
71
14
0
9
44
57
83
45
22
59
42
89
22
85
39
7
25
98
50
70
70
49
70
87
89
41
31
97
36
83
82
77
11
7
74
80
2
9
93
40
36
91
91
99
73
69
83
42
70
90
50
82
24
65
16
65
39
7
63
10
51
96
38
29
66
53
55
84
44
5
91
53
74
72
38
15
44
5
66
77
55
48
67
72
66
77
3
13
18
92
55
13
72
29
91
91
61
75
58
71
70
98
52
94
89
90
56
57
43
60
41
30
96
78
6
65
80
54
99
23
76
61
18
14
26
9
81
85
32
63
43
73
87
44
26
99
70
8
90
65
80
41
17
39
53
66
48
5
88
5
97
98
37
40
91
16
27
37
16
89
5
76
83
74
85
24
72
32
76
44
84
52
46
74
40
58
84
54
91
63
35
66
7
79
0
23
14
15
86
75
45
6
22
33
76
52
41
90
22
34
45
48
7
30
2
1
23
3
22
5
80
93
27
39
79
92
53
54
63
18
84
66
8
59
8
88
62
29
73
73
2
33
39
4
61
45
83
58
73
18
84
4
5
57
18
23
29
85
88
73
16
86
99
95
45
97
0
46
2
44
86
62
29
85
82
91
82
17
32
15
12
26
54
28
58
14
1
4
99
57
3
33
23
91
73
1
1
98
32
19
88
11
29
56
57
54
61
20
13
17
53
89
18
81
6
96
41
74
26
25
60
22
93
4
47
24
79
91
17
7
0
87
26
73
14
56
27
12
54
21
79
8
43
39
51
40
53
98
4
31
8
57
33
26
35
6
94
94
65
22
16
21
57
35
64
88
72
58
26
36
13
91
84
9
8
9
3
85
70
52
41
11
59
79
70
34
97
16
49
18
55
70
90
38
34
61
69
37
80
24
15
78
75
63
35
1
84
22
86
4
91
58
90
68
60
84
0
80
14
32
92
14
52
35
86
3
89
44
15
66
35
50
12
41
31
34
10
84
26
74
93
50
57
54
11
73
44
66
60
48
58
82
67
98
89
28
55
95
76
60
76
91
37
2
4
62
43
91
48
63
44
42
34
53
3
28
8
99
44
33
61
60
73
61
26
66
42
49
92
92
45
57
86
18
20
55
0
85
65
18
23
4
95
81
58
73
60
21
62
19
87
47
79
90
75
75
15
41
39
99
46
94
45
91
36
77
3
75
62
94
61
50
38
12
1
0
30
84
46
29
7
18
48
87
91
84
63
62
31
40
55
30
43
86
47
18
98
20
14
28
75
2
81
61
44
79
5
79
56
81
33
84
69
30
6
68
70
81
74
7
80
55
60
5
14
48
83
0
70
38
45
24
69
16
9
42
41
39
27
0
70
85
9
43
79
77
75
74
80
42
45
8
0
36
89
43
46
69
56
42
22
71
98
72
99
16
0
21
2
1
64
47
43
92
65
68
18
1
25
96
98
47
90
46
78
37
61
31
14
4
92
38
93
28
39
18
41
44
49
1
11
19
91
82
4
60
34
56
19
32
74
86
99
30
98
8
58
93
87
35
7
35
43
52
6
4
27
8
63
26
34
39
97
37
75
33
87
49
46
16
33
76
41
97
8
75
17
55
93
27
4
41
60
30
3
21
77
90
54
87
86
37
47
75
2
73
55
25
62
26
19
28
15
14
59
69
45
92
39
42
13
49
48
44
71
48
69
9
43
78
46
71
66
66
88
82
1
39
88
93
82
7
17
56
40
70
14
68
52
69
45
16
6
85
12
99
88
40
68
36
60
17
90
25
32
75
61
70
58
97
51
75
73
54
37
28
90
55
88
68
38
73
6
16
58
61
39
56
17
33
77
50
87
75
4
16
94
55
76
60
97
1
0
75
31
55
71
75
52
6
43
14
84
14
51
1
88
53
66
5
56
32
59
40
24
86
54
54
88
61
87
54
24
84
85
17
90
22
86
77
79
94
45
0
39
89
82
41
87
91
73
4
62
72
98
10
46
28
38
50
70
13
7
15
24
76
98
42
79
15
47
47
93
73
81
26
70
95
60
70
2
82
66
34
6
65
62
74
31
36
88
47
48
79
74
15
57
66
68
80
64
16
63
16
84
18
29
63
57
9
38
3
74
15
1
59
42
1
84
92
81
10
33
80
68
30
8
3
81
48
18
20
35
28
72
5
53
34
27
93
18
44
93
37
44
35
31
69
47
25
95
85
80
1
82
45
66
54
58
31
42
23
90
18
83
19
51
80
23
64
61
16
51
99
28
19
63
93
97
78
34
18
13
74
17
28
29
10
61
83
83
53
73
7
59
82
34
15
68
68
34
82
75
37
8
94
86
24
21
8
96
53
67
38
85
27
32
96
20
29
43
69
94
26
54
23
91
34
48
23
53
5
0
59
57
69
73
27
12
42
61
21
72
88
28
15
24
1
77
67
82
5
64
51
59
79
70
46
1
59
87
60
88
76
45
55
14
1
35
94
79
16
71
26
55
60
73
9
75
5
27
27
32
38
56
88
50
40
52
35
7
85
30
83
51
79
46
99
86
15
29
63
66
62
80
24
57
43
78
49
99
95
93
55
71
78
86
64
35
3
62
50
17
98
21
32
57
99
2
6
1
82
82
94
95
81
96
93
33
67
38
60
79
64
41
62
82
36
12
31
47
75
77
29
94
32
70
95
32
74
32
37
2
65
40
53
87
95
53
42
43
89
69
93
81
40
71
19
33
73
75
90
47
97
70
81
33
46
62
92
53
98
66
45
48
94
10
69
60
42
35
59
52
44
57
4
83
89
71
58
52
32
58
98
22
62
52
2
58
77
96
86
33
58
69
97
14
51
2
63
45
58
42
6
75
81
99
28
50
57
88
25
38
71
47
53
48
79
59
29
82
90
93
81
17
14
69
25
32
39
14
89
66
67
99
28
98
88
20
42
18
71
48
69
18
48
6
39
19
19
37
2
48
98
89
67
77
38
23
21
96
11
41
84
30
58
30
98
31
45
59
77
74
41
8
19
54
4
68
9
91
67
75
40
71
77
38
9
82
3
76
20
23
42
94
66
72
6
25
61
36
4
14
10
60
77
62
85
79
22
27
93
23
33
88
18
58
0
83
23
85
56
20
79
20
30
52
19
4
98
18
26
0
56
47
83
52
83
40
3
3
23
9
77
43
15
72
77
19
73
77
7
29
4
61
50
30
39
33
75
31
81
17
28
45
16
12
41
49
63
71
12
2
77
11
34
46
15
84
19
50
70
62
34
94
30
35
44
99
33
90
16
56
4
24
71
3
19
14
23
68
45
81
61
90
21
57
22
87
82
12
38
10
93
77
84
41
64
76
25
91
94
42
79
19
76
87
18
51
1
50
94
6
45
23
0
55
91
48
95
48
45
54
69
9
68
56
39
80
37
67
71
25
50
60
79
0
44
74
46
80
2
32
92
61
69
97
13
30
27
74
8
17
42
91
35
35
69
50
57
84
91
85
3
91
79
76
13
8
92
69
82
79
73
89
66
42
39
45
80
4
15
74
16
62
94
60
91
83
62
85
48
33
11
5
2
77
75
75
4
3
72
17
89
92
19
36
22
73
83
63
2
92
37
2
99
77
56
22
84
14
71
94
44
41
41
52
91
85
43
82
40
80
42
96
47
22
1
11
78
72
93
85
18
63
65
25
7
2
86
44
59
2
54
98
56
75
47
76
20
48
97
9
41
38
5
3
36
43
84
18
6
9
72
38
6
75
15
29
11
20
95
3
87
74
14
83
91
74
86
28
74
58
36
90
8
49
65
40
44
14
37
0
58
96
1
61
59
21
60
89
82
61
80
52
65
55
32
77
69
26
42
79
11
20
38
52
15
7
19
63
96
26
29
3
79
39
30
99
5
8
67
52
40
58
54
82
3
82
93
70
99
21
17
56
64
74
1
92
61
85
78
58
10
53
14
47
5
34
81
64
77
67
66
27
45
30
46
44
45
87
72
87
26
41
70
34
21
32
90
36
85
3
87
21
87
71
53
27
74
1
8
6
98
61
88
90
10
83
93
85
34
24
74
49
12
28
74
78
58
45
87
79
32
14
47
31
77
52
49
71
25
67
81
98
54
67
17
21
1
88
21
77
95
91
12
15
82
22
16
66
25
41
29
29
73
27
81
63
53
23
13
86
78
71
28
75
35
62
26
16
8
7
22
81
87
83
65
62
49
70
57
63
77
40
91
23
13
80
6
42
46
30
30
11
11
41
36
52
12
43
86
97
53
50
97
46
61
20
22
57
25
71
72
68
20
49
67
87
16
41
66
44
87
51
1
15
42
6
85
8
2
25
45
93
71
56
99
67
44
2
76
50
30
53
91
81
65
92
23
35
72
40
30
62
11
23
78
96
67
65
8
15
4
80
27
60
7
54
48
16
57
94
30
92
43
62
58
19
23
38
40
96
95
10
99
86
53
89
11
52
58
54
85
74
72
82
72
32
43
81
34
47
52
40
53
45
8
83
3
90
40
28
53
27
59
4
33
92
89
44
44
55
89
35
78
82
91
31
91
47
9
73
69
36
95
91
95
37
61
83
69
11
4
76
44
82
90
98
94
24
39
1
33
41
55
7
39
15
39
3
41
66
80
27
45
4
32
5
45
9
26
33
22
35
24
59
65
11
38
23
39
25
97
58
25
47
72
56
98
82
44
38
51
45
19
18
95
64
78
96
49
64
40
36
97
40
45
49
62
10
49
4
77
81
91
5
87
3
50
80
86
89
17
12
80
4
24
32
98
13
98
37
21
76
14
59
49
30
33
80
51
66
87
38
63
53
4
48
24
13
31
29
84
46
61
24
34
98
45
99
27
51
91
0
72
50
57
4
60
90
86
9
46
1
99
77
57
47
2
70
69
69
32
79
93
58
0
20
7
24
82
79
58
95
58
3
85
27
70
29
97
46
53
37
73
28
86
50
24
31
95
1
2
67
59
99
55
85
0
71
64
82
62
31
86
57
72
73
63
91
84
48
90
69
82
21
89
68
68
76
31
58
8
81
13
30
78
88
33
30
42
12
92
8
82
78
97
62
50
4
69
29
97
80
56
18
6
72
95
54
0
88
16
73
29
33
14
86
19
97
4
9
57
89
57
25
26
49
11
14
80
83
3
27
30
52
74
29
59
90
14
77
65
7
75
27
16
30
74
83
14
51
42
70
