overall_acc,0.8036
loss,[10.888684697875977, 6.247419760437012, 4.208055972824097, 3.257969925842285, 2.8082312197875976, 2.603492153091431, 2.4809171182250975, 2.418805349807739, 2.3847834521484375, 2.3589049447631836, 2.3395781063842773, 2.323622625579834, 2.316033696899414, 2.3130890502929686, 2.3053783970642088, 2.3051704432678224, 2.296273682060242, 2.2988248251342775, 2.2987302716064453, 2.3033190003204345, 2.3016061111450195, 2.303190180130005, 2.3053676310729982, 2.3094419231033325, 2.3153147172546387, 2.3155473597717284, 2.315496340103149, 2.331701630401611, 2.338222864227295, 2.3473927851867677, 2.341105084991455, 2.347100903167725, 2.357414276123047, 2.370098296661377, 2.3809541230010987, 2.37426753326416, 2.3925701487731934, 2.4004331928253175, 2.40192425491333, 2.4201348735809325, 2.4261796797180177, 2.426974985198975, 2.443600178756714, 2.4608501162719727, 2.456866292953491, 2.467955203857422, 2.463762213745117, 2.4907239253234863, 2.502569951248169, 2.5024401901245117, 2.5029231135559082, 2.514496869659424, 2.510115870437622, 2.5173280368041993, 2.5431737187957766, 2.525275110626221, 2.5359666477966307, 2.546485972442627, 2.5426787686157226, 2.5467483980560304, 2.0028910204315187, 1.6222053142547608, 1.403184591140747, 1.2573670694351196, 1.163599906539917, 1.1048060588264466, 1.0683304321861267, 1.0648397233581544, 1.057234328804016, 1.0581186196899415, 1.0637653267288207, 1.0727171145248413, 1.0785072351646423, 1.0648298041152955, 1.0779720497512817, 1.0855716200256347, 1.0791296976089477, 1.0855633124160766, 1.1004876614761352, 1.1026871268463134, 1.1011201694488526, 1.1051776197433472, 1.1084339122962952, 1.1157091777801513, 1.1202502420043945, 1.1224127896118163, 1.125757136631012, 1.134234351425171, 1.130331407699585, 1.1276112418174744, 1.1388821879577637, 1.1405443367004395, 1.1474200973510742, 1.1400015972137452, 1.158008172492981, 1.1548527645111084, 1.146624331741333, 1.1469864865493775, 1.163736834526062, 1.1646293754577637, 1.1616623294067383, 1.1696649647903443, 1.163935504798889, 1.1854149507904053, 1.1772328895187378, 1.1720582765197753, 1.1727376599121093, 1.1864682241058349, 1.16632982421875, 1.1794270907974242, 1.190911194076538, 1.1818641451263427, 1.171327844696045, 1.187346839942932, 1.1958839261245728, 1.1796625988006593, 1.1866494290924072, 1.1806801630783081, 1.1955205741500854, 1.187757406692505, 1.058749404296875, 0.9694700533294678, 0.9319074921798706, 0.9006823107528686, 0.8714198709869385, 0.8441848817062378, 0.8178301104927063, 0.7922391059684754, 0.7680779441642761, 0.74458484375, 0.7219913252258301, 0.6997502967071533, 0.6783427150535584, 0.6582394909286499, 0.6378809477043151, 0.6181886084747314, 0.600224785747528, 0.5816864595031739, 0.5639479704666138, 0.5467729835510254, 0.5303217544746399, 0.5143095213508606, 0.4987279836559296, 0.4836160747718811, 0.46889419697761536, 0.454929217710495, 0.44125025414466856, 0.4282229767417908, 0.41509450756072996, 0.40304898782730103, 0.39084186200141907, 0.3788989100646973, 0.3674682354164124, 0.35657787635803223, 0.3458029029083252, 0.33551762546539304, 0.32550212769508363, 0.31568062369346617, 0.3062832626914978, 0.29707638063430786, 0.2915631290912628, 0.28978324602127076, 0.2879882559108734, 0.2862961650657654, 0.2844313188171387, 0.28285054627418516, 0.281031750831604, 0.27931403269767763, 0.2776628252696991, 0.27596121186256406, 0.27427608260154723, 0.2726858048820496, 0.2709886155605316, 0.2694059251976013, 0.267707355260849, 0.26612196578025815, 0.26450621762275695, 0.26292087675094605, 0.2612521535682678, 0.25975243991851804, 0.25822807580947876, 0.25659216282844544, 0.2550889820194244, 0.25353027483940127, 0.25199025195121766, 0.2504538350057602, 0.24898192307949066, 0.24746931099891661, 0.24595996422767638, 0.2444975732898712, 0.24302509048461915, 0.24160051443099975, 0.24014915931224823, 0.2386752776670456, 0.23720416796684266, 0.23580342496871948, 0.23437921641826628, 0.23296464512348175, 0.23153515913009642, 0.2301839650440216]
0,0.9565217391304348
1,0.9354838709677419
2,0.8695652173913043
3,0.7931034482758621
4,0.9032258064516129
5,0.625
6,0.8695652173913043
7,0.8461538461538461
8,1.0
9,1.0
10,0.5
11,0.47619047619047616
12,0.85
13,0.6086956521739131
14,0.8518518518518519
15,0.875
16,0.9230769230769231
17,0.9523809523809523
18,0.6470588235294118
19,0.88
20,0.8888888888888888
21,0.8947368421052632
22,0.9411764705882353
23,0.7692307692307693
24,0.8260869565217391
25,0.6666666666666666
26,0.875
27,0.7916666666666666
28,0.76
29,0.7586206896551724
30,0.8518518518518519
31,0.68
32,0.7272727272727273
33,0.6206896551724138
34,0.88
35,0.5
36,0.9047619047619048
37,0.7894736842105263
38,0.8461538461538461
39,0.9565217391304348
40,0.7142857142857143
41,0.9090909090909091
42,0.8260869565217391
43,0.8260869565217391
44,0.6086956521739131
45,0.7105263157894737
46,0.45454545454545453
47,0.8260869565217391
48,1.0
49,0.8823529411764706
50,0.7272727272727273
51,0.7619047619047619
52,0.95
53,0.896551724137931
54,0.9545454545454546
55,0.6190476190476191
56,0.8181818181818182
57,0.6785714285714286
58,0.9428571428571428
59,0.7916666666666666
60,0.7777777777777778
61,0.896551724137931
62,0.8076923076923077
63,0.7083333333333334
64,0.7368421052631579
65,0.7272727272727273
66,0.8846153846153846
67,0.7391304347826086
68,0.9047619047619048
69,0.8333333333333334
70,0.8666666666666667
71,0.8571428571428571
72,0.5454545454545454
73,0.59375
74,0.5757575757575758
75,1.0
76,0.9047619047619048
77,0.7352941176470589
78,0.7368421052631579
79,0.7857142857142857
80,0.7931034482758621
81,0.9047619047619048
82,0.972972972972973
83,0.7666666666666667
84,0.8888888888888888
85,0.9333333333333333
86,0.8214285714285714
87,0.9333333333333333
88,0.9523809523809523
89,0.8928571428571429
90,0.875
91,0.8461538461538461
92,0.72
93,0.8095238095238095
94,0.9130434782608695
95,0.6551724137931034
96,0.6521739130434783
97,0.7916666666666666
98,0.6153846153846154
99,0.8695652173913043
16
7
91
43
14
92
6
89
13
85
47
27
81
63
59
10
78
78
53
17
27
43
61
54
94
79
68
31
69
64
83
41
23
46
47
20
87
90
52
26
83
93
20
20
7
83
27
45
68
93
86
12
69
45
99
1
62
44
26
58
88
64
88
19
34
23
19
48
44
48
58
16
63
80
55
4
1
19
98
32
14
87
59
12
8
45
92
31
62
61
89
92
78
83
26
85
28
37
54
30
95
7
59
24
94
7
94
94
11
42
65
52
40
97
4
80
82
46
75
51
74
34
25
85
30
74
22
95
81
92
27
52
18
44
92
65
69
84
0
43
48
67
62
89
53
99
13
19
8
68
3
3
53
62
83
0
95
51
58
19
89
90
81
61
41
77
52
66
68
80
4
46
5
66
35
50
88
14
75
53
3
5
98
82
7
81
61
7
91
1
5
17
72
41
94
33
67
44
39
23
28
31
63
71
67
45
84
46
74
49
77
65
50
46
51
55
36
3
41
47
54
87
37
75
21
71
14
83
9
44
57
83
45
22
52
42
89
61
85
39
7
25
98
24
70
92
49
70
87
77
41
65
97
36
83
82
92
11
7
93
80
2
9
78
40
36
91
91
99
73
76
83
42
62
90
50
82
24
38
16
28
39
7
63
10
51
96
51
29
66
53
30
84
44
5
91
53
74
72
15
15
44
16
66
77
55
48
73
75
64
77
4
13
18
92
55
13
72
29
1
91
61
75
58
71
70
98
52
94
89
90
56
57
43
60
46
30
59
78
6
80
80
54
83
60
76
54
18
14
26
9
81
85
32
63
43
73
87
44
54
99
70
8
90
65
80
41
17
39
53
66
48
5
88
8
27
87
37
50
91
16
27
59
16
89
5
76
83
74
85
24
3
32
76
45
84
52
46
72
40
58
84
6
91
38
35
66
25
79
0
23
14
15
86
75
45
6
22
96
76
52
81
90
22
34
45
48
7
30
11
1
23
3
22
5
80
93
27
39
79
92
53
54
63
18
84
66
8
59
8
88
62
29
30
73
2
33
39
4
22
45
83
58
73
18
84
4
5
2
18
23
29
85
34
42
16
86
26
95
45
97
0
59
32
44
86
62
29
85
82
91
82
17
80
58
12
26
54
28
58
79
1
4
99
57
3
33
23
91
0
1
1
11
32
19
88
11
29
56
0
54
61
20
13
17
53
89
18
81
6
96
41
26
26
25
60
22
93
4
47
24
79
74
17
7
0
87
26
73
14
56
44
12
54
21
79
8
43
39
51
40
53
98
4
31
8
57
33
45
35
6
94
94
65
22
16
64
57
2
97
42
11
58
26
36
13
91
84
9
13
9
65
85
70
52
15
2
59
79
70
34
97
81
49
18
55
70
64
38
34
61
69
37
64
24
3
78
72
33
35
1
84
22
86
4
91
58
90
68
60
84
0
34
14
32
92
14
96
35
86
3
89
44
15
66
35
74
12
41
31
5
93
84
26
74
44
50
57
54
11
73
44
66
60
26
58
82
67
98
89
28
55
95
76
60
76
91
37
2
3
62
43
91
48
27
34
33
34
53
3
28
8
40
44
47
61
60
30
61
26
63
63
49
92
92
6
72
12
18
20
55
0
85
75
18
23
66
95
81
58
73
60
21
62
19
87
47
7
90
75
27
15
41
39
99
46
94
45
91
36
77
65
75
62
94
61
50
38
12
1
0
30
84
98
29
7
18
48
87
91
84
63
62
31
40
55
30
61
86
96
33
93
25
14
28
75
11
81
61
44
79
5
88
56
81
15
84
69
30
6
68
70
81
74
7
18
55
60
84
14
48
18
0
70
38
26
24
69
16
9
42
41
39
27
0
70
85
9
43
79
77
75
74
80
42
62
8
0
36
89
4
46
69
63
42
22
71
98
72
40
16
0
21
2
1
4
47
43
92
65
68
44
1
25
96
46
47
90
2
77
37
61
31
77
4
92
38
93
28
39
18
41
44
49
1
11
19
91
82
4
60
34
56
19
32
74
87
99
95
98
8
58
93
87
11
24
35
43
52
6
4
27
8
63
26
34
39
97
52
75
33
87
49
98
16
33
76
41
97
8
75
17
80
93
27
4
41
60
30
65
21
77
90
54
87
86
37
47
75
2
73
55
25
62
26
19
28
15
14
59
17
45
92
39
42
58
49
48
44
71
48
69
9
26
16
46
71
66
66
88
82
1
39
88
93
82
7
17
56
40
70
14
49
52
69
45
16
6
85
12
99
88
40
68
36
60
17
87
20
32
75
61
70
58
88
51
75
73
70
12
28
90
55
88
68
38
91
6
16
58
61
39
56
17
33
77
50
87
75
4
16
94
55
76
60
97
1
0
75
31
72
71
75
52
6
43
14
84
14
77
1
88
53
66
5
56
32
52
40
24
86
54
54
88
61
87
54
24
10
85
17
90
22
86
77
79
94
45
0
39
89
82
41
87
91
73
4
62
72
46
10
46
28
38
74
70
13
7
15
7
76
98
67
79
15
47
47
93
73
81
26
70
95
60
70
2
82
66
34
6
65
62
74
15
36
88
47
48
79
50
55
57
66
68
74
64
16
61
16
40
18
29
63
53
9
38
4
74
15
1
96
18
1
84
92
81
10
33
80
68
30
8
3
81
26
18
7
35
20
72
5
53
34
27
93
6
44
93
37
91
98
31
69
47
57
95
85
80
1
82
2
66
44
58
31
42
23
90
7
83
19
51
80
23
64
61
16
51
99
28
19
63
93
97
78
34
33
13
74
17
28
29
10
61
83
83
53
73
7
59
82
34
15
68
68
34
82
75
37
8
94
86
24
21
8
96
53
49
38
85
27
32
96
20
29
43
69
5
26
92
60
91
34
48
71
53
25
0
59
57
69
73
27
12
42
61
21
95
88
28
15
24
1
77
67
82
5
64
51
52
79
70
46
1
59
87
60
88
76
45
19
6
1
35
94
79
16
71
26
55
60
73
9
75
5
55
44
32
38
14
4
80
40
52
11
7
85
30
14
51
79
87
99
86
15
29
63
66
62
80
24
57
43
78
49
99
95
93
63
71
77
86
64
4
54
62
50
17
35
21
32
57
61
2
6
70
82
82
94
95
81
96
93
33
67
43
60
26
6
63
62
82
36
76
31
47
75
77
29
94
27
84
95
32
38
32
37
2
65
40
53
87
95
53
42
43
89
69
93
81
40
71
19
33
73
75
85
47
97
92
13
19
46
83
92
53
32
66
45
48
94
10
69
60
42
35
59
47
44
57
4
83
89
71
12
52
46
58
11
22
62
52
2
58
77
96
86
33
58
69
97
14
51
2
63
45
58
42
6
80
81
99
28
50
57
88
25
38
71
47
53
48
79
59
29
82
90
93
81
17
14
69
25
32
39
1
89
4
67
99
28
98
88
20
42
18
60
48
69
18
65
6
39
87
15
37
2
48
26
89
67
77
38
23
21
96
11
41
84
30
58
30
98
31
45
59
77
4
41
8
19
54
4
68
9
91
67
19
40
71
77
38
9
82
3
76
20
23
42
94
66
72
14
25
61
36
4
14
10
60
77
62
85
66
16
67
93
23
33
88
18
58
51
83
23
85
56
20
7
20
30
52
19
55
35
38
26
0
56
47
83
52
10
44
98
3
23
9
77
43
15
72
77
19
73
24
7
29
4
61
50
30
39
45
19
51
9
17
28
45
16
12
48
49
63
60
12
2
51
35
3
46
15
84
19
66
70
62
34
94
30
11
44
99
33
90
16
56
4
24
71
3
19
14
23
68
45
81
10
90
21
57
22
87
82
12
38
10
93
77
84
41
64
76
25
91
94
42
79
19
76
87
18
51
1
50
37
6
45
23
0
55
91
48
95
48
45
54
69
82
68
56
98
50
47
67
71
25
50
60
79
0
14
55
46
93
2
32
92
61
69
97
13
30
27
74
8
17
42
91
35
36
69
50
57
84
32
89
3
91
44
76
13
8
92
69
82
7
73
89
72
42
39
45
80
4
15
50
16
62
94
49
91
83
62
85
48
59
11
5
11
55
75
75
4
3
72
17
89
70
19
36
77
67
83
63
2
62
37
2
99
77
56
22
84
14
71
94
44
12
41
52
91
85
43
82
40
97
42
96
47
22
1
11
78
72
93
85
18
63
65
25
44
2
86
44
59
2
54
98
56
75
47
76
20
48
97
9
45
38
84
3
36
43
84
18
6
9
72
38
6
75
15
29
11
25
95
3
58
74
14
83
91
74
86
16
74
58
36
90
8
49
80
99
14
14
90
0
58
96
1
61
59
21
60
89
82
61
80
52
65
55
32
77
69
26
42
79
11
20
38
52
15
7
65
63
96
26
29
3
79
39
30
99
5
8
43
52
40
58
54
82
3
82
93
70
99
21
17
56
64
74
1
92
61
85
78
58
10
53
74
47
5
34
81
64
77
67
66
63
45
95
46
18
45
87
63
87
26
41
70
51
21
32
90
36
85
50
87
21
87
71
83
27
74
1
8
93
98
61
88
90
10
83
66
85
34
24
74
49
12
28
64
26
58
45
87
79
63
14
47
31
77
59
60
71
25
67
81
98
54
67
17
21
1
88
21
77
95
91
12
15
82
22
16
66
5
1
44
29
73
27
81
63
53
23
81
86
42
71
28
75
98
62
79
16
8
7
22
13
87
83
65
62
49
70
57
55
77
40
91
23
13
80
6
42
21
30
55
11
94
41
36
52
12
43
86
97
53
65
97
95
61
20
22
57
25
71
72
68
20
49
67
87
16
41
66
3
12
54
92
15
42
6
85
8
2
25
45
93
71
56
99
67
27
2
76
50
30
53
91
81
65
92
25
35
95
40
30
62
11
23
78
96
67
65
8
15
4
80
27
60
7
54
48
16
57
94
30
92
43
62
58
19
23
38
40
96
95
61
99
86
53
89
11
52
58
54
85
74
64
82
72
32
43
37
34
47
52
40
53
45
8
83
3
90
87
28
53
27
59
4
33
92
89
44
12
4
89
98
78
82
91
31
91
47
9
73
69
36
45
44
95
37
61
83
69
11
4
76
79
82
90
98
94
24
39
1
33
27
55
50
39
15
99
3
41
66
80
27
45
4
32
5
45
9
44
33
28
35
24
59
65
11
38
23
39
25
97
85
25
52
44
56
98
82
41
38
51
45
65
18
95
64
78
96
49
64
40
36
97
40
45
49
62
10
49
4
79
81
91
5
87
3
50
80
86
89
17
12
80
46
24
32
40
13
98
59
21
76
32
59
49
30
49
80
51
66
87
38
21
53
4
48
24
13
31
29
84
46
61
24
34
98
45
99
27
51
91
0
72
50
57
4
60
81
86
9
46
92
99
77
57
62
2
70
69
69
32
79
93
58
0
20
6
48
82
79
58
72
58
75
85
14
70
29
97
35
53
37
73
28
86
50
24
34
95
1
2
36
59
99
91
85
0
71
64
82
62
31
86
57
72
73
63
91
84
48
90
69
82
21
89
68
68
76
31
58
8
12
13
30
78
88
47
30
27
12
92
8
82
78
97
62
50
4
12
29
97
80
56
18
77
72
95
54
0
45
16
73
29
33
79
86
19
97
4
9
57
89
14
86
26
49
11
14
80
83
3
27
30
52
74
29
52
90
14
77
4
7
75
27
16
30
50
83
14
51
42
70
