overall_acc,0.7964
loss,[10.80660694152832, 6.180704086914062, 4.174371186828613, 3.2533054901885987, 2.8045964643096926, 2.6037693795776367, 2.4824875230407715, 2.4257300463867186, 2.3886615574645997, 2.363569098358154, 2.3540266300964356, 2.328326431427002, 2.328231303863525, 2.3151557364654543, 2.3152483171081544, 2.310284284210205, 2.3119799188232424, 2.30913532333374, 2.317695222930908, 2.315959841918945, 2.313474374008179, 2.3189736416625975, 2.3155745399475096, 2.3263487675476076, 2.332010729370117, 2.319945126647949, 2.33179617980957, 2.352160364227295, 2.3497832843017576, 2.351502590560913, 2.349767827758789, 2.360426049346924, 2.3662877267456053, 2.3787178038024903, 2.388740816116333, 2.398851474685669, 2.406995573883057, 2.404666317443848, 2.409175317993164, 2.428253237915039, 2.436742891998291, 2.4411584153747556, 2.462428963088989, 2.4519784751129152, 2.48059220993042, 2.4791987608337402, 2.4907814100646974, 2.483106450805664, 2.498010703582764, 2.511887582397461, 2.5108873124694826, 2.5294550773620608, 2.531471846923828, 2.5301918421173095, 2.521932863769531, 2.5339370501708984, 2.5543295054626465, 2.549130478363037, 2.538178423614502, 2.559864532318115, 2.0215443975067138, 1.6460703361892701, 1.423265128326416, 1.2620719192123413, 1.1678520095825196, 1.1168566039657593, 1.0854412319183349, 1.0770469179534912, 1.0698878351211547, 1.077477082939148, 1.071342917175293, 1.0805993745422364, 1.0787573733901978, 1.085730156440735, 1.0956770278167725, 1.087541374130249, 1.0938359003829956, 1.1046694186782837, 1.1002817966461182, 1.1098122992897033, 1.1158467645263672, 1.1289942552757264, 1.123133087501526, 1.126786243019104, 1.1334666515350342, 1.1262188887786866, 1.1308272570037843, 1.1353568357849122, 1.144122492980957, 1.1495087699508666, 1.1462557969856262, 1.1493756624221803, 1.15802490234375, 1.1568650184822082, 1.155008438835144, 1.1622783922958373, 1.1538331340408325, 1.1671950844573975, 1.1799989828872681, 1.1671302596664428, 1.1543049892044068, 1.1720044690704345, 1.1749418925094604, 1.1698117179870606, 1.1812963331604003, 1.181802804260254, 1.1796937322235108, 1.1779514427566529, 1.1833095937347413, 1.1870141087722779, 1.1843421767425537, 1.1949441204452516, 1.19271812084198, 1.1931465040588378, 1.1895905558395385, 1.1892670517730712, 1.1830795317840577, 1.1956739151763915, 1.191193763961792, 1.2019577335357665, 1.0636848854064942, 0.9755157984161377, 0.938425873451233, 0.9064945905685425, 0.877433161392212, 0.8498422543334961, 0.8236866086196899, 0.7980956706809997, 0.7734736849784851, 0.7495686842346191, 0.7267259818267823, 0.7049097847366333, 0.683369704170227, 0.6622949444007874, 0.6424815120887757, 0.6226032446670532, 0.604156013584137, 0.5856500201416016, 0.5678237688446045, 0.5505826372909546, 0.5340337489700318, 0.5178117155456543, 0.5021075269889832, 0.48709197257995607, 0.4724741722393036, 0.4581595657634735, 0.44422932821273803, 0.43093244300842287, 0.41863783153533934, 0.40547066473960874, 0.3933134108734131, 0.3816244475078583, 0.37003371985435485, 0.3590938060092926, 0.34843989583015444, 0.3379907741165161, 0.3280681202316284, 0.31829272401809694, 0.30868206787109376, 0.2996680610084534, 0.29426951389312744, 0.29223959012031553, 0.2902121900367737, 0.28841394010543825, 0.28667793217659, 0.28488288166999814, 0.2832396073055267, 0.2815097749900818, 0.2797442425632477, 0.27808857546806337, 0.276384226026535, 0.2746883575248718, 0.27307765867233275, 0.2714324213600159, 0.26976763887405397, 0.2680792123889923, 0.2665337353134155, 0.26483457962036133, 0.26329545428276063, 0.26174192985534667, 0.2601524191570282, 0.2585179796600342, 0.25697444778442385, 0.2554520060157776, 0.25387726847648623, 0.2523510680103302, 0.2508545697784424, 0.24935895776748657, 0.24784889480113984, 0.24641700067520142, 0.24487784649848937, 0.24338379593849183, 0.24189239838123322, 0.2404739821100235, 0.239009902009964, 0.23757486211776732, 0.23612548694610597, 0.23472820801734925, 0.23331183452129364, 0.2319683386230469]
0,0.9130434782608695
1,0.9032258064516129
2,0.8260869565217391
3,0.7241379310344828
4,0.6129032258064516
5,0.75
6,0.8260869565217391
7,0.8076923076923077
8,1.0
9,1.0
10,0.4
11,0.5238095238095238
12,0.85
13,0.5652173913043478
14,0.7777777777777778
15,0.875
16,0.9230769230769231
17,0.9047619047619048
18,0.7352941176470589
19,0.8
20,0.8888888888888888
21,0.8421052631578947
22,0.9411764705882353
23,0.8076923076923077
24,0.782608695652174
25,0.625
26,0.8333333333333334
27,0.8333333333333334
28,0.76
29,0.7931034482758621
30,0.8518518518518519
31,0.72
32,0.6818181818181818
33,0.6896551724137931
34,0.8
35,0.5454545454545454
36,0.9047619047619048
37,0.8421052631578947
38,0.7307692307692307
39,1.0
40,0.8214285714285714
41,0.9545454545454546
42,0.9130434782608695
43,0.8695652173913043
44,0.6956521739130435
45,0.7105263157894737
46,0.45454545454545453
47,0.782608695652174
48,1.0
49,0.8823529411764706
50,0.7272727272727273
51,0.7142857142857143
52,0.85
53,0.9310344827586207
54,0.9545454545454546
55,0.5714285714285714
56,0.8181818181818182
57,0.6428571428571429
58,0.8571428571428571
59,0.6666666666666666
60,0.8518518518518519
61,0.7586206896551724
62,0.9230769230769231
63,0.7083333333333334
64,0.7368421052631579
65,0.6363636363636364
66,0.8076923076923077
67,0.8260869565217391
68,0.9523809523809523
69,0.8333333333333334
70,0.9
71,0.8571428571428571
72,0.5909090909090909
73,0.625
74,0.6666666666666666
75,0.9285714285714286
76,0.9047619047619048
77,0.7352941176470589
78,0.8421052631578947
79,0.8571428571428571
80,0.7586206896551724
81,0.8571428571428571
82,0.972972972972973
83,0.8333333333333334
84,0.8148148148148148
85,0.9333333333333333
86,0.8214285714285714
87,0.8666666666666667
88,0.9523809523809523
89,0.9642857142857143
90,0.7916666666666666
91,0.8974358974358975
92,0.68
93,0.7619047619047619
94,0.9130434782608695
95,0.6896551724137931
96,0.6521739130434783
97,0.625
98,0.6538461538461539
99,0.8695652173913043
16
7
91
43
14
92
6
89
13
85
96
27
81
63
59
61
78
18
53
17
27
43
10
54
94
79
68
31
69
64
83
41
23
12
96
20
87
90
52
26
83
67
20
20
7
83
27
45
68
93
86
12
60
45
99
18
62
44
26
58
88
64
88
19
3
71
19
48
44
48
58
16
63
3
71
4
91
15
98
32
14
87
38
12
8
45
92
31
62
10
89
62
78
83
26
85
28
37
54
30
95
7
59
24
94
7
94
94
98
42
65
52
40
42
55
80
82
11
75
51
74
34
5
85
30
74
22
95
81
92
44
52
18
78
62
65
69
84
0
43
48
67
62
89
83
33
81
19
8
68
72
3
83
70
39
0
95
51
58
19
89
90
81
61
41
77
52
66
68
80
4
46
25
74
35
50
88
14
75
53
3
5
2
82
7
87
61
7
91
36
5
17
72
41
94
33
67
79
39
23
6
31
63
71
67
51
84
46
74
33
77
65
50
2
51
27
36
3
41
52
54
87
37
75
55
71
14
0
9
44
57
83
45
22
52
63
89
61
85
39
7
25
98
57
70
70
49
70
87
89
41
4
97
36
83
82
38
11
7
74
80
2
9
78
40
36
91
91
99
73
79
83
42
62
90
50
82
24
38
16
40
39
7
63
10
51
96
77
29
66
53
30
84
27
5
91
53
74
72
15
15
44
25
66
16
55
48
95
75
64
77
3
13
18
92
4
13
74
29
91
91
61
75
58
71
70
98
52
94
89
90
56
57
43
60
41
30
59
78
74
80
80
54
99
60
76
54
18
14
26
9
81
85
32
63
43
73
87
44
54
99
70
8
90
65
80
41
17
39
53
66
48
20
88
13
80
46
37
40
91
16
27
81
16
89
5
76
83
74
85
24
72
32
76
73
2
52
46
74
40
58
84
54
91
63
46
66
41
79
53
23
14
15
86
75
45
6
22
33
76
52
81
90
22
34
45
48
24
30
11
1
23
3
22
5
80
93
27
39
41
62
53
54
63
18
84
12
8
59
8
88
62
29
30
73
2
33
39
4
61
45
83
58
73
18
84
4
5
53
18
23
29
85
42
42
16
86
26
95
45
97
0
87
32
44
86
54
29
85
82
91
82
17
65
58
12
26
54
28
58
6
1
33
44
57
3
33
23
91
73
1
1
35
22
19
88
11
29
56
0
54
61
20
13
17
53
89
18
81
6
47
41
26
26
25
60
22
73
74
47
24
90
78
17
7
0
87
26
73
14
56
74
12
54
80
79
8
43
39
51
40
53
98
4
31
8
57
33
29
35
6
94
87
78
22
16
64
57
2
4
88
72
58
26
36
13
91
84
9
5
9
65
85
70
52
90
11
59
79
70
34
97
99
49
44
55
70
27
38
34
61
69
37
55
24
3
78
72
96
2
1
84
22
86
55
91
13
90
68
60
84
0
34
18
32
92
14
52
35
86
3
89
7
15
66
35
50
12
41
31
4
93
84
26
74
44
50
57
54
11
67
44
66
60
26
58
82
67
98
89
28
55
95
76
60
76
91
37
2
3
62
43
91
48
27
34
42
34
53
3
28
8
40
44
47
61
60
73
61
26
63
63
49
92
92
6
72
68
18
20
72
0
85
65
69
23
55
95
81
58
73
60
21
62
19
87
47
79
90
75
91
15
41
39
99
46
94
45
91
36
77
65
75
92
94
61
50
38
12
1
0
30
84
98
29
7
18
48
87
91
10
63
62
31
40
80
30
43
86
47
66
98
25
14
28
75
2
81
22
44
79
5
42
56
81
42
84
69
30
6
68
70
12
74
7
80
55
60
5
14
48
18
0
70
38
4
24
69
16
9
42
41
39
27
0
70
85
9
43
79
77
75
74
80
42
83
8
0
36
89
43
46
69
31
42
10
71
98
72
40
16
0
21
2
1
64
47
43
92
32
68
18
1
25
96
46
47
90
2
28
37
61
31
9
4
92
38
93
28
39
18
41
44
49
1
11
19
91
82
4
60
34
56
19
32
74
16
99
73
98
8
58
93
87
35
79
35
43
52
6
4
27
8
63
26
34
39
97
47
75
33
87
49
46
16
33
76
41
38
8
75
17
55
93
27
4
41
60
30
11
21
77
90
54
87
86
37
47
66
2
73
55
54
62
26
19
28
15
14
52
69
45
92
39
42
13
49
48
44
71
48
69
9
26
16
46
71
66
66
88
82
1
39
88
93
82
7
17
56
40
70
14
68
52
69
45
16
62
85
12
99
88
40
68
36
60
17
79
25
46
75
61
70
58
97
51
75
73
70
37
28
90
55
88
68
38
95
7
16
58
61
39
56
17
33
77
27
87
75
4
16
94
55
76
60
97
1
0
75
31
55
60
75
47
6
43
14
84
14
6
1
88
53
66
5
56
32
52
40
24
86
54
54
88
61
87
54
24
40
85
17
90
22
86
77
79
76
18
0
39
89
82
41
87
91
73
55
62
72
98
72
46
28
38
74
70
13
29
15
24
76
98
73
79
15
47
47
93
73
81
26
70
95
60
70
11
82
66
34
6
65
62
74
31
36
88
52
48
79
50
55
57
66
68
4
64
16
61
16
86
18
29
84
53
9
38
43
74
15
1
93
91
1
84
92
81
10
33
80
68
30
8
3
81
45
18
20
35
84
72
5
53
34
27
93
18
44
93
85
91
35
31
69
47
57
95
85
80
1
82
45
66
2
58
31
42
23
90
18
83
31
51
80
23
64
61
87
51
99
28
19
63
93
97
78
34
18
13
74
17
28
29
10
61
83
83
53
73
7
59
82
34
15
68
68
34
82
75
37
8
94
16
24
21
8
96
53
49
38
85
27
32
96
20
29
43
69
94
26
82
23
91
34
48
71
53
25
0
59
84
69
73
27
12
42
61
21
95
88
61
15
24
1
77
67
82
5
64
51
52
79
70
46
1
59
87
60
88
76
45
19
14
1
35
94
79
16
71
26
3
60
73
9
75
5
72
27
67
19
14
45
34
40
47
2
7
85
30
83
51
79
46
99
86
15
29
63
66
62
80
24
57
43
78
49
99
95
93
55
71
74
86
64
19
3
62
50
37
35
21
32
57
61
2
6
70
82
82
94
95
81
96
77
33
67
31
60
99
90
63
62
82
36
12
31
47
75
77
29
94
27
70
95
32
38
67
37
2
65
40
53
87
95
53
42
43
89
69
93
81
40
71
31
33
91
75
90
47
97
92
81
42
46
62
92
53
46
66
45
48
94
61
40
60
42
35
59
52
44
57
4
83
89
71
68
52
46
58
98
22
62
52
2
58
77
96
86
23
58
69
97
14
51
2
63
67
58
97
6
66
81
99
28
50
57
88
25
38
71
47
53
48
79
59
29
82
90
93
81
17
14
69
25
32
39
62
89
3
67
99
28
98
88
20
42
18
60
48
69
18
41
6
39
19
15
37
2
48
35
89
67
77
38
23
21
96
11
41
84
30
58
30
98
31
83
59
77
74
41
89
19
54
4
68
9
91
67
3
40
71
57
38
9
82
3
76
20
60
42
94
66
72
14
25
61
36
55
14
26
60
77
62
85
75
83
67
93
23
33
88
18
58
51
83
23
85
56
20
79
20
30
96
19
4
98
97
26
83
56
47
83
59
83
51
64
3
73
9
77
43
15
67
77
19
73
79
7
29
4
61
50
30
39
33
51
15
9
17
28
45
8
12
41
49
63
71
12
2
77
98
68
46
15
84
19
34
70
62
34
94
30
35
42
99
33
90
16
56
4
24
71
3
19
14
23
68
45
81
10
90
21
57
22
87
82
12
38
10
93
77
84
41
64
76
25
91
94
42
79
19
76
87
18
51
1
50
37
6
45
23
0
55
91
89
95
48
45
54
69
82
68
56
39
80
37
67
71
25
50
60
79
0
73
55
11
80
2
32
83
61
69
97
13
30
27
74
8
17
42
91
11
36
69
74
57
84
76
85
21
91
79
76
81
8
92
69
82
7
73
89
66
42
39
45
80
63
15
74
16
82
94
33
33
83
62
85
48
33
11
5
2
44
75
75
24
31
72
17
89
92
19
36
22
67
83
63
2
92
37
2
99
77
56
22
84
14
71
94
44
12
41
52
91
85
43
82
40
80
42
96
47
22
1
6
78
72
93
85
18
63
65
25
44
2
86
44
59
2
54
98
56
75
52
76
20
48
97
9
10
38
5
3
36
42
84
18
6
9
72
65
6
75
15
29
35
20
95
21
87
74
14
83
91
74
86
28
74
58
36
90
8
49
80
40
10
14
37
0
58
96
1
61
59
21
60
89
82
61
80
52
65
55
32
77
69
26
42
79
11
20
38
52
15
79
65
63
96
26
29
3
79
39
30
99
5
8
67
52
40
58
54
82
3
82
93
70
99
21
17
56
64
74
1
70
61
85
78
58
10
53
44
47
5
34
81
64
77
67
66
63
45
93
46
27
74
87
63
87
26
41
70
22
21
32
90
36
85
50
87
21
87
71
53
27
74
1
8
6
98
61
88
90
10
83
55
85
34
24
74
49
76
28
74
44
90
45
87
79
67
14
47
3
77
52
60
71
25
67
81
86
54
67
17
21
1
88
21
77
95
91
12
15
82
22
16
66
18
1
44
29
73
27
81
63
53
23
81
86
78
71
28
75
98
62
79
16
8
7
22
81
87
10
65
62
49
70
53
63
44
40
91
23
13
80
6
42
66
30
72
35
94
41
36
52
12
43
86
97
53
50
97
95
61
20
22
57
25
71
72
68
20
49
67
87
16
41
66
44
87
51
1
15
42
6
12
8
2
25
45
85
71
56
99
67
78
2
76
50
30
53
91
68
65
92
23
46
95
40
30
62
11
23
78
96
67
50
8
15
4
80
27
60
7
54
48
16
57
94
30
92
43
62
58
19
23
38
40
33
95
22
99
86
53
89
11
52
58
54
85
74
72
82
72
98
43
37
34
47
52
40
53
45
8
83
3
26
40
28
53
27
59
4
33
92
89
44
71
55
89
98
78
82
91
31
91
47
9
73
69
36
26
91
95
37
61
83
69
11
19
76
80
82
12
46
94
24
39
1
33
37
55
7
39
15
39
3
41
66
80
27
45
72
32
5
45
9
93
33
65
35
18
56
65
11
38
23
39
25
97
58
25
47
29
56
98
82
41
38
51
79
19
18
73
64
78
96
49
64
40
36
97
40
45
49
62
10
33
4
77
81
91
5
87
3
50
80
86
89
17
12
80
74
26
32
40
13
98
37
21
76
74
59
49
30
33
80
51
66
87
38
21
53
4
48
24
13
31
29
84
46
61
24
34
98
45
99
27
51
91
0
72
50
57
4
60
90
86
9
11
92
99
77
57
62
2
70
69
69
32
79
44
58
0
20
7
85
82
79
58
95
58
3
85
55
92
29
97
35
53
37
30
28
86
50
24
96
95
1
2
36
52
99
55
85
0
23
64
82
62
31
86
57
72
73
42
29
84
85
90
69
82
21
89
68
68
76
31
58
8
90
13
30
78
14
33
99
42
12
92
8
82
78
66
62
74
4
12
29
64
80
56
18
77
72
95
54
0
45
16
73
29
33
6
86
19
97
4
9
57
89
77
25
26
49
11
18
80
83
21
27
30
52
74
29
52
90
14
77
65
7
75
27
16
30
64
83
14
51
42
70
