overall_acc,0.7928
loss,[10.881792765197753, 6.229655790710449, 4.182231460189819, 3.254307935638428, 2.815055460357666, 2.5929971073913576, 2.4854667531585695, 2.41807754524231, 2.38562447555542, 2.3598230564117433, 2.3488045441436767, 2.3295404081726074, 2.3198356317138673, 2.3189743995666503, 2.3195215242004394, 2.3109986712646484, 2.3187392544174195, 2.311407969932556, 2.3099518228912355, 2.3119011445617677, 2.311236722755432, 2.318377186431885, 2.3166514021301268, 2.321503920135498, 2.321256671600342, 2.3277050164794924, 2.333198162689209, 2.341971752281189, 2.337271934967041, 2.3651600552368164, 2.3605774700927733, 2.3683049378967285, 2.376083514175415, 2.385730229949951, 2.3982823308563233, 2.4068706385803225, 2.402548913269043, 2.4280122003936766, 2.4342481718444824, 2.435295473480225, 2.441892541809082, 2.4552726622009278, 2.4718449633789064, 2.475604156188965, 2.479417080230713, 2.5054025437164307, 2.4969994795227053, 2.514707267303467, 2.513967220611572, 2.518846601409912, 2.5250773134613036, 2.5315924116516113, 2.5436065620422363, 2.536417566757202, 2.5565768112182616, 2.559723927383423, 2.5570865130615235, 2.5616552378845214, 2.58029076461792, 2.5943539360046386, 2.046614187011719, 1.6609018704223633, 1.4366414472198485, 1.2731872270202638, 1.1692507188034058, 1.1140595430564881, 1.0972255986976625, 1.0846266078186035, 1.070739423904419, 1.0710222122764588, 1.076083779029846, 1.0852363913726806, 1.08649956741333, 1.093284078025818, 1.1029097142601014, 1.1016968285369872, 1.1100843392944335, 1.0957848620986939, 1.1149794311904908, 1.1122220628356934, 1.122276805114746, 1.137550795249939, 1.1262673585128784, 1.1293981797027588, 1.1221110382843018, 1.1501143774414062, 1.1553299703598023, 1.1304037934875488, 1.1416962879180907, 1.155786263999939, 1.1623349128723144, 1.156449441795349, 1.1608825999450683, 1.1654605445098878, 1.1617009564590455, 1.1733516579055787, 1.1757637620544434, 1.1775482897567748, 1.176832003326416, 1.1776445917510987, 1.1884949970245362, 1.1795797744750978, 1.1818575149917603, 1.176540085105896, 1.172477674407959, 1.1861888158798217, 1.1826469288635253, 1.1961058912277223, 1.1966977801895142, 1.1922878691482544, 1.1924683008575439, 1.196033394165039, 1.2061234970855712, 1.2012397772598267, 1.1920215371704102, 1.2033241230773926, 1.2078838445281983, 1.2098342901611328, 1.2024882679748534, 1.2145445834350586, 1.0632458603286743, 0.9826561327552795, 0.9459422694969177, 0.9145855775260925, 0.8834244571113586, 0.8562316032409668, 0.8299593504333496, 0.8042063894462586, 0.7795771208572387, 0.7555262108802795, 0.732795751991272, 0.7105219882774353, 0.6887064985084533, 0.667588426990509, 0.6471831083869934, 0.6275896150970459, 0.6085728464126587, 0.5903398384857178, 0.5722182331085205, 0.5551676007080079, 0.5386231433677673, 0.5220090680313111, 0.5066890745162964, 0.491227861661911, 0.4764481875705719, 0.4620488782978058, 0.44833968328475954, 0.4347669819355011, 0.4220696391582489, 0.40907682319641114, 0.39726197229385374, 0.3850897162723541, 0.37377042952537537, 0.3623260997390747, 0.35148981603622437, 0.3412421534538269, 0.33076912313461304, 0.3211148308467865, 0.3115243122768402, 0.3024392594909668, 0.2966615530014038, 0.29478930567741396, 0.29284229031562803, 0.29097413380622866, 0.28923746726989746, 0.28749172669410705, 0.2857167305850983, 0.28400628220558166, 0.28229309258461, 0.2805539515209198, 0.2788437790679932, 0.27723815078735353, 0.2754831945228577, 0.27383667804718015, 0.272189551486969, 0.27050634105682375, 0.26884684391975405, 0.26731652397155764, 0.26563573369026183, 0.2640325307178497, 0.26244632716178895, 0.26098093980789183, 0.2592850471687317, 0.25774155359268186, 0.2561779332923889, 0.2546918473339081, 0.25307582074165347, 0.25159119245529177, 0.2500598489665985, 0.24857920098304748, 0.2470176648426056, 0.2455708981704712, 0.24409241164684295, 0.2426607855606079, 0.24114614091396333, 0.23974909967899322, 0.23824193044185638, 0.23690320089817046, 0.23541125990390777, 0.23400510363578797]
0,0.9130434782608695
1,0.8387096774193549
2,0.8260869565217391
3,0.8620689655172413
4,0.7741935483870968
5,0.75
6,0.8260869565217391
7,0.8461538461538461
8,1.0
9,1.0
10,0.45
11,0.5238095238095238
12,0.75
13,0.6521739130434783
14,0.7777777777777778
15,0.9166666666666666
16,0.9615384615384616
17,0.8571428571428571
18,0.6470588235294118
19,0.76
20,0.8333333333333334
21,0.8421052631578947
22,0.8823529411764706
23,0.8461538461538461
24,0.8260869565217391
25,0.6666666666666666
26,0.875
27,0.7083333333333334
28,0.84
29,0.7241379310344828
30,0.7777777777777778
31,0.6
32,0.7272727272727273
33,0.5517241379310345
34,0.88
35,0.4090909090909091
36,0.8571428571428571
37,0.8947368421052632
38,0.8076923076923077
39,1.0
40,0.7142857142857143
41,0.9090909090909091
42,0.8260869565217391
43,0.8695652173913043
44,0.6086956521739131
45,0.6842105263157895
46,0.45454545454545453
47,0.782608695652174
48,1.0
49,0.8823529411764706
50,0.7272727272727273
51,0.7619047619047619
52,0.8
53,0.9655172413793104
54,0.9545454545454546
55,0.5714285714285714
56,0.8636363636363636
57,0.6428571428571429
58,0.9142857142857143
59,0.75
60,0.8148148148148148
61,0.8620689655172413
62,0.8461538461538461
63,0.7916666666666666
64,0.7368421052631579
65,0.7272727272727273
66,0.8076923076923077
67,0.6521739130434783
68,0.9523809523809523
69,0.9
70,0.9
71,0.8571428571428571
72,0.5
73,0.65625
74,0.6363636363636364
75,0.9642857142857143
76,0.8571428571428571
77,0.6764705882352942
78,0.6842105263157895
79,0.8214285714285714
80,0.7241379310344828
81,0.9047619047619048
82,0.9459459459459459
83,0.8
84,0.9259259259259259
85,1.0
86,0.7857142857142857
87,0.8666666666666667
88,0.9047619047619048
89,0.9642857142857143
90,0.7916666666666666
91,0.8974358974358975
92,0.56
93,0.8095238095238095
94,0.9565217391304348
95,0.6551724137931034
96,0.6956521739130435
97,0.7916666666666666
98,0.5769230769230769
99,0.8695652173913043
16
7
91
43
14
92
79
89
13
85
47
27
81
63
59
10
78
18
53
17
27
43
61
54
25
79
68
99
69
64
83
41
23
11
47
20
87
90
52
26
83
67
20
20
7
83
72
45
68
93
22
12
60
45
99
1
62
34
26
58
88
15
88
19
3
71
19
48
91
48
58
16
63
75
71
4
32
15
98
32
14
87
38
33
8
45
92
31
62
61
89
92
99
83
45
85
28
37
54
72
95
7
59
24
94
7
94
94
11
42
65
52
40
38
72
80
82
46
75
51
32
34
5
85
30
74
22
95
81
92
27
52
18
44
62
65
69
84
0
43
48
67
62
89
53
44
37
19
8
68
3
3
83
70
39
0
95
51
58
4
89
90
81
61
41
66
52
66
68
80
4
46
25
33
35
50
88
14
75
53
3
5
98
82
7
81
61
7
91
1
5
37
72
41
94
33
67
39
39
23
6
31
63
71
67
45
84
84
74
49
77
65
50
98
51
85
36
3
41
47
54
87
37
75
74
71
14
0
9
44
57
83
45
22
52
42
89
22
85
39
7
25
98
98
70
70
49
70
87
89
41
25
97
36
83
82
77
46
7
74
80
2
9
51
40
36
91
91
99
73
40
83
42
62
90
50
82
24
38
16
65
39
7
63
10
51
96
77
29
66
53
30
84
44
5
91
53
74
72
15
15
44
87
66
10
55
48
73
75
65
77
3
13
18
92
72
13
72
29
91
91
61
75
58
71
54
98
52
94
89
90
56
57
43
60
13
30
59
78
6
80
80
54
83
60
17
54
18
14
26
9
81
85
32
63
43
73
87
44
54
99
70
8
90
65
80
41
17
39
53
66
48
5
34
12
67
98
37
41
91
16
27
37
16
89
5
76
83
74
85
24
44
32
76
33
84
52
46
21
40
58
84
6
91
63
46
66
25
79
0
23
14
15
86
75
45
6
22
33
76
52
81
90
22
34
45
55
7
30
2
1
23
3
22
5
80
93
27
39
79
62
53
54
63
14
84
26
8
59
8
88
62
29
30
73
2
33
39
4
10
45
83
58
73
18
84
4
5
57
18
23
29
85
34
64
16
86
99
95
45
97
0
46
32
44
86
92
44
85
82
91
82
17
4
58
12
26
54
28
58
79
1
4
99
22
3
56
1
91
73
1
1
35
1
19
88
11
29
56
57
54
61
20
13
17
53
89
18
81
6
96
41
26
26
25
60
22
93
4
47
24
18
78
17
7
0
87
26
73
14
56
44
12
54
80
79
8
43
39
51
40
53
98
4
72
8
57
33
18
35
6
94
16
14
22
16
64
57
2
63
88
72
58
27
36
13
91
84
9
5
9
65
85
70
59
7
2
59
79
70
34
97
16
49
18
55
70
64
38
34
61
69
37
55
24
3
78
75
63
98
1
84
22
86
55
91
13
90
68
60
84
0
34
54
32
92
14
96
35
86
3
89
44
15
66
35
50
12
41
31
34
93
84
26
74
78
50
57
54
11
67
44
66
60
26
58
82
67
83
89
28
55
95
76
60
76
91
37
2
3
62
43
91
48
63
34
42
34
53
3
28
8
40
44
96
61
60
73
61
26
78
42
49
92
92
6
55
39
18
20
72
0
85
75
44
23
66
95
81
58
73
60
21
62
19
87
47
79
90
75
72
15
41
39
99
33
94
45
91
36
77
3
75
62
94
61
50
38
12
1
0
30
84
98
29
7
18
48
89
91
84
63
62
31
40
55
30
22
86
96
33
93
20
14
28
75
2
81
10
73
79
5
88
56
81
38
84
69
30
6
68
70
81
74
7
67
55
60
5
14
48
83
0
70
38
26
24
69
16
9
42
41
39
27
0
70
85
9
43
79
77
75
74
80
42
62
8
0
36
89
15
46
69
56
42
22
71
98
72
40
16
0
21
2
1
64
47
43
92
65
68
18
1
25
96
98
47
90
2
28
37
61
31
9
4
92
38
93
28
39
6
41
44
49
70
11
97
91
82
4
60
34
56
19
32
74
76
99
73
35
8
58
93
87
11
24
2
43
52
6
4
27
8
63
26
34
39
97
37
75
33
87
49
11
16
33
76
41
97
8
75
17
55
93
44
4
41
60
30
31
21
18
90
54
87
86
37
47
66
2
73
55
25
62
26
65
28
15
14
59
69
45
92
39
42
58
49
48
44
71
48
69
9
26
37
46
71
66
66
88
82
48
39
88
93
82
14
17
56
40
70
1
68
52
69
45
16
62
85
12
99
88
40
68
36
23
85
87
25
46
75
61
70
58
97
51
75
73
54
37
28
90
55
88
68
38
95
6
16
58
16
39
56
17
33
77
50
87
75
4
16
94
55
76
60
97
1
0
75
31
55
71
75
52
6
43
14
84
14
51
1
88
53
66
5
56
32
52
40
24
86
54
54
88
61
87
54
24
10
85
17
90
22
86
77
79
94
45
0
39
89
82
41
87
91
73
4
62
55
98
10
46
28
38
74
70
13
7
15
26
76
98
42
79
15
47
47
93
73
81
26
70
95
60
70
11
82
66
34
6
65
62
74
31
36
88
47
48
79
38
72
57
66
68
66
64
16
61
16
84
18
29
84
53
9
38
43
74
15
1
45
96
1
84
69
81
28
33
80
68
30
8
3
81
48
18
7
35
20
72
5
53
34
27
93
18
44
93
85
91
46
31
69
47
57
95
85
80
1
82
45
66
44
58
31
42
23
90
45
83
19
51
80
23
64
61
16
51
99
28
19
63
93
97
78
34
90
13
50
17
28
29
10
61
83
83
53
73
7
59
82
34
15
68
68
34
82
75
37
8
94
16
24
21
8
96
53
49
38
85
55
32
96
20
29
43
69
94
26
54
23
91
34
48
23
53
5
0
59
57
69
73
27
12
42
61
21
67
88
28
15
24
1
77
93
82
5
64
51
59
79
70
46
16
59
87
60
39
76
45
15
14
1
35
94
79
16
23
26
55
60
73
9
75
5
72
14
32
38
56
72
64
40
47
2
7
85
30
92
51
79
89
99
86
15
29
63
66
62
80
24
57
43
78
49
99
95
93
63
71
74
86
64
35
3
62
65
17
54
21
32
57
61
98
6
70
82
82
94
95
81
96
93
49
67
43
60
53
64
63
62
82
36
12
31
47
75
77
29
94
27
70
95
32
40
67
37
2
65
40
53
87
95
53
42
43
89
69
93
81
84
71
31
33
73
75
85
47
97
92
13
33
46
83
92
53
11
66
45
48
94
10
69
60
42
98
59
52
44
57
4
83
89
71
58
96
46
12
98
22
62
52
2
58
77
96
86
33
58
69
97
14
51
2
63
26
58
42
6
75
81
99
28
36
57
88
25
38
71
47
53
48
79
59
29
82
90
93
81
17
14
69
25
32
39
62
89
4
67
99
28
98
88
20
64
18
60
48
69
18
48
6
39
14
15
37
51
48
15
89
67
77
38
27
21
96
11
41
84
30
58
30
98
72
45
59
77
50
41
8
19
54
4
68
9
91
67
75
40
71
77
38
9
82
3
76
20
71
42
94
66
72
14
25
61
36
4
14
10
60
77
62
44
79
16
67
93
23
33
88
18
58
51
83
23
85
56
20
79
20
30
96
19
55
98
38
26
0
56
47
83
47
10
51
3
3
23
9
77
43
15
93
77
19
73
24
7
56
4
61
64
30
39
22
19
17
9
17
28
45
28
12
14
49
63
71
12
2
77
98
31
46
15
84
19
36
70
62
34
94
30
11
84
99
33
90
16
56
4
24
71
3
19
14
23
68
45
81
61
90
21
57
22
87
82
12
38
10
93
77
84
41
64
76
25
91
94
42
79
19
76
87
18
51
1
50
37
6
45
23
0
55
91
89
95
48
45
54
69
51
68
56
65
80
69
67
71
25
50
60
79
0
14
55
46
80
2
32
83
61
69
97
13
30
27
74
8
17
42
91
11
36
69
50
57
84
71
85
3
91
79
76
13
8
92
69
82
7
73
89
66
42
39
45
80
4
15
50
16
62
94
60
75
83
62
85
48
59
11
5
2
44
75
75
4
3
72
17
89
70
19
36
77
73
83
63
2
62
37
11
99
77
56
22
84
14
71
94
44
12
41
47
91
85
43
82
40
97
42
96
47
22
1
65
78
72
93
85
18
63
65
25
44
2
86
44
59
2
54
11
56
75
47
76
20
48
97
9
41
38
5
3
50
43
84
18
6
9
72
38
6
75
15
29
35
20
95
3
87
74
44
83
91
74
86
95
74
58
36
81
8
49
65
55
1
14
13
0
58
96
1
61
59
21
60
89
82
61
80
52
65
55
32
77
69
26
42
79
11
20
38
52
15
79
65
63
96
26
29
3
79
39
30
99
5
8
19
52
40
58
54
82
3
82
93
70
99
21
17
56
64
74
1
92
61
85
78
58
10
53
74
47
5
34
81
64
77
30
66
63
45
93
46
18
45
87
63
87
26
41
70
34
21
32
90
36
85
50
87
21
87
71
53
27
63
1
8
93
98
61
88
35
10
83
93
85
34
24
74
49
76
28
50
6
58
45
87
79
63
14
47
31
77
52
49
71
25
73
81
2
54
67
17
21
1
88
21
77
95
91
12
15
82
22
16
66
25
41
29
29
73
27
81
63
53
23
81
86
78
71
28
75
46
62
26
16
8
7
22
81
87
83
65
62
49
70
57
77
79
9
91
23
13
4
6
42
3
30
67
35
94
41
36
52
12
43
86
97
53
50
64
3
61
20
22
57
25
71
72
68
20
49
67
87
16
41
66
27
10
51
92
15
42
6
85
8
2
25
45
10
71
56
99
67
67
2
76
50
30
53
91
81
65
70
23
35
95
40
71
62
11
23
78
96
67
65
8
15
4
80
27
60
7
54
48
16
57
94
30
92
43
62
58
19
23
38
51
96
95
16
99
86
53
89
11
52
58
54
85
74
72
82
72
32
43
37
34
47
52
40
53
45
8
83
3
90
40
28
53
27
59
4
33
92
89
44
44
55
89
98
78
82
91
31
91
47
9
73
69
36
26
91
95
37
61
83
69
11
19
76
84
78
25
98
94
24
39
1
33
27
29
7
39
15
99
3
41
66
80
27
45
4
32
5
45
9
44
33
65
11
24
56
65
11
38
23
39
25
97
58
25
47
42
56
98
82
41
38
51
45
34
18
73
64
78
96
49
64
40
36
97
40
27
49
62
28
49
4
56
81
91
5
87
3
50
80
86
89
17
12
80
55
24
32
40
13
98
37
21
76
14
59
49
30
33
80
51
66
87
38
63
53
4
48
24
13
3
29
84
46
61
24
34
46
45
99
27
51
91
0
72
50
57
4
60
90
86
9
46
1
99
77
57
47
2
70
69
69
32
79
93
58
0
20
7
85
82
79
58
95
58
74
85
80
70
44
97
46
53
37
30
28
86
50
24
29
95
1
2
36
59
99
55
85
0
23
64
82
62
31
86
83
72
73
50
91
84
85
90
69
82
21
89
68
68
76
31
58
8
37
13
95
78
42
47
73
42
12
92
8
82
18
97
62
74
4
12
29
97
77
56
18
77
72
95
54
0
45
16
73
29
33
14
86
19
97
4
9
53
89
77
25
26
49
11
14
80
83
75
27
30
52
74
29
59
90
14
77
65
7
75
27
16
30
74
83
63
51
42
70
