overall_acc,0.7884
loss,[10.889271383666992, 6.25109383392334, 4.191742364807129, 3.25128840385437, 2.8121559833526613, 2.593086669692993, 2.483008235778809, 2.424234391479492, 2.376791198425293, 2.3572677458190916, 2.33585270362854, 2.3294798626708983, 2.3112825340270997, 2.3139459483337403, 2.310648249511719, 2.2979573654174805, 2.306559324493408, 2.297156414642334, 2.3023364460754396, 2.289964765472412, 2.303146002197266, 2.307160145263672, 2.296807777252197, 2.3060696145629884, 2.318139096298218, 2.3170678076171876, 2.314664103012085, 2.3278576010894776, 2.319852440338135, 2.3316897842407225, 2.3501892653656005, 2.3513291465759276, 2.3573889971923827, 2.359443148803711, 2.3760939978790283, 2.3913031438446044, 2.3863240045166014, 2.3961556622314455, 2.4040407851791383, 2.395362351837158, 2.418750050048828, 2.4270381898498536, 2.4421316429138185, 2.440845554199219, 2.455721173248291, 2.4579251287841797, 2.4555048487854005, 2.4654025427246093, 2.469292331237793, 2.4748664610290527, 2.4922974031066896, 2.491063703765869, 2.500589025115967, 2.507887881240845, 2.5130856802368164, 2.5253401765441894, 2.516467434387207, 2.5156996712493895, 2.5283953814697266, 2.532350441207886, 2.0009358307647704, 1.6266665943908691, 1.4021196056747436, 1.2541247864151002, 1.1483852346038819, 1.097460023880005, 1.0749026696395874, 1.0587866373252868, 1.0557412197113036, 1.0573861917114258, 1.0624255186080933, 1.0565668185424806, 1.0641568831634522, 1.068432757873535, 1.0593829954910279, 1.0780607151031494, 1.0807272506713868, 1.072871335105896, 1.0877438096618652, 1.0859683642959594, 1.100977615737915, 1.0998873834991456, 1.0975765114974976, 1.1094409194946289, 1.1014739096069337, 1.1113421622467041, 1.1258683202743531, 1.114132585811615, 1.123958299484253, 1.1307301872253417, 1.1281288135528564, 1.125123639984131, 1.147014053878784, 1.1375480354690553, 1.1398392887878417, 1.1415650513839721, 1.1515229177856445, 1.1422572506332398, 1.1519817260742187, 1.1499536268997193, 1.1517536108398438, 1.1584853079986572, 1.1510421138381959, 1.1642079778289796, 1.1611035231399536, 1.1588934982299806, 1.163203812789917, 1.1554732146072388, 1.16559259475708, 1.1727284178543091, 1.1649958390045165, 1.1781710642242431, 1.1651256980895996, 1.17610789768219, 1.1825070198059082, 1.1725115564727784, 1.1872187563323975, 1.1809983084106446, 1.1852102806854248, 1.1958236413955687, 1.0590550969696044, 0.9708395789718628, 0.9331637514305114, 0.9017634375953675, 0.8727098219299316, 0.8448531226539612, 0.8188611514472961, 0.7930465559387208, 0.7687572817420959, 0.7453945550537109, 0.7226389466667176, 0.700737577495575, 0.6792592388343811, 0.6587354526519775, 0.63885824842453, 0.6188715951347351, 0.6003805152893067, 0.5821648099517822, 0.5647909724807739, 0.5476758129882813, 0.5311343610954284, 0.5147880947113037, 0.4992268946456909, 0.4842599526977539, 0.46959910676002503, 0.45554848268508913, 0.4418406702709198, 0.4285246120452881, 0.4157015048980713, 0.40317584146499635, 0.39124106642723083, 0.37947888711929323, 0.36805048421859743, 0.35724551935195925, 0.3464293350315094, 0.3361021673297882, 0.3260508260345459, 0.3164076882457733, 0.3068187773227692, 0.29762449816703795, 0.29222084600448606, 0.29025128808021544, 0.28850815587997436, 0.2866889921569824, 0.28507284135818484, 0.2831930898094177, 0.2815038851642609, 0.27986577844619753, 0.2780873751163483, 0.27640501110076904, 0.27475318871498106, 0.27307534704208375, 0.27143335761070253, 0.2697745998954773, 0.26817465120315553, 0.26653846174240114, 0.26493966451644896, 0.2633163087368012, 0.2617390818786621, 0.26015807338714597, 0.2585114684963226, 0.25700068759918215, 0.25548291722297667, 0.2539366004371643, 0.2524074524784088, 0.2509010277938843, 0.24935843930244445, 0.2478513844871521, 0.24639924181461334, 0.24486703413963318, 0.24344640486717223, 0.24194569986343384, 0.24050117329597473, 0.23907557950019837, 0.23758960964679718, 0.23616910853862763, 0.23474208527088164, 0.2333602658367157, 0.23197615199565888, 0.23053723210811616]
0,0.9565217391304348
1,0.9032258064516129
2,0.782608695652174
3,0.8275862068965517
4,0.7419354838709677
5,0.6666666666666666
6,0.782608695652174
7,0.8846153846153846
8,1.0
9,1.0
10,0.35
11,0.38095238095238093
12,0.8
13,0.6521739130434783
14,0.8148148148148148
15,0.9166666666666666
16,0.8846153846153846
17,0.9047619047619048
18,0.6176470588235294
19,0.88
20,0.8333333333333334
21,0.8947368421052632
22,1.0
23,0.8076923076923077
24,0.8695652173913043
25,0.5416666666666666
26,0.75
27,0.875
28,0.8
29,0.6896551724137931
30,0.8518518518518519
31,0.84
32,0.6818181818181818
33,0.7241379310344828
34,0.88
35,0.45454545454545453
36,0.9523809523809523
37,0.7368421052631579
38,0.8076923076923077
39,1.0
40,0.6428571428571429
41,0.9090909090909091
42,0.8695652173913043
43,0.8695652173913043
44,0.5217391304347826
45,0.631578947368421
46,0.4090909090909091
47,0.7391304347826086
48,1.0
49,0.8823529411764706
50,0.7727272727272727
51,0.7619047619047619
52,0.7
53,0.896551724137931
54,1.0
55,0.6190476190476191
56,0.8181818181818182
57,0.6428571428571429
58,0.8857142857142857
59,0.8333333333333334
60,0.8148148148148148
61,0.8275862068965517
62,0.8846153846153846
63,0.8333333333333334
64,0.5789473684210527
65,0.6818181818181818
66,0.7692307692307693
67,0.6956521739130435
68,0.9523809523809523
69,0.8666666666666667
70,0.8
71,0.7619047619047619
72,0.45454545454545453
73,0.6875
74,0.6666666666666666
75,0.9642857142857143
76,0.8571428571428571
77,0.7058823529411765
78,0.7368421052631579
79,0.7857142857142857
80,0.7931034482758621
81,0.9523809523809523
82,0.8918918918918919
83,0.8
84,0.8148148148148148
85,0.9333333333333333
86,0.7857142857142857
87,0.9333333333333333
88,0.9523809523809523
89,0.8571428571428571
90,0.8333333333333334
91,0.8974358974358975
92,0.64
93,0.8095238095238095
94,0.9565217391304348
95,0.6551724137931034
96,0.6521739130434783
97,0.8333333333333334
98,0.5384615384615384
99,0.8260869565217391
16
7
91
43
14
92
6
89
13
85
47
27
81
63
59
61
78
7
53
17
27
43
10
54
94
79
68
31
69
64
83
41
23
46
96
20
87
90
47
26
83
67
20
20
7
83
27
45
68
93
86
12
69
73
99
44
62
91
26
58
88
64
88
19
3
71
19
48
73
48
58
16
63
75
71
4
32
15
98
32
14
87
38
12
8
45
92
31
62
61
89
92
78
83
45
85
28
37
54
30
95
7
59
24
94
7
94
94
98
42
65
52
40
38
55
80
82
80
75
51
74
34
25
85
30
74
22
95
81
92
27
52
18
44
62
65
69
84
0
43
48
67
62
7
53
18
37
19
8
68
64
3
83
70
39
0
95
51
58
19
90
90
81
61
41
65
52
66
68
80
4
46
5
27
35
50
88
14
75
53
3
5
35
82
7
87
61
7
91
1
5
37
72
41
94
33
67
33
39
23
6
31
63
71
67
45
10
46
74
33
77
26
50
35
51
55
36
3
41
47
54
87
37
75
4
71
14
0
9
44
57
83
45
61
52
63
89
22
85
39
7
25
98
36
70
54
49
70
87
90
41
79
97
36
83
82
77
11
7
74
80
2
9
91
40
36
91
91
99
73
40
83
42
62
90
50
82
24
42
16
65
39
7
63
10
51
96
44
29
66
53
30
84
44
5
91
53
74
72
38
15
93
5
66
77
55
48
30
63
66
77
3
13
18
92
55
13
51
29
91
91
61
75
58
71
70
98
52
94
89
90
52
57
43
60
81
30
59
78
74
80
80
54
99
60
76
61
18
14
26
9
81
85
32
63
43
91
87
18
26
99
70
8
90
65
80
41
17
39
53
66
48
5
34
25
80
87
84
50
91
16
27
33
16
89
5
69
83
74
85
24
55
32
76
8
25
52
46
4
40
58
84
6
91
63
35
66
41
79
0
23
14
15
86
75
45
6
22
33
76
52
81
90
22
34
45
72
7
30
2
1
23
3
22
5
80
93
27
99
79
62
53
54
63
18
84
65
8
59
8
88
62
29
73
73
2
33
39
63
22
45
83
58
39
18
84
4
5
57
18
23
29
85
34
64
16
86
99
95
45
97
0
66
32
44
86
54
29
85
82
91
82
17
27
37
12
26
54
28
58
79
1
45
99
16
3
33
23
91
73
1
1
98
1
19
88
11
29
56
0
54
61
7
13
17
53
89
18
81
6
96
41
26
26
25
60
22
73
4
47
24
90
78
17
7
0
87
78
73
14
56
18
12
54
21
79
8
43
39
51
40
53
98
4
31
8
57
33
7
35
6
94
94
65
22
16
78
57
2
42
88
72
58
93
36
13
91
84
9
58
9
65
85
70
59
7
2
59
79
70
34
97
16
49
44
55
70
64
38
34
61
69
37
63
24
3
78
75
33
35
1
84
22
86
4
91
13
90
68
60
84
0
34
70
32
92
14
49
35
28
3
89
44
15
66
35
50
12
41
31
34
93
84
26
74
44
50
57
54
35
73
44
66
60
45
58
82
67
98
89
28
55
95
76
60
76
91
37
2
4
62
43
91
48
27
34
42
34
53
3
28
8
40
44
47
61
60
73
61
26
63
63
49
92
92
45
57
94
18
20
55
0
85
65
76
23
78
95
81
58
73
60
21
14
19
87
47
79
90
75
93
15
41
39
99
46
94
45
91
36
77
3
75
92
94
61
50
38
12
1
0
30
84
98
29
7
18
48
81
91
84
63
62
31
40
55
30
22
86
96
18
98
20
14
28
75
2
81
10
73
79
5
88
56
81
15
84
69
30
6
68
70
81
74
7
80
95
60
5
14
48
18
0
92
38
43
24
69
16
9
42
41
39
27
0
70
85
9
43
79
7
75
74
80
42
62
8
0
36
89
43
46
69
56
42
22
71
35
63
28
16
0
21
2
1
64
47
43
92
65
68
44
1
25
96
98
47
90
2
77
37
61
31
14
4
92
38
93
28
39
18
41
18
49
70
11
19
91
82
4
60
34
56
19
32
74
87
99
95
98
8
58
93
87
11
79
22
43
47
6
4
27
8
63
26
34
39
97
52
75
33
87
49
46
16
33
76
41
97
8
75
17
80
93
27
4
41
60
67
31
21
77
90
54
87
86
37
47
75
2
73
55
25
62
26
19
28
15
1
59
17
45
92
39
42
13
49
48
44
71
48
69
9
65
16
11
71
66
66
88
82
1
39
88
93
82
7
17
56
40
70
1
68
52
69
45
16
62
85
12
99
88
40
68
36
60
17
87
20
46
75
61
70
58
88
51
75
73
70
37
28
90
55
88
68
38
93
79
16
58
61
39
56
17
33
77
63
87
75
4
16
94
55
76
60
97
1
0
75
31
97
71
75
52
6
43
14
84
14
51
1
88
53
66
5
56
32
52
40
24
86
54
54
88
61
87
54
24
40
85
17
90
22
86
77
79
94
78
0
39
89
82
41
87
91
73
72
62
72
46
51
46
28
38
74
70
13
29
15
24
76
98
73
79
15
47
47
93
73
81
26
70
95
60
70
2
82
37
34
6
65
62
74
31
36
88
47
48
79
50
15
83
66
68
97
64
16
63
16
95
18
29
84
53
9
38
80
74
15
1
45
96
1
84
69
90
10
33
80
68
30
8
3
81
45
18
14
35
28
93
5
53
34
27
93
6
44
93
85
44
35
31
69
47
86
30
85
80
1
82
57
66
44
58
31
42
23
90
18
83
31
51
80
23
64
61
40
51
99
28
19
63
14
97
78
34
27
13
74
17
28
29
10
61
83
83
53
73
7
59
82
34
15
68
68
34
82
75
37
8
94
16
24
21
8
96
53
49
38
85
27
32
96
20
29
43
69
94
26
82
23
91
34
48
23
53
69
0
59
57
69
73
27
12
42
61
21
95
88
28
15
24
1
77
67
82
5
64
51
59
79
92
46
1
59
87
60
88
76
45
15
7
1
35
94
17
86
71
26
55
60
73
9
75
5
27
27
96
38
14
45
80
94
47
2
7
85
30
14
51
79
89
99
86
15
29
63
66
62
80
24
57
43
78
49
99
95
93
63
12
78
86
64
4
54
62
50
17
35
21
32
57
61
2
6
70
82
82
94
95
81
96
77
33
67
31
60
29
63
63
62
82
36
12
31
47
75
77
29
94
27
70
95
32
24
67
37
36
65
40
53
87
95
53
42
43
89
69
93
81
40
71
31
33
73
75
85
47
97
54
13
24
46
62
92
53
46
66
45
48
94
10
69
60
42
98
59
52
44
57
4
83
89
71
68
52
11
58
11
22
62
52
2
58
77
96
86
33
58
69
97
14
51
2
63
45
58
97
6
75
81
99
28
50
57
88
25
38
71
47
53
48
79
59
29
82
90
93
81
17
14
69
25
32
39
1
89
4
67
99
28
98
88
20
4
18
71
48
69
93
48
6
39
72
15
37
53
48
72
89
73
79
38
23
21
96
11
41
84
30
58
30
98
31
83
59
77
64
41
8
19
54
4
68
9
91
67
19
40
71
77
38
9
82
3
76
20
60
42
94
66
72
6
25
61
36
4
14
10
60
77
62
85
66
16
27
93
23
33
88
18
58
51
83
23
85
56
20
79
20
30
96
19
4
98
97
26
0
56
47
83
52
83
51
3
3
73
9
77
43
15
63
77
19
73
77
7
69
4
61
64
30
39
45
19
17
9
17
28
45
87
18
70
49
63
60
12
2
77
98
43
46
15
84
19
34
70
62
34
94
30
41
4
99
33
90
16
56
4
24
71
3
19
14
23
68
73
81
61
90
21
57
22
87
82
12
38
10
93
77
84
41
36
76
25
91
94
42
79
19
76
87
18
51
1
50
94
6
45
23
0
55
91
89
95
48
48
54
69
51
68
56
86
80
56
67
71
25
50
60
79
0
27
55
46
80
2
32
92
61
69
97
13
30
27
74
8
17
42
91
35
36
69
50
57
84
76
85
21
91
44
76
13
8
92
69
82
7
73
89
64
42
39
14
80
4
15
50
16
62
94
60
73
83
62
85
48
33
11
5
11
44
75
75
4
31
4
17
89
92
19
36
77
67
83
63
2
62
37
11
99
77
56
22
84
14
71
94
44
12
41
47
91
85
43
82
69
97
42
96
47
22
1
6
78
72
93
85
90
63
65
25
44
2
86
44
59
2
54
98
56
75
52
76
20
48
97
9
10
38
5
3
36
43
84
18
6
9
72
38
82
75
15
29
2
20
95
3
58
74
78
83
91
74
86
10
63
58
36
90
8
49
65
95
32
14
37
0
58
96
1
61
59
21
60
89
82
61
80
52
65
55
91
77
69
26
42
79
11
20
38
47
15
7
65
63
52
26
29
3
79
39
30
99
5
8
38
52
40
58
54
82
3
96
93
70
99
21
17
56
64
74
1
92
61
85
78
58
10
53
74
47
5
34
81
74
77
73
66
63
35
30
46
44
45
87
63
87
26
41
70
22
21
32
90
36
85
3
87
21
87
71
83
27
74
1
8
6
98
61
88
90
10
83
55
58
34
24
74
49
12
28
74
26
58
45
87
79
63
14
47
31
77
59
60
71
25
67
81
2
54
67
17
21
1
88
21
77
95
91
12
15
82
22
16
66
25
41
29
29
73
27
81
63
53
23
81
86
42
71
28
75
35
62
79
16
8
7
22
81
87
83
65
62
49
70
57
77
44
40
91
23
13
80
6
42
66
30
30
35
94
41
36
52
12
43
86
97
53
50
97
3
61
20
22
57
25
71
72
68
20
49
67
87
16
41
66
27
12
63
1
15
42
6
85
8
2
25
45
93
71
56
99
67
24
2
76
50
30
53
91
81
65
70
23
46
95
40
30
62
11
23
78
96
67
36
8
15
4
80
27
60
7
54
48
16
57
94
30
92
43
62
58
19
23
38
65
96
95
10
99
86
53
89
11
52
58
54
85
74
72
82
72
98
43
81
34
47
52
40
53
45
8
92
3
47
40
28
53
27
59
4
33
92
89
44
44
55
89
98
78
82
91
31
91
47
9
73
69
36
24
91
95
37
61
83
69
11
64
76
80
10
12
98
94
24
39
1
33
41
55
7
39
15
18
3
41
66
80
27
45
4
32
5
45
9
44
33
65
46
24
59
65
11
38
23
39
25
97
58
87
96
27
56
98
82
41
38
51
73
19
18
73
64
78
96
49
64
40
36
97
40
33
49
62
28
33
4
44
81
91
5
87
3
50
80
86
89
17
12
80
21
6
63
51
13
98
37
21
76
14
59
49
30
33
80
51
66
87
38
21
53
4
48
24
13
31
29
84
46
61
24
34
98
45
99
27
51
91
0
72
50
57
4
60
81
86
9
11
92
99
77
57
47
2
70
69
69
32
79
93
58
0
20
7
85
82
79
58
95
58
75
85
55
92
44
97
46
53
37
86
28
86
78
24
31
95
1
2
36
59
99
55
85
0
23
64
6
62
31
86
57
72
73
42
91
84
48
90
69
82
21
89
68
68
76
31
58
8
37
13
30
78
88
47
73
42
12
92
8
82
78
97
62
74
4
12
29
97
32
56
18
77
3
95
54
0
45
5
73
29
47
14
86
19
97
4
9
83
89
14
65
26
49
11
14
80
83
3
27
30
52
74
33
52
90
14
77
55
7
75
27
16
30
50
83
65
51
42
70
