overall_acc,0.7972
loss,[10.892678379516601, 6.279433790283203, 4.2263434365844725, 3.2824131458282473, 2.827300560760498, 2.6050627935028077, 2.492968507537842, 2.419730999908447, 2.3830578314208983, 2.3594973931884766, 2.352196712112427, 2.327014031524658, 2.319469495239258, 2.31744651260376, 2.307881089935303, 2.302817826538086, 2.309460428161621, 2.298376741104126, 2.2945059269714356, 2.3098813003540037, 2.3026393727111816, 2.303010020904541, 2.303260855560303, 2.3148380534362794, 2.299649027709961, 2.3206515144348145, 2.3182375750732422, 2.333692522354126, 2.331680001525879, 2.3392107842254637, 2.337278134841919, 2.356515836791992, 2.351306027984619, 2.360452918701172, 2.3669088288879396, 2.376063630447388, 2.3856821057128905, 2.3871566764831544, 2.3952032524108886, 2.411609577178955, 2.4099060122680664, 2.437687451019287, 2.4272699462890626, 2.435952578582764, 2.4459991201782225, 2.452658436126709, 2.4532484579467773, 2.4574251750946043, 2.4717348474121095, 2.4869846223449708, 2.4881777424621583, 2.4849249474334716, 2.496478034362793, 2.5025817445373537, 2.5021140956878662, 2.5145778896331787, 2.498701471328735, 2.519877773513794, 2.529066498184204, 2.5381192888641357, 2.003833092803955, 1.6233311094284057, 1.4062839895629884, 1.252098385734558, 1.1550813357543945, 1.0957953764343262, 1.0597696301841737, 1.0424710204315186, 1.0424887494468689, 1.054001219482422, 1.0548485551834106, 1.0440366550445557, 1.0630635932922363, 1.075820809211731, 1.0614558152008056, 1.0687889514923097, 1.08526807472229, 1.0783786153411865, 1.0885345288467407, 1.0861578225708008, 1.0900435403633117, 1.0863268976593017, 1.1046064471054078, 1.096858518257141, 1.109149342365265, 1.114927285861969, 1.1082923641967772, 1.1225960064315796, 1.1136404878234862, 1.105970862979889, 1.12388379737854, 1.1154084885787965, 1.1282861348342896, 1.1193160055541993, 1.1292529698562621, 1.134886201286316, 1.1382945551681518, 1.1447460707092285, 1.1505929543113709, 1.1365349353027343, 1.1438103713989258, 1.1493675931549072, 1.1569596807098388, 1.1447497959136963, 1.1614375882339478, 1.1463747480773925, 1.1557393109512328, 1.1624480622863769, 1.184786468887329, 1.1627711838912964, 1.1752603916931152, 1.1566867272186279, 1.1691105085754394, 1.1823425108718872, 1.1689165119552611, 1.16805820602417, 1.1684613024520873, 1.1706249467086791, 1.1813144498443604, 1.1849579232406615, 1.042001884803772, 0.9598807559967041, 0.9242633263015747, 0.8931208382225037, 0.8646509582519532, 0.8375861731338501, 0.8112026188087463, 0.7861272542381287, 0.762041666507721, 0.7388736289787292, 0.7162129999732971, 0.6942735058021545, 0.6728113061141968, 0.6525443368530274, 0.6327151119041443, 0.6135941921043396, 0.5947577319335937, 0.5769730225372315, 0.5596328098869324, 0.5427722395515442, 0.5260116987609863, 0.5103099688148498, 0.4949801527500153, 0.47983044776916506, 0.46526258026123046, 0.45151518156051634, 0.4380636663722992, 0.4247038410663605, 0.4118796895313263, 0.39960410431861876, 0.3877755605506897, 0.37601025975227353, 0.3651278294944763, 0.35392675944328306, 0.3434194425392151, 0.33319141525268553, 0.3233465631484985, 0.3140005256175995, 0.30429655234336855, 0.2951675511264801, 0.2897487692737579, 0.28784925456047056, 0.28624305510520937, 0.2842303127384186, 0.2826415880012512, 0.28085684517860415, 0.2791565249919891, 0.27751104446411134, 0.27570588228225706, 0.2740771168613434, 0.2724151261997223, 0.27069906682014466, 0.2690522451210022, 0.26749225076675415, 0.26586145412445067, 0.2641951997756958, 0.2626089928150177, 0.2610635004615784, 0.259509777135849, 0.2578808622646332, 0.2563709047031403, 0.2548387321472168, 0.2532382046318054, 0.2516959248638153, 0.2502688311958313, 0.24870870760440827, 0.24726651360988616, 0.24573513838768005, 0.24423574924945832, 0.24279909529209137, 0.24130758731365204, 0.23987974947929383, 0.23850076078891755, 0.2369829225730896, 0.23557556316375733, 0.23414546506404876, 0.23278292078971863, 0.2313476033782959, 0.22996305778503418, 0.22852576591968538]
0,1.0
1,0.9354838709677419
2,0.8260869565217391
3,0.7586206896551724
4,0.6451612903225806
5,0.7916666666666666
6,0.782608695652174
7,0.8846153846153846
8,1.0
9,0.9473684210526315
10,0.45
11,0.5714285714285714
12,0.85
13,0.6521739130434783
14,0.7777777777777778
15,0.9166666666666666
16,0.9230769230769231
17,0.9047619047619048
18,0.6764705882352942
19,0.8
20,0.8888888888888888
21,0.9473684210526315
22,0.9411764705882353
23,0.8461538461538461
24,0.7391304347826086
25,0.625
26,0.7083333333333334
27,0.75
28,0.84
29,0.7586206896551724
30,0.8148148148148148
31,0.72
32,0.7727272727272727
33,0.6896551724137931
34,0.8
35,0.5909090909090909
36,0.8571428571428571
37,0.7894736842105263
38,0.7692307692307693
39,0.9565217391304348
40,0.6785714285714286
41,1.0
42,0.8260869565217391
43,0.8695652173913043
44,0.6086956521739131
45,0.6842105263157895
46,0.4090909090909091
47,0.782608695652174
48,1.0
49,0.8235294117647058
50,0.6363636363636364
51,0.7619047619047619
52,0.7
53,0.9310344827586207
54,0.9545454545454546
55,0.6190476190476191
56,0.8636363636363636
57,0.6428571428571429
58,0.8857142857142857
59,0.7083333333333334
60,0.8518518518518519
61,0.8620689655172413
62,0.8076923076923077
63,0.7916666666666666
64,0.6842105263157895
65,0.7272727272727273
66,0.8076923076923077
67,0.782608695652174
68,0.9523809523809523
69,0.9
70,0.9
71,0.8571428571428571
72,0.5
73,0.65625
74,0.5757575757575758
75,0.9642857142857143
76,0.9047619047619048
77,0.7352941176470589
78,0.6842105263157895
79,0.7857142857142857
80,0.7586206896551724
81,0.9047619047619048
82,0.918918918918919
83,0.8333333333333334
84,0.9259259259259259
85,0.9666666666666667
86,0.8214285714285714
87,0.9
88,0.9047619047619048
89,0.9285714285714286
90,0.875
91,0.8717948717948718
92,0.72
93,0.8095238095238095
94,0.8695652173913043
95,0.7241379310344828
96,0.6521739130434783
97,0.8333333333333334
98,0.6153846153846154
99,0.8695652173913043
16
7
91
43
14
92
6
89
13
85
47
74
81
63
59
61
78
18
53
17
27
43
10
54
25
79
68
31
69
64
83
41
23
11
96
20
87
90
52
26
83
67
20
20
7
83
27
45
68
93
86
12
60
73
99
18
62
80
26
58
88
32
88
19
34
23
19
48
91
48
58
16
63
75
71
4
32
15
98
32
14
87
38
12
8
45
92
31
92
61
89
62
78
83
45
85
28
37
54
30
95
7
59
24
94
7
94
94
11
42
65
52
40
42
55
80
82
11
75
93
74
42
5
85
30
74
22
95
81
92
27
52
18
18
62
65
69
84
0
80
48
67
62
89
53
67
37
19
8
68
97
3
83
70
83
0
86
51
58
27
89
90
81
61
41
77
52
66
68
80
4
46
65
66
35
50
88
14
75
53
3
5
35
82
7
87
61
7
91
1
5
17
72
41
94
33
67
8
39
23
7
31
63
71
67
45
84
35
74
33
77
65
50
55
51
85
36
3
41
47
54
87
37
75
27
71
14
0
9
44
57
83
45
22
52
63
89
61
85
39
7
25
98
77
70
70
49
70
87
89
41
65
97
36
83
82
77
11
7
93
80
2
9
91
40
36
32
91
99
73
76
83
42
62
90
50
82
24
38
16
28
39
7
63
10
51
96
51
29
66
83
30
84
44
5
91
53
74
72
15
15
44
5
66
16
55
48
95
63
64
77
3
13
18
92
55
13
74
29
91
91
61
75
58
71
70
98
52
94
89
90
56
57
43
60
89
30
59
78
6
80
80
54
99
60
76
54
18
48
26
9
81
85
32
63
43
91
87
44
26
99
70
8
90
65
80
90
17
39
53
66
48
5
88
32
34
87
37
41
91
16
27
33
16
89
5
76
83
74
85
24
55
32
76
45
5
52
46
72
40
58
84
54
91
63
46
66
41
79
53
23
14
15
86
75
45
6
22
33
76
52
41
90
22
34
45
48
7
30
11
1
23
3
22
5
80
93
27
39
79
92
53
54
63
18
84
22
8
59
8
88
62
29
30
73
2
33
39
63
61
45
83
58
73
18
84
4
5
53
18
23
29
85
34
64
16
16
99
95
45
97
0
10
11
44
86
54
29
85
82
91
82
17
23
85
12
26
54
28
58
79
1
4
99
57
3
33
23
91
73
1
1
11
1
19
88
11
29
56
0
54
61
20
10
17
53
89
18
81
6
96
41
26
26
25
60
22
1
74
47
24
18
75
17
7
0
87
26
73
14
56
39
12
54
21
79
8
43
39
51
40
53
98
4
31
8
57
33
18
35
6
94
35
16
22
16
64
57
2
38
88
97
58
27
36
13
91
84
9
85
9
65
85
70
59
7
36
59
79
70
34
97
16
49
18
55
70
64
38
34
61
69
37
96
24
3
78
75
74
35
1
84
22
86
55
91
13
90
68
60
84
0
34
70
32
92
14
96
35
86
3
89
44
15
66
35
50
12
41
31
34
93
84
26
74
44
50
57
54
11
73
44
66
60
79
58
82
67
98
89
28
55
95
76
60
76
91
37
2
4
62
43
91
48
27
44
42
34
53
3
28
8
40
44
33
61
60
73
61
2
63
63
49
92
92
6
57
87
18
20
3
0
85
75
33
23
66
95
81
58
73
60
21
62
19
87
47
79
90
75
73
15
41
39
99
85
94
45
91
36
77
65
75
62
94
61
36
38
12
1
0
30
84
98
29
7
18
48
87
91
84
63
62
31
40
59
30
61
86
96
96
65
20
14
28
75
2
81
61
44
79
5
33
56
81
15
84
69
30
6
68
70
81
74
7
21
55
60
5
14
48
83
0
70
38
43
24
69
16
9
42
41
39
27
0
70
85
9
43
79
77
75
74
80
42
62
8
0
36
89
43
46
69
56
42
91
71
35
72
99
16
0
21
2
1
27
47
43
92
65
68
44
1
25
96
98
47
90
2
28
37
61
31
14
4
92
38
93
28
39
18
41
44
49
1
11
19
91
82
4
60
34
56
19
32
74
86
99
49
98
8
58
93
87
35
79
35
43
47
82
4
33
8
63
26
34
39
97
52
75
33
87
49
46
16
33
76
41
97
8
75
17
55
93
27
4
41
60
30
65
21
53
90
54
87
86
37
47
66
2
73
55
25
62
26
19
28
15
9
47
17
45
92
39
42
58
49
48
44
71
48
69
9
65
22
46
71
66
66
84
82
1
39
88
93
82
7
17
56
40
70
1
68
52
69
45
16
6
85
12
99
88
40
68
36
49
17
94
25
46
75
61
70
58
88
51
75
73
70
37
28
90
55
88
68
38
95
6
16
58
61
39
56
17
33
77
63
87
75
4
16
94
55
76
60
97
1
0
75
31
27
71
75
52
6
43
14
84
14
80
1
88
53
66
5
56
32
52
40
24
86
54
54
88
61
87
54
7
10
85
17
90
22
86
77
79
76
45
0
39
89
82
41
87
91
73
4
62
55
98
10
46
28
38
9
70
13
7
15
26
76
98
73
67
15
47
47
93
67
13
26
70
95
60
70
11
82
66
34
6
65
62
74
17
36
88
52
48
79
51
55
57
66
68
74
64
16
61
16
84
18
29
84
53
9
38
43
74
15
1
51
72
1
84
69
81
10
33
80
68
30
8
3
81
26
18
20
35
28
74
5
53
34
27
93
18
44
93
85
91
35
31
69
47
9
95
85
80
1
82
14
66
44
58
31
42
23
90
18
83
31
51
80
23
64
61
40
51
99
28
19
63
26
97
78
34
27
13
74
17
28
29
10
22
83
83
53
73
7
52
82
34
15
68
68
34
82
75
37
8
94
16
24
21
8
96
53
49
38
85
27
32
96
20
29
43
69
5
26
82
60
91
34
48
71
53
25
0
59
83
69
73
27
12
42
61
21
72
88
28
15
24
1
77
67
82
5
64
51
59
79
70
46
1
59
87
60
88
76
45
15
7
1
35
94
79
25
71
26
72
60
73
9
75
5
55
14
32
65
33
66
80
90
47
2
77
85
30
92
51
79
89
99
86
15
29
63
66
62
80
24
57
43
78
49
99
95
93
80
71
78
86
64
24
15
62
65
37
98
21
32
57
61
2
6
70
82
82
94
95
81
96
77
49
67
31
60
99
90
63
62
82
36
12
31
47
75
77
29
94
27
54
95
32
38
67
37
2
65
40
53
87
95
53
42
43
89
69
93
81
84
71
31
33
91
75
85
47
97
62
13
33
46
92
92
53
46
66
45
48
94
10
69
60
42
35
59
47
44
57
4
83
89
71
68
52
46
58
11
22
62
52
2
58
77
96
86
33
58
69
97
14
51
2
63
26
58
42
6
75
81
99
28
50
57
88
25
38
71
47
53
48
79
59
29
82
90
93
81
17
14
69
25
32
39
14
89
4
67
99
28
98
88
20
42
18
60
48
69
18
41
6
39
19
15
37
78
48
98
89
67
77
38
23
21
96
11
84
84
30
58
30
46
15
83
59
77
74
41
8
19
54
4
68
57
91
67
3
40
71
57
38
9
82
3
76
20
60
42
94
66
72
14
25
61
36
4
14
26
60
77
62
85
79
16
67
93
23
33
88
18
58
0
83
23
85
56
20
7
20
30
47
19
55
35
18
26
0
56
47
83
59
83
51
46
3
23
9
77
43
15
72
77
19
73
77
7
12
4
61
50
30
39
33
19
51
9
17
28
45
21
12
70
49
63
60
12
2
77
98
3
46
15
84
19
27
70
62
34
94
30
35
42
99
96
90
16
47
4
24
71
3
19
14
23
68
45
81
61
90
21
57
22
87
82
12
38
10
93
77
84
41
64
76
25
91
94
42
79
19
76
87
18
51
1
50
94
6
45
23
0
55
91
89
95
48
45
54
69
83
68
56
86
80
51
67
71
25
50
60
79
0
44
55
46
80
2
32
92
10
69
97
13
30
27
74
8
17
42
91
35
36
69
50
57
84
95
85
21
91
44
76
13
8
92
69
82
7
73
89
64
42
39
45
80
32
15
50
16
62
94
60
91
83
62
85
48
33
11
5
2
55
75
75
6
31
72
17
89
92
19
36
77
67
83
63
2
92
37
11
99
77
56
22
84
14
71
94
44
37
41
52
91
85
43
82
69
97
42
96
47
22
1
6
78
4
93
85
12
64
65
25
44
2
86
93
59
2
54
11
56
75
52
76
20
48
97
9
78
38
5
3
35
43
84
18
6
9
72
38
6
75
15
29
35
20
95
3
90
74
26
83
91
74
86
86
63
58
36
90
8
49
65
61
61
14
81
0
58
96
1
61
59
21
60
89
82
61
80
52
65
55
32
77
69
99
42
79
11
20
38
47
15
7
65
63
96
26
29
3
79
39
30
99
5
8
65
52
40
58
54
82
3
82
93
70
99
21
17
56
64
74
1
92
10
85
78
58
10
53
74
47
5
34
81
64
77
67
66
63
45
93
46
66
45
87
63
87
26
41
70
22
21
32
90
36
85
3
87
21
87
71
83
27
74
1
8
93
98
61
88
90
10
83
42
89
80
24
74
49
12
28
42
78
58
45
87
79
67
14
47
31
77
52
49
71
25
67
81
2
54
67
17
21
1
88
21
77
95
91
12
15
82
22
16
66
25
41
34
29
73
27
81
63
53
23
81
86
78
71
28
75
35
26
79
16
8
7
22
13
87
83
65
62
49
70
57
77
63
40
91
23
13
80
6
42
97
30
55
35
94
41
36
52
12
43
86
97
53
50
97
4
61
20
22
57
25
71
95
68
20
49
67
87
16
41
66
44
87
54
1
15
42
6
85
8
2
5
45
85
71
56
99
67
27
2
76
50
30
53
91
81
65
92
23
11
95
40
71
62
11
23
78
96
67
50
8
15
4
80
42
60
7
54
48
16
57
94
30
92
43
62
58
19
23
38
40
33
95
10
99
86
53
89
11
52
58
54
85
74
64
82
72
69
43
37
34
47
47
40
53
45
8
83
3
90
40
28
53
27
59
4
33
92
89
44
79
55
89
98
78
82
91
31
91
47
9
73
69
36
32
91
95
37
61
83
69
11
3
76
65
82
90
98
94
24
39
1
33
41
45
7
39
15
78
3
41
66
80
27
45
55
32
5
45
9
93
33
9
35
24
47
65
11
38
23
39
25
97
74
25
47
29
56
98
82
41
38
51
7
19
18
95
64
78
96
49
64
40
36
97
40
44
49
62
10
56
4
79
81
91
5
87
3
50
80
86
89
17
12
80
87
24
32
40
13
98
37
21
76
14
59
12
30
33
43
51
66
87
38
63
53
4
48
24
13
31
29
84
46
61
24
34
98
45
99
27
51
91
0
72
50
57
63
60
90
86
9
46
92
99
77
57
47
2
70
69
69
32
79
93
58
0
20
7
85
82
79
58
95
58
4
85
55
70
29
97
98
53
37
73
28
86
50
24
34
95
1
2
36
59
99
55
85
0
23
64
8
62
31
86
57
72
73
38
91
84
85
90
69
82
21
89
68
68
76
31
58
8
89
13
30
78
88
33
99
42
12
92
8
82
78
97
92
74
4
69
29
97
77
56
18
77
3
95
54
53
45
16
73
29
79
14
86
19
97
4
9
57
89
14
25
26
49
11
14
80
83
3
27
30
52
74
29
52
90
14
77
4
7
75
27
16
30
90
83
14
51
42
70
