overall_acc,0.7832
loss,[10.87354153717041, 6.245916130828857, 4.2091619387817385, 3.2716750662231444, 2.8341695174407957, 2.5980774697875977, 2.4932973139190673, 2.428341138305664, 2.3843132443237303, 2.362109533996582, 2.3379136240005494, 2.330307755584717, 2.338865399246216, 2.308455500946045, 2.3085819804763794, 2.312348057594299, 2.310983392906189, 2.3089888090515136, 2.3038389219665527, 2.299268278961182, 2.301108565750122, 2.296250789642334, 2.314409652328491, 2.3120901487731933, 2.3073238863372802, 2.3306334963989257, 2.3324876731872557, 2.325548048400879, 2.335423517990112, 2.346713393859863, 2.3544534602355958, 2.354855713195801, 2.3587807065582274, 2.3754273970031736, 2.3759702808380125, 2.399523192443848, 2.388455569458008, 2.4020896829986573, 2.4093492121887206, 2.4173501764678953, 2.434093860244751, 2.4393593760681154, 2.451177366027832, 2.445835721054077, 2.4579484690856934, 2.462158358001709, 2.4858396961212157, 2.4903170085144044, 2.4907510683059693, 2.5026317697143554, 2.508447628173828, 2.5133838139343263, 2.5266507348632814, 2.5231912996673582, 2.5274942178344726, 2.5299705699920656, 2.53968581237793, 2.542693410644531, 2.54688734954834, 2.5520279209899903, 2.0338299909210207, 1.644761402015686, 1.4254196293640136, 1.2689938594436645, 1.164888342590332, 1.111033310470581, 1.0809939956855774, 1.073981957244873, 1.062384352245331, 1.069274931716919, 1.0613099186897277, 1.0767360389709473, 1.0768403107070923, 1.090856616821289, 1.077468200893402, 1.087699906463623, 1.1033525131225586, 1.0845241114044188, 1.0871334399986268, 1.0964831369781494, 1.0998081268882751, 1.095908341407776, 1.1204486332321166, 1.1141288008499146, 1.119417456855774, 1.133027438735962, 1.1304849212265016, 1.1273080767059327, 1.1327748657989503, 1.130057645263672, 1.1240242447662354, 1.1398001322937013, 1.1455212002182007, 1.1582575457000732, 1.161964883995056, 1.1478676137161254, 1.1441925762557983, 1.1555101097106935, 1.1628360675048828, 1.1657638989257813, 1.163995885772705, 1.1615745216751099, 1.1625587686920167, 1.1757221593856813, 1.173104298171997, 1.1788389126968384, 1.1733772770690918, 1.1707481643295288, 1.1783815148162842, 1.1865341583251954, 1.1812008676528931, 1.1777093627548219, 1.1729622608947754, 1.1831984535217286, 1.1926656772613526, 1.1897464933395385, 1.1856000844192505, 1.2008431182479857, 1.1884912878799438, 1.1846188282775878, 1.0522305303955077, 0.9685318915748596, 0.9312616473770141, 0.8998257946014404, 0.8704870032310486, 0.8428051316452027, 0.8166527807426452, 0.7915578653717041, 0.7671485501289368, 0.7441402627182007, 0.7207391235923767, 0.6990265502548217, 0.6778665410423279, 0.6570102334594726, 0.6370344476127624, 0.6177207384681702, 0.5989646012306213, 0.5808425368690491, 0.5633070286750793, 0.5462167482757568, 0.5294158106994629, 0.5136683473587036, 0.4980899203109741, 0.4831501580142975, 0.4687412517547607, 0.45454967922210693, 0.44097701106071474, 0.4279636428833008, 0.4147694538974762, 0.40243179965019227, 0.39024105699539186, 0.37858335872650145, 0.36716876599311826, 0.3562022254371643, 0.34557517145156863, 0.3351663609313965, 0.32510286833763125, 0.31616438649177553, 0.30675347970962524, 0.2981408677005768, 0.2920645025730133, 0.2901822531414032, 0.28834408915519716, 0.28650714510917663, 0.28482696559906007, 0.2830820031929016, 0.28127739380836486, 0.27959360902786257, 0.2778498189163208, 0.27611613241195676, 0.2744919522953033, 0.2728112241268158, 0.2712203565788269, 0.2695209255218506, 0.2679184746265411, 0.26629304216384886, 0.2646716826915741, 0.2630668895435333, 0.261479770526886, 0.25986826605796814, 0.2582741034126282, 0.25671228531837464, 0.25518680188179016, 0.2536901503562927, 0.2521527704906464, 0.25063313759803774, 0.2491321761083603, 0.24754538405418397, 0.24609576024532318, 0.24464965009212494, 0.2431571649503708, 0.24166633330345152, 0.2402402142572403, 0.23873007828712464, 0.23732972939491273, 0.23589703094482423, 0.23448400738716124, 0.23305287999153138, 0.23168302391052245, 0.23030150431156157]
0,1.0
1,0.9032258064516129
2,0.7391304347826086
3,0.8275862068965517
4,0.8387096774193549
5,0.7083333333333334
6,0.9130434782608695
7,0.8076923076923077
8,0.9615384615384616
9,1.0
10,0.4
11,0.42857142857142855
12,0.75
13,0.6086956521739131
14,0.7407407407407407
15,0.9166666666666666
16,0.8846153846153846
17,0.8571428571428571
18,0.6764705882352942
19,0.8
20,0.8333333333333334
21,0.8947368421052632
22,1.0
23,0.7307692307692307
24,0.8260869565217391
25,0.7083333333333334
26,0.7916666666666666
27,0.7083333333333334
28,0.8
29,0.6551724137931034
30,0.8148148148148148
31,0.6
32,0.6818181818181818
33,0.6551724137931034
34,0.8
35,0.45454545454545453
36,0.8571428571428571
37,0.7368421052631579
38,0.8461538461538461
39,1.0
40,0.75
41,0.9090909090909091
42,0.8695652173913043
43,0.8260869565217391
44,0.5217391304347826
45,0.6578947368421053
46,0.5454545454545454
47,0.6956521739130435
48,1.0
49,0.8235294117647058
50,0.7272727272727273
51,0.6190476190476191
52,0.75
53,0.896551724137931
54,0.9545454545454546
55,0.7142857142857143
56,0.7727272727272727
57,0.6785714285714286
58,0.9142857142857143
59,0.7083333333333334
60,0.8518518518518519
61,0.896551724137931
62,0.8076923076923077
63,0.7083333333333334
64,0.6842105263157895
65,0.7272727272727273
66,0.8461538461538461
67,0.7391304347826086
68,0.9523809523809523
69,0.9
70,0.8
71,0.9047619047619048
72,0.4090909090909091
73,0.65625
74,0.6060606060606061
75,0.9285714285714286
76,0.9047619047619048
77,0.7352941176470589
78,0.7368421052631579
79,0.8571428571428571
80,0.6896551724137931
81,0.9047619047619048
82,0.918918918918919
83,0.7666666666666667
84,0.8888888888888888
85,0.9666666666666667
86,0.7857142857142857
87,0.8333333333333334
88,0.9047619047619048
89,0.8928571428571429
90,0.8333333333333334
91,0.8717948717948718
92,0.68
93,0.7619047619047619
94,0.9130434782608695
95,0.6551724137931034
96,0.5217391304347826
97,0.75
98,0.6538461538461539
99,0.9130434782608695
16
7
91
43
14
92
6
89
13
85
47
27
81
63
59
10
78
18
53
17
27
43
10
54
25
79
68
21
69
64
10
41
23
21
47
20
87
90
52
26
83
67
20
20
7
83
27
45
68
93
86
12
60
45
99
18
70
46
29
58
88
3
88
19
3
71
19
48
73
48
58
16
63
75
71
4
32
15
98
32
14
87
38
33
8
45
92
31
62
61
89
92
78
83
26
85
28
37
54
30
95
7
59
24
94
7
94
94
11
42
65
52
40
38
55
80
82
46
75
93
74
34
5
85
30
74
22
95
81
92
44
52
51
44
62
65
69
84
0
43
48
67
62
89
53
67
85
19
8
68
72
3
83
62
39
0
95
51
58
19
90
90
81
61
41
55
52
66
68
80
4
46
25
74
35
50
88
14
75
53
3
5
98
82
7
86
61
7
91
1
5
37
72
41
94
33
67
12
39
23
16
31
63
71
67
64
84
35
74
33
77
65
50
55
40
60
36
3
41
96
54
81
37
75
21
71
14
0
9
78
57
83
45
61
59
63
89
22
85
39
7
25
98
24
70
70
49
70
87
89
41
79
97
36
83
82
80
46
7
26
80
2
9
78
40
36
72
91
99
73
79
83
42
62
90
50
82
24
65
16
40
39
7
63
10
51
96
38
29
66
53
30
84
26
5
91
53
74
72
15
15
44
25
66
16
55
48
73
63
64
77
3
13
18
92
55
13
73
29
91
91
61
75
58
71
54
98
52
94
89
90
56
57
43
60
90
30
96
78
6
80
80
54
83
60
76
61
73
14
26
9
81
85
32
63
43
30
87
44
44
99
70
8
90
65
80
41
17
39
53
66
48
20
88
12
3
98
37
50
91
16
27
33
16
89
84
76
83
74
85
24
72
32
76
7
2
52
46
21
40
58
84
6
91
38
46
66
41
79
0
23
14
15
86
75
45
6
22
33
76
52
81
49
22
34
45
48
7
91
2
1
23
3
22
5
80
93
27
39
69
92
53
54
3
18
84
12
8
59
8
88
62
29
73
73
2
33
39
4
22
45
83
58
73
18
84
4
5
2
18
23
29
85
34
64
16
16
99
95
45
97
0
72
93
44
86
54
44
85
82
91
82
17
4
85
12
26
54
28
58
79
1
4
44
16
3
33
23
91
73
1
1
46
1
19
88
11
29
56
0
54
61
20
37
17
53
89
18
81
6
96
41
26
26
25
60
22
93
4
47
24
90
75
17
7
0
87
26
73
14
56
77
12
54
21
79
8
43
39
51
40
53
98
4
31
8
57
33
26
35
6
94
87
65
22
16
90
57
2
38
88
72
58
26
36
13
91
84
9
89
9
65
85
70
59
90
2
59
79
70
34
97
16
49
18
55
70
64
38
34
61
69
37
66
24
3
78
51
33
35
1
84
22
86
4
91
13
90
68
60
84
0
34
70
32
92
18
52
35
86
3
89
7
15
66
35
50
12
41
31
5
93
84
26
74
72
50
57
54
11
73
44
66
60
26
58
82
67
98
89
28
55
95
76
60
76
91
37
2
3
62
43
91
48
27
44
42
34
53
3
28
8
78
44
47
61
60
73
61
93
63
63
49
92
92
6
57
68
18
20
55
0
85
75
18
23
65
95
81
58
73
60
21
6
19
87
47
79
90
75
27
15
41
39
99
46
94
45
91
36
77
3
75
62
94
61
50
38
12
1
0
30
84
98
29
7
18
48
87
91
84
4
62
31
40
55
30
61
86
96
96
98
25
14
28
75
2
81
61
73
79
5
79
56
81
15
84
69
30
6
68
70
81
74
7
14
55
60
5
14
48
18
0
70
38
4
24
69
16
9
42
41
39
27
0
70
85
9
43
79
77
75
74
80
42
62
8
0
36
89
4
46
69
63
42
22
71
98
72
40
16
0
21
2
1
64
47
43
92
65
68
44
1
25
96
46
47
90
98
77
37
61
31
14
4
92
38
93
28
39
18
41
67
49
70
11
19
91
82
4
60
34
56
19
32
74
16
99
49
98
8
58
93
87
11
7
35
43
52
6
4
27
8
63
26
34
39
97
96
75
33
87
49
46
16
33
76
41
97
8
75
17
63
93
74
4
41
60
30
65
21
14
90
54
87
86
37
47
75
2
73
55
25
62
26
19
28
15
14
52
69
45
92
39
42
58
49
48
44
71
48
69
9
26
16
46
71
66
66
88
82
1
39
88
93
82
14
17
56
40
70
1
68
52
76
45
16
6
85
12
99
88
40
68
36
60
17
87
25
46
75
61
70
58
88
51
75
73
54
37
28
90
55
88
68
38
95
6
16
58
61
39
56
17
33
77
50
87
63
4
16
94
55
76
60
97
1
0
75
31
72
71
75
47
6
43
14
84
14
39
1
88
53
66
5
56
32
52
40
24
86
54
54
88
61
87
54
24
22
85
17
90
22
86
77
79
76
18
0
39
89
82
41
87
91
73
4
62
3
98
51
46
28
38
74
70
13
7
15
24
76
98
42
79
15
47
47
93
73
81
26
70
95
60
70
2
82
66
34
6
65
62
74
17
36
88
47
48
79
44
55
83
66
68
97
64
16
10
16
84
18
29
63
83
9
38
4
74
15
1
93
4
1
84
69
81
10
33
80
68
30
8
3
81
26
99
14
35
28
55
5
53
34
27
67
18
44
93
85
91
35
21
69
47
57
95
85
80
1
82
45
66
77
58
31
42
23
90
45
83
21
51
80
23
64
61
40
51
99
28
19
63
93
97
78
34
91
13
74
17
28
29
10
61
83
83
53
73
7
59
82
34
15
68
68
34
82
75
37
8
94
16
24
21
8
96
53
49
38
85
55
32
96
20
29
43
69
94
26
92
60
91
34
48
71
53
5
0
59
57
69
73
27
12
42
61
21
95
88
28
15
24
1
77
67
82
5
64
51
52
79
70
46
1
59
87
60
39
76
45
15
6
1
35
94
42
16
71
26
55
60
73
9
75
5
55
44
96
65
56
45
80
87
47
2
7
85
30
83
51
79
89
99
86
15
29
63
66
62
80
24
57
43
78
49
99
95
93
55
71
51
86
64
4
15
62
50
37
35
21
32
57
61
11
6
1
82
82
94
95
81
96
77
33
67
31
60
79
74
63
62
82
36
60
31
96
75
77
29
94
27
70
95
32
38
32
37
36
36
40
53
87
95
53
42
43
89
69
93
81
40
71
31
33
91
75
85
47
97
70
13
42
46
62
92
53
46
66
45
48
94
10
69
60
42
35
59
47
44
57
4
83
89
71
12
96
11
58
98
22
62
52
2
58
77
96
86
33
58
69
97
14
51
2
63
45
58
42
6
75
81
99
28
50
57
88
25
38
71
47
53
48
79
59
29
82
90
93
81
17
14
69
25
32
39
10
89
4
67
99
28
98
88
20
3
18
60
48
69
18
65
6
39
73
15
37
78
48
15
89
67
77
38
23
21
96
11
16
84
30
58
30
98
72
45
59
77
64
41
41
19
54
4
68
9
91
67
3
40
71
77
38
9
82
3
76
20
60
42
94
66
72
6
25
61
36
4
88
72
60
77
62
85
66
90
67
93
23
33
88
18
58
0
83
23
85
56
20
18
20
30
56
19
38
98
67
26
0
56
47
83
52
10
29
3
3
30
9
77
43
15
72
77
19
73
77
24
90
4
61
50
30
39
45
19
17
9
17
28
45
65
12
41
49
63
71
12
2
77
98
3
46
15
84
19
66
70
62
34
94
73
11
4
99
33
90
16
47
4
24
71
3
19
14
23
68
45
81
61
90
21
57
22
87
82
12
38
10
93
77
84
41
64
76
25
91
94
42
79
19
76
87
18
51
1
50
94
6
45
23
0
55
91
89
95
48
45
54
69
51
68
56
65
80
37
67
71
25
50
60
79
0
95
55
46
72
2
32
83
61
69
97
13
30
27
74
8
17
42
91
46
4
69
50
57
84
13
89
21
91
79
76
13
8
92
69
82
7
73
89
74
42
39
26
80
4
15
50
16
70
94
60
75
83
62
85
48
59
11
5
11
18
75
75
4
31
72
17
89
92
19
36
22
67
83
63
2
92
37
11
99
77
56
22
84
14
71
94
44
12
41
52
91
85
43
82
40
80
42
96
47
22
1
11
78
72
93
85
51
63
65
25
44
2
86
44
59
2
54
98
56
75
52
76
20
48
97
9
10
38
94
3
36
43
84
18
6
9
72
38
6
75
15
29
2
25
95
3
58
74
14
83
91
74
86
10
74
58
36
90
8
1
65
40
1
14
90
0
58
96
1
61
59
21
60
89
82
61
80
52
65
55
32
77
69
26
42
79
46
20
38
52
15
79
65
63
52
26
29
3
79
39
30
99
5
8
38
52
40
58
54
82
3
96
93
70
99
21
17
56
64
74
1
92
61
85
78
58
10
53
74
47
5
34
81
64
77
67
66
27
35
30
46
44
45
87
65
87
26
41
70
22
21
32
90
36
85
57
87
21
87
71
83
27
74
1
8
93
98
61
88
35
10
83
55
85
34
24
74
49
76
28
3
78
58
45
87
79
67
14
47
3
77
59
49
71
25
67
81
2
54
67
17
21
1
88
21
77
95
91
12
15
82
22
16
66
5
44
29
31
73
27
81
63
53
23
81
86
78
71
28
75
46
62
79
16
8
77
22
81
87
44
65
62
49
70
57
63
66
40
91
23
13
80
6
42
15
30
67
35
94
41
36
52
12
43
86
97
53
50
97
95
61
20
22
57
25
71
72
68
20
49
67
87
16
41
66
72
87
54
1
15
42
6
85
48
2
5
45
85
71
56
99
67
14
2
76
50
30
53
91
81
65
62
60
11
72
40
30
62
11
23
78
96
67
50
8
15
4
80
27
60
7
54
48
16
57
94
30
92
43
92
58
19
23
38
40
47
95
48
99
86
53
89
11
52
58
54
85
74
66
82
72
32
43
81
34
47
52
40
53
45
8
83
3
90
40
28
53
27
59
4
33
92
89
44
12
55
89
98
78
82
91
31
91
47
9
73
69
36
26
91
95
37
61
70
69
11
15
76
84
82
90
98
94
24
39
1
33
90
55
7
39
15
99
3
41
66
80
27
45
55
32
5
45
9
44
33
65
11
24
37
65
46
38
23
39
25
97
58
25
47
93
56
98
82
41
38
51
79
34
18
95
64
78
96
49
64
40
36
97
40
45
49
62
10
49
4
54
81
91
5
87
3
50
72
86
89
17
12
80
21
6
32
40
13
98
37
21
76
14
59
49
30
33
80
51
66
87
38
63
53
4
48
24
13
31
29
84
46
61
24
34
98
45
99
27
51
91
0
72
50
57
4
60
90
86
9
46
92
99
77
57
14
2
70
69
69
91
79
93
58
0
20
7
48
82
79
58
72
58
4
85
55
70
44
97
35
53
37
73
28
86
50
24
34
95
1
2
36
59
99
55
85
0
23
64
82
62
31
86
57
72
73
42
91
84
85
90
69
82
21
89
68
68
76
31
58
8
81
13
95
78
78
96
99
42
12
92
8
82
78
97
45
4
4
12
29
72
67
56
18
6
72
95
54
0
45
5
73
29
47
79
86
19
97
4
9
57
89
18
58
26
49
11
14
80
83
3
27
30
52
74
29
75
90
14
77
72
7
75
27
16
30
55
83
65
51
42
70
