overall_acc,0.79
loss,[10.884051050720215, 6.2539394982910155, 4.1932674281311035, 3.2602611407470703, 2.814475668640137, 2.598764512939453, 2.4898059867858886, 2.4216577169799804, 2.3883491847991944, 2.3448971338653566, 2.3355216660308837, 2.3300811878204346, 2.318923345375061, 2.311101982078552, 2.3055907361602785, 2.3040893650817873, 2.3068403133392335, 2.2986142219543457, 2.296112048110962, 2.302519645881653, 2.2995520747756957, 2.293367458610535, 2.3090105629730227, 2.312677179298401, 2.30871174697876, 2.3114389187240603, 2.31384124710083, 2.3275478608322144, 2.3200112995910644, 2.3420526832580566, 2.3612079123687746, 2.349796519317627, 2.362464374809265, 2.3626398600006104, 2.369789545135498, 2.387770092010498, 2.4011446507644654, 2.4005916535949705, 2.4229926068878176, 2.424805861968994, 2.43572863822937, 2.4389808779144286, 2.4549670246124267, 2.4596653211975097, 2.4672427003479003, 2.47555296043396, 2.485204147567749, 2.499923755607605, 2.488845564651489, 2.510584867706299, 2.521340878829956, 2.5124295558166505, 2.5166374989700317, 2.5391379135894776, 2.5360778401184083, 2.5454189071655273, 2.5404624028015137, 2.5463176733398436, 2.5477205590820313, 2.5590319883728028, 2.024789904212952, 1.6391338584518433, 1.4191684622192382, 1.2618656982421874, 1.153593994140625, 1.099453483695984, 1.0707448611450194, 1.056746382637024, 1.0553260491371155, 1.053393604927063, 1.062991130180359, 1.0620067323684692, 1.067112127494812, 1.0654607941436767, 1.0803795034980774, 1.0693962652397155, 1.0780919962692261, 1.0853459948348998, 1.0938507364654542, 1.1020343498611451, 1.1064862057685851, 1.1007413206100465, 1.1121616157531737, 1.1209759895324707, 1.1162185301589966, 1.1251108647918702, 1.1300774766540527, 1.1241381236839294, 1.1230119345664977, 1.133929573173523, 1.1421758073425292, 1.1389688676452636, 1.1555415049552917, 1.146944998435974, 1.143839550666809, 1.1452637249374389, 1.144513641014099, 1.1465392496490479, 1.1464864844703675, 1.1646750645065307, 1.1678488296508789, 1.1759930969619752, 1.16827824634552, 1.1740975759887695, 1.1887467597198487, 1.1783936339187622, 1.168905931854248, 1.177329078063965, 1.1818995251083375, 1.1874762028312682, 1.1821683273315429, 1.171387982597351, 1.181448980026245, 1.1845059250640868, 1.1961611135864259, 1.175135594291687, 1.1814300022125244, 1.1882498440933227, 1.1908327391052247, 1.1911529211044312, 1.0540492405319213, 0.9682168974876404, 0.9311791176223755, 0.8997844260978699, 0.8707008911132812, 0.842981414642334, 0.8166815470886231, 0.7917720143890381, 0.7673350309562683, 0.7438296788978577, 0.7209358082389832, 0.6989724426078796, 0.6781954792976379, 0.656994361076355, 0.6372820125389099, 0.6181249286651611, 0.5991655595588684, 0.5809589007759094, 0.5635169726371765, 0.546273629989624, 0.5299453241157531, 0.5138113734817504, 0.4983488885116577, 0.4833252563381195, 0.46865213758468627, 0.4544775115966797, 0.4410053251552582, 0.42801903043746947, 0.41469948129653933, 0.4024828234195709, 0.39020684636116026, 0.3784041069793701, 0.3673607878303528, 0.3565014117527008, 0.3455895551776886, 0.3361508531188965, 0.32620748208999634, 0.3167203071498871, 0.307028404006958, 0.29822247245788575, 0.29221951771736143, 0.2902433742904663, 0.28839359066963194, 0.2866809483528137, 0.2847904609489441, 0.283049794178009, 0.2813354443645477, 0.27962308512687684, 0.2779174914455414, 0.2762844335079193, 0.27452979755401613, 0.27292714250564576, 0.27125257189750673, 0.269583904132843, 0.2679917199897766, 0.2663539646911621, 0.26471691340446474, 0.2631289341545105, 0.2615904773712158, 0.2599522305583954, 0.25836244364738464, 0.2568071552371979, 0.2552443130683899, 0.2536980161857605, 0.2521282526779175, 0.2506746927070618, 0.24910140852451323, 0.2476269237947464, 0.24623648820400237, 0.24466667366981507, 0.24325347241401674, 0.24169699740886688, 0.24027017242908477, 0.23882572736263274, 0.23739736407279968, 0.23595610867500305, 0.23453810265541078, 0.2330395370531082, 0.2317096297121048, 0.2302963541698456]
0,1.0
1,0.8387096774193549
2,0.8260869565217391
3,0.7931034482758621
4,0.8064516129032258
5,0.6666666666666666
6,0.8695652173913043
7,0.8076923076923077
8,1.0
9,0.9473684210526315
10,0.35
11,0.5714285714285714
12,0.8
13,0.5652173913043478
14,0.7407407407407407
15,0.875
16,0.9230769230769231
17,0.8571428571428571
18,0.5882352941176471
19,0.8
20,0.8333333333333334
21,0.8421052631578947
22,0.8235294117647058
23,0.7692307692307693
24,0.8695652173913043
25,0.625
26,0.75
27,0.7916666666666666
28,0.84
29,0.7586206896551724
30,0.8518518518518519
31,0.68
32,0.7272727272727273
33,0.6206896551724138
34,0.8
35,0.5454545454545454
36,0.8571428571428571
37,0.7894736842105263
38,0.7692307692307693
39,1.0
40,0.7142857142857143
41,0.9545454545454546
42,0.8260869565217391
43,0.8695652173913043
44,0.6521739130434783
45,0.631578947368421
46,0.5909090909090909
47,0.8260869565217391
48,1.0
49,0.8823529411764706
50,0.8181818181818182
51,0.8095238095238095
52,0.8
53,0.9655172413793104
54,0.9545454545454546
55,0.7142857142857143
56,0.8181818181818182
57,0.6785714285714286
58,0.8857142857142857
59,0.625
60,0.8148148148148148
61,0.8275862068965517
62,0.9230769230769231
63,0.6666666666666666
64,0.6842105263157895
65,0.6818181818181818
66,0.8461538461538461
67,0.6956521739130435
68,0.9523809523809523
69,0.8666666666666667
70,0.9333333333333333
71,0.8095238095238095
72,0.5909090909090909
73,0.75
74,0.5757575757575758
75,0.9285714285714286
76,0.9047619047619048
77,0.7058823529411765
78,0.6842105263157895
79,0.8571428571428571
80,0.7241379310344828
81,0.7619047619047619
82,0.9459459459459459
83,0.7666666666666667
84,0.8518518518518519
85,0.9666666666666667
86,0.7857142857142857
87,0.8666666666666667
88,0.9523809523809523
89,0.8571428571428571
90,0.9166666666666666
91,0.8717948717948718
92,0.6
93,0.7619047619047619
94,0.9565217391304348
95,0.6896551724137931
96,0.6086956521739131
97,0.7916666666666666
98,0.5384615384615384
99,0.9130434782608695
16
7
91
43
14
92
6
89
13
85
96
27
81
63
59
61
78
24
53
17
27
43
61
54
25
79
68
31
69
64
10
41
23
46
47
20
87
90
52
26
83
67
20
20
7
83
27
45
68
93
86
81
69
45
99
18
62
44
26
58
88
74
88
19
3
23
19
48
91
48
58
16
63
38
4
4
32
15
98
32
14
87
29
12
8
45
92
31
62
10
89
62
78
83
45
85
28
37
54
30
95
7
59
24
94
7
94
94
11
42
65
52
40
38
55
80
82
46
75
93
74
34
5
85
30
74
22
95
81
92
27
52
51
44
62
65
69
84
0
43
48
67
62
7
53
99
81
19
8
68
3
3
53
70
39
0
95
51
58
27
89
90
66
61
41
27
52
66
68
80
4
46
25
27
35
50
88
7
75
53
3
5
11
82
7
87
61
7
91
92
5
37
72
41
94
33
67
8
39
23
16
31
63
71
67
45
10
46
74
49
77
65
50
46
51
27
36
3
41
47
54
87
37
75
55
71
14
0
9
44
57
83
45
22
52
42
89
22
85
39
7
25
98
50
70
70
49
70
87
90
41
65
97
36
83
82
51
11
7
74
80
2
9
4
40
36
91
27
99
73
24
83
42
62
90
50
82
24
38
16
40
39
7
63
10
51
96
51
29
66
53
30
84
44
5
91
53
74
72
15
15
44
5
66
77
55
48
73
75
64
77
3
13
18
92
55
13
51
29
91
91
61
75
58
71
70
98
52
94
89
90
59
57
43
60
78
30
96
78
6
80
80
54
83
60
76
92
18
14
26
9
90
85
32
63
43
73
87
18
54
99
70
8
90
65
80
89
17
39
53
66
48
5
88
13
34
46
37
40
91
16
4
33
16
89
5
76
83
74
85
24
72
32
76
91
35
52
46
74
40
58
84
6
91
63
46
66
41
79
0
23
14
80
86
75
45
6
22
96
76
52
81
90
22
34
45
48
45
30
11
1
23
3
22
5
80
93
18
39
79
92
53
54
3
18
84
48
8
59
8
88
62
29
30
73
2
33
39
63
61
45
83
58
73
18
84
4
5
83
18
23
29
85
88
97
16
86
99
95
45
97
0
87
2
44
86
62
29
85
82
91
82
17
27
58
12
26
54
28
58
79
1
45
99
16
3
56
1
91
73
1
1
35
1
19
88
11
29
56
0
54
61
20
13
17
53
89
18
13
6
96
41
19
26
25
60
22
73
4
47
24
90
63
17
7
0
87
26
95
14
56
74
12
54
80
79
8
43
39
61
40
53
98
80
31
8
57
33
56
35
6
94
86
84
22
16
63
57
36
55
88
72
58
27
36
13
91
84
9
85
9
65
85
70
96
45
2
59
79
70
34
97
16
49
44
55
70
27
38
34
61
69
37
27
24
3
78
75
63
35
1
84
8
86
4
91
58
90
68
60
84
0
34
18
32
92
14
96
35
86
3
89
18
15
66
35
50
12
41
31
34
93
84
26
74
27
50
57
54
11
67
44
66
60
26
58
82
67
98
89
28
55
95
76
60
76
91
37
2
64
62
43
91
48
27
44
42
34
53
3
28
8
40
44
96
61
60
73
61
29
63
43
49
92
92
6
72
68
18
20
55
0
85
65
18
23
78
95
81
58
73
60
21
62
19
87
47
79
90
75
73
15
41
39
99
33
94
45
91
36
77
3
75
62
94
61
50
38
12
1
0
30
84
98
29
7
18
48
81
91
84
63
62
31
40
55
30
43
86
47
18
98
20
14
28
75
35
81
22
73
79
25
88
56
81
15
84
69
30
6
68
70
94
74
7
80
55
60
5
14
48
83
0
70
38
4
24
69
16
9
42
41
39
27
0
70
85
9
43
79
7
75
74
80
42
62
8
0
36
89
43
46
69
56
42
22
71
98
72
40
16
0
21
2
1
64
47
43
83
75
68
18
1
25
96
46
47
90
2
51
37
61
31
9
4
92
38
93
28
39
18
41
44
49
92
11
19
91
82
4
60
34
56
19
32
74
76
99
49
98
8
58
93
87
11
7
35
43
52
6
4
27
8
63
26
34
39
97
37
75
33
87
49
98
16
33
76
41
97
8
75
17
96
93
44
4
41
60
30
65
21
77
90
54
87
86
37
47
66
2
73
55
25
62
26
19
28
15
14
56
17
45
92
39
42
13
49
48
44
71
48
69
9
7
37
46
23
66
66
88
82
1
39
88
93
82
7
17
56
40
70
1
68
52
69
45
16
6
85
12
99
88
40
68
36
60
85
87
25
46
75
61
70
58
34
51
75
73
70
37
28
90
55
88
68
38
95
79
16
58
61
39
56
17
33
77
50
87
75
4
16
94
55
76
60
97
1
0
75
31
55
71
75
52
6
43
14
84
14
51
1
88
53
66
5
56
32
52
40
24
86
54
54
88
61
87
54
24
40
85
17
90
22
86
77
79
94
45
0
39
89
82
41
87
91
73
4
62
55
46
51
46
28
38
27
70
13
44
15
24
76
98
73
79
15
47
47
93
73
81
26
70
95
60
70
2
82
66
34
6
65
62
74
31
36
88
47
48
79
50
75
57
66
68
4
64
16
61
16
22
18
29
10
57
9
38
42
74
15
1
78
80
1
84
69
90
10
33
80
68
30
8
3
81
45
18
14
35
28
63
5
53
34
27
93
6
44
93
85
91
11
31
69
47
86
95
85
80
1
82
2
66
44
58
31
42
23
90
14
83
31
51
80
23
64
61
5
51
99
28
19
63
26
97
78
34
90
13
50
17
28
29
10
61
83
83
53
73
7
59
82
34
15
68
68
34
82
75
37
8
94
16
24
21
8
96
53
49
4
85
27
32
96
20
29
43
69
94
26
82
60
91
34
48
23
53
5
0
59
57
69
73
27
12
44
61
21
95
88
28
15
24
1
77
67
82
5
64
51
59
79
70
46
1
59
87
60
33
76
45
15
6
1
35
94
34
25
71
26
55
60
73
9
75
5
72
27
32
38
44
56
80
40
52
2
7
85
30
92
51
79
89
99
86
15
29
63
66
62
80
24
57
43
78
49
99
95
93
72
71
78
86
64
4
3
62
50
17
25
21
32
57
99
2
6
70
82
82
94
95
81
52
77
33
67
38
60
26
74
63
62
82
36
12
31
47
75
77
29
94
27
70
95
32
38
91
37
36
65
40
53
87
95
53
42
43
89
69
93
81
40
71
31
33
73
75
85
47
97
92
81
42
46
62
92
53
46
66
45
48
94
10
69
60
42
98
59
52
79
57
4
83
89
71
12
52
46
58
46
22
62
52
2
58
77
96
86
33
58
69
97
14
51
2
4
79
58
97
6
75
81
99
28
50
57
88
25
38
23
47
53
48
79
59
29
82
90
93
81
17
14
69
25
32
39
1
89
66
67
99
28
98
88
20
43
18
71
48
69
93
41
6
39
72
15
37
83
48
35
89
67
77
38
23
21
96
11
84
84
30
58
95
98
72
45
59
77
74
41
8
19
54
4
68
9
91
67
75
40
71
77
38
9
82
3
76
20
60
42
94
66
72
14
25
61
36
4
45
72
60
77
62
85
66
16
27
93
23
33
88
18
58
0
83
23
85
56
20
79
20
30
56
19
55
98
38
26
0
56
47
57
59
83
44
64
3
46
9
77
43
15
72
77
19
73
77
7
29
4
61
50
30
39
33
19
17
81
17
28
45
28
12
41
49
63
71
12
2
51
11
3
46
15
84
19
64
70
62
34
94
30
35
4
99
33
90
16
56
4
24
71
3
15
14
23
68
45
81
61
90
21
0
22
87
82
12
38
10
93
77
84
41
64
76
25
91
94
42
79
19
76
87
18
51
1
50
37
6
45
23
0
55
91
48
95
48
45
54
69
83
68
56
25
80
41
67
71
25
50
60
79
0
44
55
46
80
2
32
92
61
69
97
13
30
27
74
8
17
42
91
11
36
69
50
57
84
49
85
3
91
79
76
13
8
92
69
82
7
73
89
64
42
39
78
80
63
15
50
16
62
94
60
91
83
62
85
48
33
11
5
2
55
75
75
4
31
72
17
89
92
19
36
77
67
83
63
2
62
37
2
99
77
56
22
84
14
71
94
44
85
41
52
91
85
43
82
12
97
42
96
47
22
1
11
78
72
93
85
51
63
65
25
44
2
22
44
59
2
54
11
56
75
47
76
20
48
97
9
41
38
84
3
50
43
84
18
6
9
72
38
6
75
15
29
35
20
95
3
58
74
44
83
91
74
86
86
74
58
36
90
8
49
65
40
80
14
37
0
58
96
1
61
59
21
60
89
82
61
80
52
65
55
32
77
69
26
42
79
46
20
38
52
15
79
65
63
96
26
29
3
79
39
30
99
5
8
19
47
40
58
54
82
3
82
93
70
99
21
17
56
64
74
1
92
61
85
78
58
10
53
44
47
5
34
81
64
77
67
66
63
44
95
46
44
45
87
63
87
26
41
70
51
21
32
90
36
85
3
87
21
87
71
53
27
74
1
8
64
98
61
88
90
10
83
55
58
34
24
67
49
12
28
50
78
58
45
87
79
67
14
47
31
77
52
60
71
25
67
81
2
54
67
17
21
1
88
21
77
95
91
12
15
82
22
16
66
25
44
29
31
73
27
81
63
53
23
81
86
78
71
28
75
46
62
79
16
8
7
22
81
87
83
65
62
49
70
57
63
78
40
91
23
13
80
6
42
3
30
50
35
94
41
36
52
12
43
86
97
53
50
36
3
61
20
22
57
25
71
72
68
20
49
67
87
16
41
66
27
5
54
92
15
42
6
85
8
2
25
45
72
71
56
99
67
65
2
76
50
30
53
91
81
65
70
23
46
72
40
30
62
11
23
78
96
67
78
8
15
4
80
27
60
7
54
48
16
57
94
30
62
43
62
58
19
23
38
40
33
95
10
99
86
53
89
11
52
58
54
85
74
72
82
72
69
43
81
34
47
52
40
53
45
8
83
3
90
5
28
53
27
59
4
33
92
89
44
79
55
89
98
78
82
91
31
91
47
9
73
69
36
45
91
95
37
61
83
69
11
15
76
84
78
90
98
94
24
39
1
33
49
64
7
39
15
78
3
41
66
80
27
45
4
32
5
45
9
93
33
8
35
24
56
65
11
38
23
39
25
97
45
46
47
29
56
98
82
41
44
51
79
19
18
95
64
78
96
49
64
40
36
97
40
93
49
62
10
37
4
18
81
91
5
87
3
50
80
86
89
17
12
80
27
6
42
25
13
98
85
21
76
26
59
49
30
33
38
51
66
87
38
63
53
4
48
24
13
31
29
84
46
61
24
34
46
45
99
27
51
91
0
72
50
57
4
60
90
86
9
46
1
99
77
57
14
2
70
69
69
32
79
93
58
0
20
7
48
82
79
58
72
87
72
85
55
70
44
97
11
53
37
73
28
86
50
24
29
95
1
2
36
96
99
55
85
0
71
64
82
62
31
86
57
72
73
42
91
84
85
90
69
82
21
89
68
68
76
31
58
8
37
13
30
78
14
33
99
42
12
92
8
82
78
97
62
74
4
12
29
97
77
56
18
77
72
95
54
53
88
16
73
29
33
14
86
19
97
4
9
57
89
57
25
26
49
11
14
80
83
21
27
30
52
72
29
75
90
14
77
55
7
75
27
16
30
64
83
65
51
42
70
