overall_acc,0.7972
loss,[10.972009145507812, 6.3063322770690915, 4.222397119903564, 3.2724984638977053, 2.8230682411193846, 2.593880644378662, 2.486535721130371, 2.428453673248291, 2.3868613246917723, 2.377887689437866, 2.351884126739502, 2.3331938179016114, 2.334351759185791, 2.319239734802246, 2.318900012283325, 2.309215214691162, 2.305765380401611, 2.3002959084320067, 2.312386267852783, 2.3077948252868654, 2.3138049031066896, 2.3260695133972167, 2.31517070274353, 2.320826820297241, 2.3317693099975587, 2.330966833114624, 2.340382613220215, 2.3400887028503417, 2.344808494873047, 2.352650867767334, 2.350704018707275, 2.3674166482543946, 2.379531463165283, 2.3893366075134277, 2.3842677984619143, 2.4064522229766845, 2.412562904815674, 2.4053585328674316, 2.4188814153289795, 2.433347590713501, 2.4525413516235353, 2.4507291121673584, 2.4685713900756836, 2.4691204106140137, 2.4760652549743654, 2.494831932144165, 2.4983891107177736, 2.4933348042297365, 2.5167256616210936, 2.510821859741211, 2.5245553284454347, 2.524678008270264, 2.5423147416687013, 2.5316064237213136, 2.543898630218506, 2.5490971505737305, 2.5487926071166993, 2.561071803970337, 2.54430131439209, 2.5680523625183107, 2.033744608306885, 1.6517354399871826, 1.4301238941955567, 1.2812471628189086, 1.1738856926345824, 1.107854691925049, 1.0854779526519776, 1.0719203038406373, 1.0784857083129882, 1.064850910758972, 1.0788500486373902, 1.0821659064674378, 1.0882777323913575, 1.0990132915496826, 1.0949148308181762, 1.0915347436332703, 1.098530444869995, 1.0918256008529663, 1.0960695787239074, 1.11771015625, 1.117367432937622, 1.1174452296829223, 1.1110620914459228, 1.12783386138916, 1.123130149307251, 1.1401226741409303, 1.1311447998428346, 1.1406394844818115, 1.1334138362503052, 1.1519571368789674, 1.1459831741714477, 1.1568744187164306, 1.1485592330169678, 1.1541876865386962, 1.1453811603546142, 1.1639165381622314, 1.1663721059799195, 1.1628190950775146, 1.1718191719818116, 1.1748270021820069, 1.180626794052124, 1.1726448097229003, 1.1836366177368165, 1.173827973136902, 1.1729784239959717, 1.178040768890381, 1.175089744606018, 1.1873482416534424, 1.1958505503082275, 1.1826576036453247, 1.1884822453308106, 1.2015620817947388, 1.195125799484253, 1.2026302519989014, 1.1970657344818114, 1.188032908744812, 1.1684526802062989, 1.2026683488082885, 1.212941088218689, 1.2017607119750977, 1.0622076818466186, 0.9778991257667542, 0.9411437190628051, 0.9084083093643188, 0.8797491129875183, 0.851467288684845, 0.8248564969635009, 0.7993203834533691, 0.7751706267356873, 0.7514476324272156, 0.7287252575111389, 0.7061554071998596, 0.6847940291404724, 0.663995796585083, 0.6436691311454773, 0.624201457195282, 0.6050788371658326, 0.5871306154441833, 0.5690384116935729, 0.5516717196083069, 0.5350719097518921, 0.5189786969184875, 0.5030396158790589, 0.48801174114227297, 0.47341440755844116, 0.4593908811378479, 0.4453495142364502, 0.4319242257976532, 0.4190324410152435, 0.40676405560493467, 0.3943194560623169, 0.38323762001991274, 0.3717225906562805, 0.36051149635314944, 0.3496464498233795, 0.3389774634933472, 0.32887313408851626, 0.3193604403591156, 0.30986103071212767, 0.30110163166046144, 0.295160670747757, 0.2930567287635803, 0.2912447025489807, 0.28949381585121153, 0.2875766695690155, 0.2858566129112244, 0.2840916763114929, 0.2824628939628601, 0.28059571756362917, 0.27895696822166444, 0.27726820409774783, 0.27557210247039793, 0.2739547273159027, 0.2721753819847107, 0.27066089179039, 0.2689537861633301, 0.2673518035030365, 0.2657163587379456, 0.2640988758087158, 0.26253471137046813, 0.2609391538238525, 0.25940760957717895, 0.2578116500473022, 0.2562524890708923, 0.25471426458358765, 0.25308923409461975, 0.2516236814880371, 0.25007771448135374, 0.24856837675094604, 0.24707533179283142, 0.2456035115671158, 0.24413788074970244, 0.24262176782608033, 0.24120556325912476, 0.2397413731956482, 0.2382987612915039, 0.2368380095767975, 0.23543886750221252, 0.23409877242088317, 0.23259704740047454]
0,1.0
1,0.9032258064516129
2,0.782608695652174
3,0.7241379310344828
4,0.7741935483870968
5,0.7916666666666666
6,0.7391304347826086
7,0.8846153846153846
8,1.0
9,1.0
10,0.5
11,0.5238095238095238
12,0.85
13,0.6521739130434783
14,0.8888888888888888
15,0.8333333333333334
16,0.8846153846153846
17,0.9047619047619048
18,0.7058823529411765
19,0.76
20,0.8333333333333334
21,0.8421052631578947
22,0.8823529411764706
23,0.9230769230769231
24,0.8260869565217391
25,0.4583333333333333
26,0.7916666666666666
27,0.875
28,0.8
29,0.6896551724137931
30,0.7777777777777778
31,0.72
32,0.6818181818181818
33,0.4827586206896552
34,0.84
35,0.45454545454545453
36,0.8571428571428571
37,0.8947368421052632
38,0.7692307692307693
39,1.0
40,0.7857142857142857
41,0.9545454545454546
42,0.782608695652174
43,0.8695652173913043
44,0.5652173913043478
45,0.6578947368421053
46,0.5454545454545454
47,0.7391304347826086
48,1.0
49,0.8823529411764706
50,0.7727272727272727
51,0.8095238095238095
52,0.9
53,0.9310344827586207
54,0.9545454545454546
55,0.47619047619047616
56,0.8636363636363636
57,0.6428571428571429
58,0.9428571428571428
59,0.6666666666666666
60,0.9259259259259259
61,0.7586206896551724
62,0.8076923076923077
63,0.875
64,0.6842105263157895
65,0.8181818181818182
66,0.8846153846153846
67,0.782608695652174
68,0.9047619047619048
69,0.8666666666666667
70,0.8666666666666667
71,0.9047619047619048
72,0.5
73,0.65625
74,0.6363636363636364
75,0.9285714285714286
76,0.9047619047619048
77,0.7058823529411765
78,0.7368421052631579
79,0.8214285714285714
80,0.7931034482758621
81,0.8571428571428571
82,0.9459459459459459
83,0.7666666666666667
84,0.8888888888888888
85,0.9333333333333333
86,0.7857142857142857
87,0.8333333333333334
88,0.9523809523809523
89,0.9285714285714286
90,0.9166666666666666
91,0.8461538461538461
92,0.76
93,0.8571428571428571
94,0.9130434782608695
95,0.6896551724137931
96,0.5652173913043478
97,0.7916666666666666
98,0.6923076923076923
99,0.8695652173913043
16
7
91
43
14
92
6
89
13
85
96
27
81
63
59
10
78
18
53
17
27
43
10
54
94
79
68
99
69
64
83
41
23
11
59
20
87
90
52
26
83
67
20
20
7
83
27
45
68
93
86
12
60
45
99
18
70
74
26
58
88
64
88
19
34
23
19
48
91
48
58
16
63
75
71
4
1
15
98
32
14
87
29
12
8
45
92
31
92
61
89
92
78
83
45
85
28
37
54
37
95
7
59
24
94
7
94
94
11
42
65
52
40
38
55
80
82
46
75
51
50
34
5
85
30
74
22
95
81
92
44
52
51
44
62
65
69
84
0
43
48
67
62
89
53
18
81
19
8
68
93
3
53
70
39
0
40
51
58
19
89
90
66
61
41
27
52
66
68
80
43
11
5
27
35
50
88
14
75
53
3
5
98
82
7
87
61
7
91
1
5
37
72
41
94
33
67
39
39
23
28
31
63
71
67
45
10
46
74
49
77
65
50
15
51
15
36
95
41
47
54
81
37
75
74
71
14
0
9
44
57
83
45
10
52
42
89
22
85
39
7
25
98
98
70
54
49
70
87
90
41
65
97
36
83
82
38
46
7
93
80
2
9
91
40
36
32
91
78
73
69
83
42
92
90
50
82
24
65
16
40
39
7
63
10
51
47
51
29
66
53
30
84
44
5
26
53
74
72
15
15
29
5
66
77
15
48
95
63
38
77
3
13
18
92
55
13
73
29
91
91
61
75
58
71
70
98
52
94
89
90
52
57
43
60
22
30
59
78
6
80
80
54
83
60
76
92
18
14
26
9
81
85
32
63
43
73
87
44
26
99
70
8
90
65
80
48
17
39
53
66
48
5
34
13
67
46
37
40
91
16
27
37
16
89
5
76
83
74
85
24
93
32
76
27
37
52
46
72
40
58
84
54
91
63
46
66
9
79
0
23
14
80
86
75
45
6
22
96
76
52
41
90
22
34
45
66
7
30
11
1
23
3
22
5
80
93
27
39
79
92
53
54
63
18
84
99
8
96
8
88
62
29
30
73
2
33
39
63
61
45
83
58
73
18
84
4
5
78
18
23
29
85
88
64
16
86
79
95
45
97
0
87
32
44
86
54
29
85
82
91
82
17
27
58
12
26
54
28
58
79
1
45
44
10
15
33
23
91
73
1
1
35
22
19
88
11
29
56
0
54
61
20
13
17
53
89
18
81
6
47
41
26
26
25
60
22
72
4
47
24
79
78
17
7
0
87
26
73
14
56
19
12
54
80
79
8
43
39
51
40
53
98
4
31
8
57
33
18
35
6
94
94
84
22
16
64
57
98
65
88
72
58
27
36
13
91
84
9
5
9
65
85
70
59
7
2
59
79
70
34
97
37
49
18
55
70
15
38
34
61
69
37
75
24
3
78
75
63
35
1
84
22
86
4
91
58
90
68
60
84
0
89
14
32
92
14
49
35
86
3
89
44
15
66
98
50
12
41
31
34
93
84
26
74
15
50
57
54
35
67
44
66
60
8
58
82
67
98
89
28
55
95
76
60
76
91
37
2
4
62
43
91
48
63
34
42
34
53
3
28
8
40
44
47
61
60
73
61
93
63
63
49
92
92
6
57
87
18
20
72
0
85
65
55
23
4
95
81
58
73
60
21
14
19
87
54
79
90
75
73
15
41
39
99
33
94
45
91
36
77
3
75
62
94
61
50
38
12
1
0
30
84
98
29
7
18
48
81
91
84
63
62
31
40
55
30
10
86
47
33
65
20
14
28
75
2
81
10
73
79
5
88
56
81
15
84
69
30
6
68
70
12
74
7
18
55
60
5
14
48
83
0
70
38
43
24
69
16
9
42
41
39
27
0
70
85
9
43
79
77
75
74
80
42
62
8
0
36
89
4
46
69
56
42
91
71
98
72
40
16
0
21
2
1
64
47
43
92
65
68
44
1
18
63
46
47
90
2
51
37
61
33
14
4
92
38
93
28
39
18
41
44
49
62
11
19
91
82
4
60
34
56
19
32
74
86
99
49
98
8
58
93
87
35
79
98
43
52
82
55
27
8
63
26
34
39
97
96
75
33
87
49
46
16
33
76
41
97
8
75
17
80
93
27
4
41
60
30
31
21
77
90
54
87
86
37
52
66
2
73
55
25
62
26
19
28
15
14
47
17
45
92
39
42
58
49
48
44
71
48
69
9
26
84
46
71
66
66
88
82
1
39
88
93
82
14
17
56
40
70
1
68
52
69
45
16
62
85
12
99
88
40
68
36
23
17
87
25
46
75
61
70
58
34
51
75
73
70
37
28
90
55
88
40
38
73
79
16
58
16
39
56
17
33
77
42
87
75
4
16
94
55
76
60
97
1
0
75
31
97
71
75
52
6
43
14
84
14
51
1
88
53
66
5
56
32
52
40
24
86
54
54
88
61
87
54
24
16
85
17
90
22
86
77
79
94
74
0
39
89
82
41
87
91
73
4
62
55
98
51
46
28
38
74
70
13
7
15
24
76
98
51
79
15
47
47
93
73
81
26
70
95
60
70
11
82
66
34
6
65
62
74
31
36
88
52
48
79
38
55
57
66
68
74
64
16
63
16
84
18
29
63
53
9
34
74
74
15
1
93
96
1
84
69
81
10
33
80
68
30
8
3
81
48
18
29
35
28
63
5
53
34
27
93
18
44
93
37
91
35
31
69
47
86
95
85
80
1
82
45
66
80
58
31
42
23
90
18
83
31
51
80
23
64
61
40
51
99
28
19
63
93
97
78
34
71
13
50
17
28
29
10
61
83
83
53
73
7
59
82
34
15
68
68
34
82
75
37
8
94
16
24
21
8
96
53
49
38
10
27
32
96
20
29
43
69
13
26
96
23
91
34
48
71
53
5
0
59
57
69
73
27
12
42
61
21
95
88
28
15
24
1
77
67
82
5
64
1
52
79
70
46
1
59
87
60
88
76
45
19
7
1
35
94
55
16
71
26
12
60
73
9
75
5
72
14
67
65
14
45
34
40
52
98
7
85
30
92
51
79
89
99
86
15
29
63
66
62
80
24
57
43
78
49
99
95
93
63
71
44
86
64
4
3
62
50
17
35
21
32
57
61
98
6
1
82
82
94
95
81
96
77
49
67
31
60
79
64
63
62
82
36
12
31
47
75
77
29
94
27
70
95
32
38
67
37
2
65
40
53
87
95
53
42
43
89
69
93
81
84
71
31
96
91
75
58
47
97
1
13
42
46
83
92
53
40
66
45
48
94
10
69
60
29
35
59
52
44
57
4
83
89
71
58
52
46
58
98
22
62
52
2
58
77
96
86
33
58
69
97
14
51
2
4
45
58
97
6
80
81
99
28
50
57
88
25
38
71
47
53
48
79
59
29
82
90
93
81
17
14
69
25
32
39
6
89
4
67
99
28
98
88
20
43
18
60
48
69
18
89
6
39
19
15
37
80
48
46
89
67
77
38
72
21
96
11
13
84
30
58
30
46
66
45
59
77
4
41
89
19
54
4
68
9
91
67
3
40
71
77
38
9
82
3
76
20
60
42
94
66
72
14
25
61
36
4
14
10
60
18
62
27
79
26
27
93
23
33
88
18
58
0
83
23
85
56
20
7
20
30
96
19
4
98
67
26
0
56
47
83
52
10
40
79
3
23
9
77
43
15
72
77
19
73
24
7
56
4
61
50
30
39
45
19
51
9
17
28
45
8
12
41
49
63
71
12
2
77
98
68
46
15
84
19
66
70
62
34
94
73
41
5
99
96
90
16
56
4
24
71
3
15
14
23
68
45
81
10
90
21
57
22
87
82
12
38
10
93
14
84
41
64
76
25
91
94
42
79
19
76
87
18
51
1
50
37
6
45
23
0
55
91
48
95
48
16
54
69
51
68
56
2
80
37
67
71
25
50
60
79
0
95
74
46
80
2
32
92
61
76
97
13
30
27
74
8
17
42
91
98
36
69
50
57
84
90
85
3
91
44
76
13
8
92
69
82
7
73
89
19
42
39
26
80
4
15
50
16
62
94
60
91
83
62
85
48
59
11
5
2
91
75
75
4
31
72
17
89
70
19
36
93
67
83
63
2
92
37
2
99
77
56
22
84
14
71
94
44
85
41
52
91
85
43
82
77
97
42
96
47
22
1
11
78
72
93
85
18
63
65
25
44
2
86
44
59
11
54
35
56
75
47
76
20
48
97
9
81
38
5
3
50
43
84
18
6
9
72
38
6
75
15
29
35
20
95
3
87
74
14
83
91
74
86
10
63
58
36
90
8
49
65
40
13
14
37
0
58
96
1
61
59
21
60
89
82
61
80
52
65
55
32
77
69
26
42
79
11
20
38
52
15
7
65
63
96
26
29
3
79
39
30
99
5
8
67
52
76
58
54
82
3
82
93
70
99
21
17
56
64
74
1
92
61
85
78
58
10
53
74
47
5
34
81
64
77
73
66
63
45
93
46
27
74
87
63
87
26
41
70
51
21
32
90
36
85
57
87
21
87
71
53
27
74
1
8
93
98
61
88
15
10
83
27
85
34
24
74
49
76
28
74
78
58
45
87
79
63
14
47
31
77
59
60
71
12
67
81
98
54
67
17
21
1
88
21
77
95
91
12
15
82
22
16
66
25
41
34
42
73
67
81
63
53
23
81
86
42
71
28
75
46
62
79
16
8
77
22
81
87
83
65
62
49
70
57
63
66
40
91
23
13
55
6
42
19
30
72
35
94
41
36
52
12
43
86
97
53
50
97
3
61
20
22
57
25
71
72
68
20
49
67
87
16
41
66
72
10
63
1
15
63
6
85
8
2
5
45
93
71
56
99
67
99
2
76
50
30
53
91
81
65
92
23
11
95
40
71
62
11
23
78
96
67
46
8
15
4
80
27
60
7
54
48
16
57
94
30
92
43
62
58
19
23
38
40
96
95
10
99
86
53
89
11
52
58
54
85
74
72
82
72
46
43
37
34
47
52
40
53
45
8
83
3
90
87
28
53
27
59
4
33
92
89
44
79
55
89
98
78
82
91
31
91
47
9
73
69
36
24
91
95
37
61
83
69
46
15
76
84
78
12
35
94
24
39
1
33
96
55
7
39
15
99
3
41
66
80
27
45
72
32
5
45
9
93
33
65
35
24
56
65
11
38
23
39
25
97
58
16
47
29
56
98
82
41
38
51
79
66
18
95
64
78
96
49
64
40
36
97
40
45
49
62
10
56
4
79
81
91
5
87
3
50
80
86
89
17
12
80
46
26
32
40
13
98
37
21
76
66
59
49
30
60
80
51
66
87
38
63
53
4
48
24
13
31
29
84
46
61
24
34
98
45
99
27
51
91
0
15
50
57
4
60
90
86
9
46
1
99
77
57
14
2
70
69
69
32
79
44
58
0
20
7
85
82
79
58
72
58
55
85
55
92
44
97
98
53
37
30
28
15
50
24
31
95
1
2
36
52
99
91
85
0
23
64
82
62
31
86
57
72
73
42
29
84
85
90
69
82
21
89
68
68
76
31
58
8
90
13
30
78
45
47
99
27
12
92
8
82
78
97
62
74
4
69
29
97
77
56
18
6
72
95
54
0
26
5
73
29
33
14
86
19
97
4
9
57
89
14
25
26
49
11
14
80
83
75
27
30
52
74
29
52
90
14
77
65
7
75
27
16
30
80
83
14
51
42
70
