overall_acc,0.7896
loss,[10.917908417053223, 6.267501403045654, 4.196115391540527, 3.255242595977783, 2.8147252894592287, 2.5881251950836184, 2.4750665590667724, 2.418558397903442, 2.37702841835022, 2.3661756811523436, 2.345605143585205, 2.328008303756714, 2.3209099351501465, 2.3155626398468017, 2.313191964569092, 2.3052636196136476, 2.298766362915039, 2.297424747467041, 2.3029202478790283, 2.297751619262695, 2.3034711769104006, 2.3073755739593507, 2.3100696418762205, 2.314838137817383, 2.323359902496338, 2.3177363610839845, 2.3317761848449705, 2.326685722732544, 2.331425962295532, 2.3337412368774415, 2.3426313610839844, 2.3449684629821776, 2.3646964012908938, 2.3721462772369386, 2.379263261566162, 2.3844427950286864, 2.3948376933288573, 2.4018241268920897, 2.4080371087646486, 2.4162741424560545, 2.431170258331299, 2.4376269118499754, 2.4412538130187986, 2.454543681945801, 2.458174054489136, 2.4786706188964844, 2.485648441772461, 2.4941487855529787, 2.4948523085021974, 2.510618261871338, 2.5051463223266603, 2.5171387908935547, 2.534950472869873, 2.527621905822754, 2.5211178553009033, 2.548314991455078, 2.5481360754394533, 2.548259569854736, 2.554193083343506, 2.54749313583374, 2.0146708599472047, 1.6345179368972778, 1.4115987523651123, 1.2616505201339723, 1.1563930058670044, 1.0930697856140137, 1.0719680954360962, 1.0688614878082274, 1.0635770443725585, 1.0626913211250306, 1.0566303455924988, 1.0673770018768312, 1.0619033687210082, 1.0672256605911254, 1.0774221272277833, 1.0915948336029053, 1.0896567649841309, 1.0925765451812743, 1.0969616680335998, 1.0999092581176757, 1.1023321390151977, 1.1043854463195801, 1.1097788426589965, 1.1235806193542481, 1.1246075024414062, 1.1201544973754882, 1.127181115875244, 1.1088981392097472, 1.1310657389831542, 1.1379298560333253, 1.1487842700195312, 1.1414675867462158, 1.1444557177352905, 1.1373447536087036, 1.153254878730774, 1.1622418827819825, 1.1566215393447876, 1.162962982826233, 1.161302816543579, 1.1528193466949463, 1.1569528674697875, 1.1668753701400756, 1.172041917953491, 1.1658254899978637, 1.1633050122833253, 1.1784988287353515, 1.1807130141830444, 1.1656722486495972, 1.1856372705078124, 1.1726811632919312, 1.1757756821060181, 1.17348902633667, 1.1888268505859374, 1.1801188190460206, 1.1762038808822632, 1.1753444244384765, 1.191134988708496, 1.1826457360839844, 1.207979817276001, 1.199749051208496, 1.0613912018966676, 0.9741940929412842, 0.9378263661193847, 0.9051383479118347, 0.8764130853652954, 0.8491651244354248, 0.8221022504043579, 0.7975928877639771, 0.7732214252090455, 0.7490076181793213, 0.7262000241279603, 0.7037565539741516, 0.6824872232246398, 0.6619321693611145, 0.6416706217956543, 0.6221884444236755, 0.6035661188697815, 0.5853933071899414, 0.5674914379882813, 0.5504102327156067, 0.5336361759376526, 0.5174939782142639, 0.5017254069900513, 0.4868890086841583, 0.47224859593391416, 0.4577003527545929, 0.44404539037704466, 0.4306615922164917, 0.41777727348327637, 0.40565602753639224, 0.39311046004295347, 0.381393480386734, 0.37004365058898925, 0.35925976552963257, 0.3483805093383789, 0.3376635752773285, 0.3276881873035431, 0.3184432730007172, 0.3086270296382904, 0.2996987603855133, 0.2938662899112701, 0.29189521528244017, 0.29011708042144774, 0.28833306628227234, 0.286517374420166, 0.2848106351852417, 0.2830049325942993, 0.28131623714447024, 0.2795963901901245, 0.2779307120323181, 0.2762380908679962, 0.2745361183738709, 0.2728720421600342, 0.2712336228561401, 0.2695934017848968, 0.26798086997032167, 0.26636012536048886, 0.2647090484523773, 0.2631438070011139, 0.26150625962257384, 0.25995749844551086, 0.2583890312290192, 0.2568291273593903, 0.25529769914627076, 0.25379033283233643, 0.2521835720539093, 0.2506753877258301, 0.2491889391708374, 0.2476189454984665, 0.24617303841114044, 0.24465985238552093, 0.2432493850326538, 0.2417711664056778, 0.2403287725019455, 0.23882005842208862, 0.23742637613296508, 0.23597932380199432, 0.23457153241634368, 0.23327289101600646, 0.23172639615535737]
0,0.9565217391304348
1,0.9032258064516129
2,0.8260869565217391
3,0.8275862068965517
4,0.7741935483870968
5,0.7916666666666666
6,0.8695652173913043
7,0.7692307692307693
8,1.0
9,0.9473684210526315
10,0.4
11,0.47619047619047616
12,0.8
13,0.6956521739130435
14,0.8148148148148148
15,0.8333333333333334
16,0.9230769230769231
17,0.9523809523809523
18,0.7352941176470589
19,0.72
20,0.8333333333333334
21,0.8947368421052632
22,0.9411764705882353
23,0.8846153846153846
24,0.8260869565217391
25,0.625
26,0.7916666666666666
27,0.75
28,0.72
29,0.7586206896551724
30,0.8148148148148148
31,0.76
32,0.6363636363636364
33,0.5862068965517241
34,0.8
35,0.5909090909090909
36,0.9047619047619048
37,0.8421052631578947
38,0.8076923076923077
39,0.9565217391304348
40,0.75
41,0.9545454545454546
42,0.8695652173913043
43,0.8695652173913043
44,0.7391304347826086
45,0.6842105263157895
46,0.5454545454545454
47,0.7391304347826086
48,1.0
49,0.8235294117647058
50,0.6818181818181818
51,0.7142857142857143
52,0.75
53,0.896551724137931
54,0.9545454545454546
55,0.7142857142857143
56,0.8636363636363636
57,0.6428571428571429
58,0.8857142857142857
59,0.6666666666666666
60,0.7777777777777778
61,0.8275862068965517
62,0.8076923076923077
63,0.6666666666666666
64,0.6842105263157895
65,0.6818181818181818
66,0.8846153846153846
67,0.6956521739130435
68,0.9523809523809523
69,0.8666666666666667
70,0.8666666666666667
71,0.7619047619047619
72,0.45454545454545453
73,0.71875
74,0.5757575757575758
75,0.9285714285714286
76,0.9047619047619048
77,0.6470588235294118
78,0.7894736842105263
79,0.7142857142857143
80,0.7931034482758621
81,0.9047619047619048
82,0.9459459459459459
83,0.7666666666666667
84,0.8518518518518519
85,0.9666666666666667
86,0.7142857142857143
87,0.8666666666666667
88,1.0
89,0.9642857142857143
90,0.7916666666666666
91,0.8717948717948718
92,0.64
93,0.8095238095238095
94,0.9130434782608695
95,0.6206896551724138
96,0.6086956521739131
97,0.7083333333333334
98,0.7307692307692307
99,0.8260869565217391
16
7
91
43
14
92
6
89
13
85
47
27
81
63
59
10
78
18
53
17
27
43
10
54
25
79
68
31
69
64
83
41
23
35
47
20
87
90
52
26
83
57
20
20
7
83
27
83
68
93
86
81
69
45
99
18
62
80
26
58
88
64
88
19
3
23
19
48
44
48
58
16
63
80
55
4
1
49
98
32
14
87
29
12
8
45
92
31
62
61
89
92
78
83
45
85
28
37
54
30
95
7
59
24
94
7
94
94
11
42
65
52
40
38
55
80
82
80
75
93
74
34
5
85
30
74
22
95
81
92
27
52
51
44
62
65
69
84
0
43
48
67
62
89
53
44
58
19
8
68
30
3
53
70
83
0
95
51
58
4
89
90
81
61
41
77
52
66
68
80
4
46
25
74
35
50
88
14
75
53
3
5
46
82
7
87
61
7
91
1
5
17
72
41
94
33
67
8
39
23
6
31
63
71
67
51
84
11
74
33
77
59
50
15
51
27
36
3
41
47
54
87
37
75
74
71
14
0
9
44
57
83
45
22
52
63
89
22
85
39
7
25
98
98
70
70
49
70
87
77
41
4
97
36
83
82
77
46
7
74
80
2
9
91
40
36
32
91
78
73
40
83
42
62
90
50
82
24
65
16
40
39
7
63
10
51
96
51
29
66
53
30
84
27
5
91
53
74
72
15
15
44
25
66
77
15
48
73
72
66
77
3
13
18
92
55
13
93
29
91
91
61
75
58
71
70
98
52
94
89
90
56
57
43
60
41
30
96
78
6
80
80
54
99
60
76
92
18
14
26
9
81
85
32
63
43
56
87
44
54
99
70
8
90
65
80
41
17
39
53
66
48
5
88
98
67
98
37
5
91
16
33
33
16
89
5
76
83
74
85
24
93
32
76
27
5
52
46
72
40
58
84
6
91
63
35
66
25
79
0
23
14
72
86
75
45
6
22
96
76
52
41
49
22
34
45
48
7
30
2
1
23
3
22
5
80
93
27
39
79
62
53
54
42
18
84
66
8
59
8
88
62
18
30
73
2
33
39
4
22
45
83
58
73
18
84
4
5
57
18
23
29
85
34
85
16
16
64
95
45
97
0
59
2
44
86
54
29
85
82
91
82
17
80
15
12
26
54
28
58
79
1
33
39
57
3
33
23
91
73
1
1
35
32
19
88
11
29
56
0
54
61
20
13
17
53
89
18
81
6
96
41
26
26
25
60
22
93
4
87
24
18
78
17
7
0
87
26
73
88
56
74
12
54
21
79
8
43
39
61
40
53
98
4
31
8
57
33
29
35
6
94
94
93
22
16
42
57
2
97
88
55
58
27
36
13
91
84
9
89
9
65
85
70
96
90
2
59
79
70
34
97
16
49
18
55
70
64
38
34
61
69
37
27
24
3
78
51
63
35
1
84
22
86
72
91
13
90
68
60
84
0
34
70
32
92
14
49
35
86
3
89
44
15
66
98
50
12
41
31
5
93
84
26
74
78
50
57
54
11
67
44
66
60
44
58
82
67
98
89
28
55
95
76
60
76
91
37
2
4
62
43
91
48
27
44
42
34
53
3
28
8
40
44
47
61
60
73
61
26
63
63
49
92
92
6
15
76
18
20
55
0
85
65
76
23
78
95
81
58
73
60
21
62
15
87
47
79
90
75
73
15
41
39
99
46
94
45
91
36
77
3
75
62
94
61
50
38
12
1
0
30
84
98
29
7
18
48
89
91
84
82
62
31
40
29
30
61
86
47
33
15
20
14
28
75
2
81
22
44
79
5
88
56
81
15
84
69
30
6
68
70
81
74
7
80
55
60
5
14
48
18
0
70
38
74
24
69
86
9
42
41
39
27
0
70
85
9
43
79
77
75
74
80
42
45
8
0
36
89
43
46
69
56
42
22
71
98
55
99
16
0
21
2
1
64
47
43
83
55
68
18
1
25
96
46
47
90
2
28
37
61
31
9
4
92
38
93
10
39
18
41
44
49
62
11
19
91
82
4
60
34
56
19
32
50
80
99
30
98
8
58
93
87
2
79
35
43
52
6
4
27
8
63
26
34
39
97
37
75
33
87
49
46
16
33
76
41
97
8
75
17
55
93
44
4
41
60
73
65
21
53
90
54
87
86
37
47
66
2
73
55
54
62
26
19
28
15
9
52
69
45
92
39
42
58
49
48
44
71
48
69
9
84
16
11
23
66
66
88
82
1
39
88
93
82
7
17
56
40
70
1
68
52
69
45
16
62
85
12
99
88
40
68
36
71
17
12
25
46
75
61
92
58
34
51
75
73
70
37
28
90
55
88
68
38
73
6
16
58
61
39
56
17
33
77
27
87
63
4
16
94
55
76
60
97
1
0
75
31
55
71
75
47
6
43
14
84
14
88
1
88
53
66
5
59
32
52
40
24
86
54
54
88
61
87
54
24
40
85
17
90
22
86
77
79
94
74
0
39
89
82
41
87
91
73
4
62
72
98
63
46
28
38
27
70
13
7
15
24
76
98
73
79
15
47
47
93
73
81
26
70
95
60
70
11
82
66
34
6
65
62
45
31
36
88
52
48
79
38
55
57
66
68
4
64
16
63
16
40
18
29
4
53
9
38
80
74
15
1
74
96
1
84
69
81
10
33
80
68
30
8
3
81
26
18
44
35
28
72
5
53
34
27
93
6
44
93
85
91
46
31
69
47
57
95
85
80
1
82
45
66
44
58
31
42
23
90
6
83
31
51
80
23
64
61
16
51
99
28
19
63
93
97
78
34
27
13
74
17
28
29
10
22
83
83
53
73
7
59
82
34
15
68
68
34
82
75
37
8
94
16
24
21
8
96
53
67
38
85
27
32
96
20
29
43
69
94
26
82
23
91
34
48
71
53
5
0
59
57
69
73
50
12
42
61
21
95
88
61
15
24
1
77
67
82
5
64
51
52
79
70
46
1
59
87
60
88
76
45
19
6
1
35
94
34
16
71
26
55
60
73
9
75
5
27
27
96
38
14
45
80
40
47
98
7
85
30
14
51
18
87
99
87
15
29
63
66
62
80
24
57
43
78
74
99
95
93
63
71
78
86
64
4
3
62
50
17
35
21
32
57
61
2
6
1
82
82
94
95
81
96
93
49
67
31
60
79
63
63
62
82
36
12
31
47
75
77
29
94
27
70
95
32
38
67
37
36
65
40
53
87
95
53
42
43
89
69
93
81
40
71
31
33
73
75
90
47
97
70
13
33
46
2
92
53
98
66
45
48
94
10
76
60
29
35
59
52
44
57
4
83
89
71
58
96
46
58
98
22
62
52
2
58
77
96
86
33
13
69
97
14
51
2
63
67
58
97
6
75
81
99
28
50
51
88
25
38
23
47
53
48
79
59
29
82
90
93
81
17
14
69
25
32
39
1
89
4
67
99
28
98
88
20
42
18
71
48
69
18
90
6
39
69
15
37
2
48
2
89
73
77
38
23
21
96
11
94
84
73
13
30
46
31
45
59
77
4
41
8
19
54
4
68
9
91
67
19
40
71
77
38
9
82
3
76
20
60
42
94
66
72
14
25
61
36
4
14
28
60
77
70
85
38
16
67
93
23
33
88
18
58
51
83
23
85
56
20
79
20
30
96
19
55
98
38
26
0
56
47
14
52
83
40
3
3
23
9
77
43
15
55
77
19
73
77
24
29
4
61
64
30
39
45
75
15
9
17
28
45
30
12
41
49
63
71
12
2
51
98
4
46
15
84
19
66
70
62
34
5
30
11
4
99
96
90
16
56
4
24
71
3
19
14
23
68
1
81
61
90
21
57
22
87
82
12
38
10
93
77
84
41
64
76
25
91
94
42
79
19
76
87
18
51
1
50
37
6
45
23
0
55
91
89
95
48
45
54
69
51
68
56
35
80
47
67
49
25
50
60
76
0
44
55
46
4
2
32
92
61
69
97
13
30
27
74
8
17
42
91
11
36
69
50
57
84
76
85
3
91
79
76
13
8
92
69
82
79
73
89
66
42
39
78
80
4
15
50
16
62
94
60
91
83
62
85
48
59
11
5
2
18
75
75
4
31
72
17
89
92
19
36
22
67
83
63
2
62
37
2
99
77
56
22
84
14
71
94
44
12
41
52
91
85
43
82
40
97
42
96
47
22
1
35
78
31
93
85
12
63
65
25
44
2
22
44
59
2
54
98
56
75
52
76
20
48
97
9
81
38
5
3
36
43
84
18
6
9
72
65
6
75
15
29
35
20
95
3
90
74
44
83
91
74
86
86
44
58
36
90
8
49
65
40
41
14
37
0
58
96
1
61
59
21
60
89
82
61
80
52
65
55
32
77
69
26
42
8
11
20
38
52
15
79
65
63
52
26
29
3
79
39
30
99
5
8
67
52
40
58
54
82
3
82
93
70
99
21
17
56
64
74
1
92
61
85
78
58
10
53
74
47
5
34
81
64
77
30
66
63
45
93
46
44
45
87
72
87
26
41
70
65
21
32
90
36
85
3
87
21
87
71
83
27
74
1
8
6
98
61
88
90
10
83
37
85
34
24
74
49
12
28
4
78
58
45
87
79
63
14
47
3
77
59
49
71
25
67
81
98
54
67
17
21
1
88
21
77
95
91
12
15
82
22
16
66
5
41
29
29
73
27
81
63
53
23
81
86
78
71
28
75
46
62
79
16
8
7
22
81
87
83
65
62
49
70
57
63
63
40
91
23
13
80
6
42
97
30
50
35
94
41
36
52
12
43
86
97
53
74
64
3
61
20
22
57
25
71
72
68
20
49
67
87
16
41
66
55
10
63
1
15
42
6
85
8
2
5
45
93
27
56
99
67
44
2
76
50
30
53
91
81
65
92
25
46
72
40
71
62
11
23
78
96
67
50
8
15
4
80
27
60
7
54
48
16
57
94
30
92
43
62
58
19
23
38
40
96
95
10
99
86
53
89
11
52
58
54
85
74
72
82
72
69
43
81
34
47
47
40
53
45
8
83
3
12
40
28
53
27
59
4
33
92
89
44
79
55
89
98
78
82
91
31
91
47
9
73
69
36
24
91
95
37
61
83
69
11
64
76
84
78
90
98
94
24
39
1
33
90
55
79
39
15
39
3
41
66
80
27
45
4
32
5
45
9
44
33
87
40
24
15
65
46
38
23
39
25
97
58
25
47
29
56
98
82
41
38
51
45
34
18
95
64
78
96
49
64
40
36
97
40
45
49
62
10
33
4
54
81
91
5
87
3
50
80
86
89
17
12
80
87
6
32
25
13
98
37
21
76
66
59
49
30
33
80
51
66
87
38
63
53
4
48
24
13
31
29
84
46
61
24
34
98
45
99
27
51
91
0
15
50
57
4
60
90
86
13
46
1
99
77
57
14
2
70
69
69
91
79
93
58
0
20
7
7
82
79
58
72
58
75
85
38
70
44
97
46
53
37
73
53
86
65
24
31
95
1
2
36
59
99
91
85
0
23
64
82
62
31
86
57
72
73
42
91
84
85
90
69
82
21
89
68
68
76
31
58
8
37
13
30
78
8
47
99
42
12
92
8
82
78
42
62
74
4
90
29
38
67
56
18
77
72
95
54
0
45
16
73
29
33
14
86
19
97
4
9
57
89
18
5
26
49
11
14
80
83
3
27
30
52
74
29
59
90
14
77
65
7
75
27
16
30
50
83
14
51
42
70
