overall_acc,0.7988
loss,[10.926375419616699, 6.267552368927002, 4.203625029602051, 3.260362828216553, 2.821786502380371, 2.591681373596191, 2.480284882736206, 2.422261951904297, 2.3794541162872314, 2.362200497970581, 2.340229371795654, 2.3267387693786623, 2.3187488346862795, 2.3166670332336428, 2.30630959564209, 2.306172483215332, 2.2964845918273924, 2.293400518760681, 2.3003807553100586, 2.29345580078125, 2.30390047668457, 2.3034527618408203, 2.309814489517212, 2.306798307723999, 2.318152515258789, 2.3185802389526367, 2.3258643341064453, 2.319060800933838, 2.330313986129761, 2.334646321105957, 2.343965520553589, 2.3430802461242677, 2.354818557815552, 2.37207696182251, 2.3745707239151, 2.382860298614502, 2.388845022277832, 2.389899535369873, 2.4022464459228514, 2.4156700986480715, 2.4325472701263426, 2.431648857421875, 2.437156793823242, 2.4386231842041015, 2.461615919799805, 2.468395857696533, 2.4703388119506835, 2.4811256227111818, 2.487158397293091, 2.500970062713623, 2.5141136376953126, 2.5173767077636717, 2.521759121017456, 2.5202346681213377, 2.520399086456299, 2.530267024536133, 2.5486181201171876, 2.541602605895996, 2.549123205871582, 2.5491357321166994, 2.0032661866378785, 1.6335314935302734, 1.4080713935852052, 1.2592765256500245, 1.1525016975784301, 1.0947784758377075, 1.0837768098831178, 1.0610800028991698, 1.0598751201057435, 1.0675276659393311, 1.0547324510002136, 1.0653424837493897, 1.0680033687210082, 1.0707297959518434, 1.093706502304077, 1.0790481963539122, 1.0768652214431762, 1.1004756317901612, 1.1000204901695252, 1.108129506034851, 1.1122620250320434, 1.1126400149917604, 1.1052058644866944, 1.1143348787307739, 1.118050808506012, 1.1195938636779785, 1.1214790196990967, 1.1243030710220336, 1.1317704656982421, 1.1290168997192382, 1.1292515340423583, 1.1420215908050537, 1.1408320948791504, 1.1354188628005981, 1.1437881748962402, 1.1464181410980225, 1.1476770198822022, 1.1596261776733399, 1.1563122563552857, 1.1658748091506959, 1.1544635705947877, 1.1588843639755249, 1.174435411529541, 1.1677071910476684, 1.1713580535507202, 1.1750039903640748, 1.1586466543579101, 1.165099507446289, 1.1755616302490235, 1.17830901348114, 1.1884226190948486, 1.1790917065429687, 1.1796862855529786, 1.1809549126052856, 1.1784989125061036, 1.19294176612854, 1.172244278526306, 1.200948264350891, 1.2013373945617676, 1.193389884109497, 1.0592238500595093, 0.971354018573761, 0.9354906805038452, 0.9042339789581298, 0.8750710584259033, 0.8475975822639465, 0.8202667580986023, 0.7958531207275391, 0.7709873189353943, 0.7473022874641418, 0.7244217409706116, 0.7026362954330444, 0.6811855945205688, 0.6604324503135681, 0.6403852638435363, 0.6208182620048524, 0.6020020613098145, 0.5837250727844239, 0.5661398100280761, 0.548765576171875, 0.5322527244949341, 0.5163682990837097, 0.500428701839447, 0.4854476104259491, 0.47083776213645934, 0.45654006207466125, 0.44279636456489563, 0.4294721991157532, 0.4167408005809784, 0.4042075661945343, 0.3919780374145508, 0.38045350080490115, 0.3690715170192719, 0.35787250146865845, 0.34734009705543517, 0.3368928133583069, 0.3268915619945526, 0.31755255694389345, 0.3084702105140686, 0.2990405276203156, 0.2934612828731537, 0.2912640220165253, 0.2894521160507202, 0.2876867947006226, 0.28592798132896424, 0.2842162090206146, 0.28234940876960757, 0.28079074734687803, 0.27897781702041624, 0.2772843979740143, 0.2756294354820251, 0.27393698029518126, 0.2722516457748413, 0.2705484863948822, 0.26901189356803895, 0.2673483686161041, 0.26573905097961426, 0.264093395652771, 0.2625178653049469, 0.26092016947746277, 0.2593534381198883, 0.2578109883022308, 0.25625680146217344, 0.2546491499900818, 0.2531286304950714, 0.2515972948455811, 0.25006604251861575, 0.24860578420639037, 0.24710131580352784, 0.2455539243412018, 0.24416018476486206, 0.24268439898490907, 0.2411972980594635, 0.23977041409492492, 0.23830155644893647, 0.23683774312019348, 0.2354610060787201, 0.23405278027057647, 0.23266338366508485, 0.23120635023593902]
0,1.0
1,0.9354838709677419
2,0.8260869565217391
3,0.7586206896551724
4,0.7419354838709677
5,0.75
6,0.7391304347826086
7,0.8076923076923077
8,1.0
9,0.9473684210526315
10,0.5
11,0.47619047619047616
12,0.85
13,0.6521739130434783
14,0.8518518518518519
15,0.875
16,0.9230769230769231
17,0.9047619047619048
18,0.5882352941176471
19,0.8
20,0.9444444444444444
21,0.8421052631578947
22,0.8235294117647058
23,0.8076923076923077
24,0.8260869565217391
25,0.5416666666666666
26,0.7083333333333334
27,0.9166666666666666
28,0.76
29,0.7241379310344828
30,0.8518518518518519
31,0.72
32,0.7272727272727273
33,0.6206896551724138
34,0.88
35,0.5
36,0.8571428571428571
37,0.7894736842105263
38,0.8076923076923077
39,0.9565217391304348
40,0.7857142857142857
41,0.9545454545454546
42,0.8260869565217391
43,0.9130434782608695
44,0.6086956521739131
45,0.7631578947368421
46,0.45454545454545453
47,0.7391304347826086
48,1.0
49,0.8823529411764706
50,0.7272727272727273
51,0.7619047619047619
52,0.85
53,0.9310344827586207
54,1.0
55,0.47619047619047616
56,0.7727272727272727
57,0.7142857142857143
58,0.9142857142857143
59,0.7916666666666666
60,0.8518518518518519
61,0.7931034482758621
62,0.8846153846153846
63,0.7916666666666666
64,0.6842105263157895
65,0.7272727272727273
66,0.8076923076923077
67,0.782608695652174
68,0.9523809523809523
69,0.8666666666666667
70,0.8666666666666667
71,0.8571428571428571
72,0.5909090909090909
73,0.6875
74,0.6363636363636364
75,1.0
76,0.8095238095238095
77,0.7058823529411765
78,0.8421052631578947
79,0.8214285714285714
80,0.8275862068965517
81,0.9047619047619048
82,0.918918918918919
83,0.8
84,0.8518518518518519
85,0.9
86,0.8571428571428571
87,0.9
88,0.9523809523809523
89,0.9285714285714286
90,0.7916666666666666
91,0.8974358974358975
92,0.6
93,0.8571428571428571
94,0.9565217391304348
95,0.6896551724137931
96,0.5652173913043478
97,0.9166666666666666
98,0.5384615384615384
99,0.8260869565217391
16
7
91
43
14
92
6
89
13
85
47
27
81
63
59
61
78
24
53
17
27
43
10
54
25
79
68
99
69
64
83
41
23
11
47
20
87
90
52
26
83
67
20
20
7
83
27
45
68
93
86
12
60
73
99
1
70
80
26
58
88
97
88
19
3
23
19
48
90
48
58
16
63
75
71
4
32
15
98
32
45
87
38
96
8
45
92
31
62
61
89
62
78
83
45
85
28
37
54
30
95
7
59
24
94
7
94
94
11
42
65
52
40
97
55
80
82
80
75
93
65
34
5
85
30
74
22
95
81
92
27
52
18
44
62
65
12
84
0
43
48
67
62
89
53
99
90
19
8
68
93
3
53
70
83
0
86
51
58
19
89
90
81
61
41
65
52
66
68
80
43
11
25
27
35
50
88
7
75
53
3
5
35
82
7
81
61
7
91
1
5
17
72
41
94
33
67
8
39
23
80
31
63
71
67
45
10
46
74
49
77
65
50
11
51
15
36
3
41
47
54
87
37
75
55
71
14
0
9
44
57
83
45
22
52
42
89
16
85
39
7
25
98
98
70
54
49
70
87
89
41
65
97
36
83
82
77
46
7
74
80
2
9
78
40
36
91
91
99
73
79
83
42
70
90
50
82
24
38
16
65
39
7
63
10
51
96
51
29
74
53
30
84
26
5
91
53
74
72
15
15
78
5
63
10
80
48
95
72
65
77
3
13
18
92
55
13
72
29
91
91
99
75
58
71
70
98
52
94
89
90
59
57
43
60
89
30
59
78
6
80
80
54
99
60
69
57
18
14
26
9
90
85
32
63
43
73
87
44
26
99
70
8
90
65
80
41
17
39
53
66
48
5
88
98
97
98
12
40
91
16
27
33
16
89
5
69
83
74
85
24
93
32
76
33
5
52
46
21
40
58
84
54
91
63
35
66
41
79
0
23
14
15
86
75
45
6
22
33
76
52
41
90
22
34
45
66
7
30
11
1
23
3
22
5
80
93
27
39
69
62
53
54
63
18
84
26
8
59
8
88
62
29
30
73
2
33
39
4
61
45
83
58
73
18
84
4
5
57
18
23
29
85
34
85
16
16
99
95
45
97
0
87
11
44
86
54
44
85
82
91
82
17
74
58
12
26
54
28
58
6
1
45
44
57
3
33
23
91
73
1
1
98
1
19
88
11
29
56
0
54
61
20
13
17
53
89
18
81
6
47
41
26
26
25
60
22
46
4
47
24
79
74
17
7
0
87
26
73
14
56
46
12
54
21
79
8
43
39
61
40
53
98
74
31
8
57
33
26
35
6
94
87
10
22
16
63
57
2
97
88
72
58
27
36
13
91
84
9
85
9
65
85
70
59
7
2
59
79
70
34
97
86
49
18
55
70
64
38
34
61
69
37
55
24
3
78
51
33
35
1
84
8
86
4
91
58
90
68
60
84
0
34
54
32
92
18
49
35
86
3
89
44
15
66
98
50
12
41
31
34
93
84
26
74
78
50
57
54
11
67
44
66
60
79
58
82
67
98
89
28
55
95
76
60
76
91
37
2
4
62
43
91
48
63
34
42
34
53
3
28
8
40
44
47
61
60
73
61
29
63
43
49
92
92
6
72
68
18
20
55
0
85
75
33
23
42
95
81
58
73
60
21
14
19
87
47
79
90
75
75
15
41
39
99
58
94
45
91
36
77
65
75
62
94
61
50
38
12
1
0
30
84
98
29
7
18
48
81
91
84
63
62
31
40
72
30
61
86
96
96
98
20
14
28
75
2
81
22
73
79
5
33
56
81
31
84
69
30
6
68
70
81
74
7
80
55
60
5
14
48
83
0
70
38
43
24
69
16
9
42
41
39
27
0
70
85
9
43
79
77
75
74
80
42
62
8
0
36
89
43
46
69
56
42
22
71
98
72
40
16
0
21
2
1
64
47
43
83
65
68
18
1
25
96
98
47
90
2
78
37
61
31
9
4
92
38
93
28
39
18
41
44
49
1
11
74
91
82
4
60
34
56
19
32
74
87
99
49
98
8
58
93
87
11
79
35
43
52
6
4
27
8
63
26
34
39
97
52
75
33
87
49
46
16
33
76
41
97
8
75
17
80
93
27
4
41
60
30
31
21
77
90
54
87
86
37
52
38
2
73
55
87
62
26
19
28
15
57
47
17
45
92
39
42
13
49
48
44
71
48
69
40
26
88
11
71
66
66
88
82
1
39
88
93
82
18
76
56
40
70
77
68
52
81
45
16
62
85
12
99
88
40
68
36
60
17
87
20
46
75
61
70
58
97
51
75
73
70
37
28
90
55
88
68
38
73
6
16
58
16
39
56
17
33
77
63
87
75
4
16
94
55
76
60
97
1
0
75
31
55
71
75
52
6
43
14
84
14
51
1
88
53
66
5
59
32
52
40
24
86
54
54
88
61
87
54
24
40
85
17
90
22
86
77
79
94
45
0
39
89
82
41
87
91
73
4
62
72
98
10
46
28
38
74
70
13
7
15
24
76
98
67
79
15
47
47
93
73
81
26
70
95
60
70
2
82
66
34
6
65
62
74
31
36
88
47
48
79
50
15
57
66
68
97
64
16
63
16
22
18
29
63
53
9
38
80
74
15
1
59
96
1
84
69
81
10
33
80
68
30
8
3
13
45
18
20
35
58
63
5
53
34
27
93
6
44
93
37
91
46
31
69
47
57
95
85
80
1
82
45
66
44
58
31
42
23
90
18
83
31
51
80
23
64
61
61
51
99
28
19
63
26
97
78
34
71
13
50
17
28
29
10
22
83
83
53
73
7
59
82
34
15
68
68
34
82
75
37
8
94
16
24
21
8
47
53
49
38
16
27
32
96
20
29
43
69
94
26
82
23
91
34
48
71
53
5
0
59
57
69
73
27
12
42
61
21
65
88
28
15
24
1
77
67
82
5
64
51
52
79
70
46
1
59
87
60
88
76
45
34
6
1
35
94
80
25
71
26
30
60
73
9
75
5
72
27
32
38
56
45
80
40
47
48
18
85
30
14
51
79
89
99
86
15
29
63
66
62
80
24
57
43
78
74
99
95
93
63
12
78
86
64
46
3
62
77
17
35
29
32
57
61
2
45
92
82
82
94
95
81
96
77
49
67
38
60
79
90
63
62
82
36
12
31
47
75
77
29
94
27
70
95
32
38
67
17
2
65
40
53
87
95
53
42
43
89
69
93
81
84
71
19
33
73
75
85
47
97
54
13
33
46
10
92
53
40
66
45
48
94
10
69
60
42
98
59
52
44
57
4
83
89
71
68
52
32
58
35
22
62
52
2
58
77
96
86
33
58
69
97
14
51
2
63
45
58
42
6
75
81
99
28
50
57
88
25
38
71
47
53
48
79
59
29
82
90
93
81
17
14
69
25
32
39
14
89
27
67
99
28
98
88
20
42
18
71
48
69
1
35
6
39
72
15
37
2
48
15
89
67
77
38
23
21
96
11
41
84
30
58
30
98
31
83
59
77
4
41
8
19
54
74
68
9
91
67
19
40
71
77
38
9
82
3
76
20
60
42
94
66
72
14
25
61
36
4
14
51
60
7
62
44
66
16
27
93
23
33
88
18
58
0
83
23
85
56
20
79
20
30
96
19
4
35
38
26
0
56
47
57
96
10
78
3
3
46
9
77
43
15
72
77
19
73
80
7
69
4
61
64
30
39
14
19
51
9
17
28
45
16
12
70
49
63
71
12
2
77
11
80
46
15
84
19
66
70
62
34
94
30
41
42
99
96
90
16
59
4
24
71
3
15
14
23
68
45
81
61
90
21
57
22
87
82
12
38
10
93
77
84
41
64
76
25
91
94
42
79
19
76
87
18
51
1
50
37
6
45
23
0
55
91
89
95
48
45
54
69
51
68
56
86
80
47
67
71
25
50
60
79
0
44
74
46
80
2
32
83
61
69
97
13
30
27
74
8
17
42
91
35
43
69
65
57
84
49
89
21
91
79
76
13
8
92
69
82
7
73
89
32
42
39
45
80
63
15
50
16
62
94
60
12
83
62
85
48
33
11
5
11
91
75
75
4
31
72
17
89
92
19
36
22
67
83
63
2
92
37
2
99
77
56
22
84
14
71
94
44
12
41
52
91
85
43
82
40
97
42
96
47
22
1
11
78
72
93
85
51
63
65
25
44
2
86
44
59
2
54
98
56
75
47
76
20
48
97
9
81
38
5
3
50
43
84
18
6
9
72
38
6
75
15
29
35
20
95
3
58
74
44
83
91
74
86
10
74
58
36
90
8
49
80
40
10
14
37
0
58
96
1
61
59
21
60
89
82
61
80
52
65
55
32
77
69
99
42
79
11
20
38
52
15
79
65
63
96
26
29
3
79
39
30
99
5
8
38
52
40
58
54
82
3
96
93
70
18
21
17
56
64
74
1
92
61
85
78
58
10
53
74
47
5
34
81
64
77
30
66
63
45
93
46
88
45
87
4
87
26
41
70
78
21
32
90
36
85
3
87
21
87
71
53
27
74
1
8
93
98
61
88
90
10
83
27
58
34
24
74
49
12
28
50
78
58
45
87
79
63
14
47
31
77
52
60
71
25
67
81
2
54
67
17
21
1
88
21
77
95
91
12
15
82
22
16
66
5
41
29
29
73
27
81
63
53
23
81
86
42
71
28
75
35
62
79
16
8
7
22
81
87
10
65
62
49
70
57
74
33
40
91
23
13
80
6
42
15
30
55
35
94
41
36
59
12
43
86
97
53
50
64
3
61
20
22
57
25
71
72
68
20
49
67
87
16
41
66
27
12
54
1
15
42
6
85
8
2
25
45
93
71
56
99
67
78
2
76
50
30
53
91
81
65
92
23
11
95
40
71
62
11
23
78
96
67
36
8
15
4
80
27
60
7
54
48
16
57
94
30
92
43
62
58
19
23
38
40
96
95
16
99
86
53
89
11
52
58
54
85
74
72
82
72
69
43
37
34
47
52
40
53
45
8
83
3
26
40
28
53
27
59
4
33
92
89
44
12
55
89
98
78
82
91
31
91
47
9
73
69
36
26
91
95
37
61
83
69
35
3
76
65
61
81
35
94
24
39
1
33
27
55
7
39
15
39
3
41
66
80
27
45
74
32
5
45
9
93
33
65
35
24
59
65
11
38
49
39
25
97
84
25
47
29
56
98
82
41
38
51
79
19
18
95
64
78
96
49
64
40
36
97
40
45
49
62
10
56
4
54
81
91
5
87
3
50
80
86
89
17
12
80
55
24
27
40
13
98
81
21
76
99
59
49
30
33
80
51
66
87
38
63
53
4
48
24
13
31
49
84
46
61
24
34
98
45
99
27
51
91
0
72
50
57
4
60
81
86
9
8
1
99
77
57
14
2
70
69
69
91
79
14
58
0
20
7
85
82
79
58
95
58
75
85
38
70
29
97
46
14
37
30
28
86
50
24
34
95
1
2
36
59
99
91
85
0
23
64
82
62
31
86
57
72
73
63
91
84
85
90
69
82
21
89
68
68
76
31
58
8
37
13
30
78
88
47
99
42
12
92
8
82
78
97
62
74
4
12
29
97
27
56
18
77
72
95
54
0
88
16
73
29
33
14
86
19
97
4
9
53
89
14
5
26
49
11
14
80
83
3
27
30
59
74
29
59
90
14
77
65
7
75
27
16
30
74
83
14
51
42
70
