overall_acc,0.7924
loss,[10.900956362609863, 6.239557389526367, 4.193409214935302, 3.2544190007019043, 2.8089151098632814, 2.5863357468414305, 2.4896756275177, 2.410242301864624, 2.3811038526153565, 2.355497331314087, 2.347605647659302, 2.3342874255371093, 2.312065995941162, 2.314709903488159, 2.3063485899353027, 2.300456661224365, 2.2989785274505614, 2.292723991088867, 2.2932984411621096, 2.303541970901489, 2.2977909579467775, 2.309403880615234, 2.2952140966796875, 2.309227222442627, 2.306369602127075, 2.314229819946289, 2.316416792984009, 2.323936946258545, 2.3275799113464357, 2.3432114644622803, 2.3304510594177246, 2.344999648895264, 2.347306543121338, 2.361979072418213, 2.370244840087891, 2.3779920161437986, 2.380645935821533, 2.3919254783630373, 2.397869372253418, 2.413763904876709, 2.4095158671569825, 2.4232791931152344, 2.4318105713653564, 2.4475705838775634, 2.4458722387695313, 2.4603201835632325, 2.454069729614258, 2.4812450010681153, 2.482994258117676, 2.4957401782226563, 2.4939718350982667, 2.5093712146759035, 2.5148618574523924, 2.515208784484863, 2.520224531097412, 2.513290906982422, 2.5175930726623537, 2.530200053100586, 2.5405637832641603, 2.5338072566986085, 2.0067796689605713, 1.626677442779541, 1.4108809463119507, 1.2503504531097411, 1.1565538339996337, 1.0939548403549195, 1.0735776745796204, 1.0637366466903686, 1.0611398822784424, 1.049619887485504, 1.0568562962722778, 1.0617961319732665, 1.0635084386825562, 1.0723753018951416, 1.069147070541382, 1.071055340194702, 1.079013666381836, 1.0762787981986999, 1.0926558071517944, 1.093434657268524, 1.0966869012641907, 1.1055569282150268, 1.104524964981079, 1.11166528591156, 1.1042888237380981, 1.1148282231903077, 1.1101964693069457, 1.1203981854629517, 1.1339123168945313, 1.1315865935516358, 1.1271653803253174, 1.1403332948303222, 1.1423710040283204, 1.130892792854309, 1.144225458984375, 1.14783603597641, 1.1488036143875122, 1.1509426424407958, 1.1670719083404542, 1.137147392578125, 1.1535737535858155, 1.1567612047576905, 1.1542603619766236, 1.159785132484436, 1.1678041891479491, 1.1685835441589356, 1.1718139234161378, 1.1709151439666747, 1.1755124660491942, 1.1791218235778809, 1.1810935137939453, 1.1874205414581298, 1.1780329429244996, 1.17262736579895, 1.1804589529800416, 1.1787182255554198, 1.1804947018051148, 1.1820225856018067, 1.1962807223510743, 1.192135331916809, 1.0573092203521728, 0.9705826639175416, 0.9328282280158997, 0.900901959400177, 0.8716296638870239, 0.8444906173706055, 0.8182808543777466, 0.7934414470863342, 0.7688695921325683, 0.745144349269867, 0.7225023447418213, 0.7007157076644898, 0.6790131678581238, 0.6583151027870178, 0.638334486503601, 0.618879495677948, 0.599986353263855, 0.5816455891036987, 0.5643402061653138, 0.5473119135093689, 0.5306694992828369, 0.5149823689460754, 0.4993799536037445, 0.4840341743087769, 0.4696705097770691, 0.45555789507865907, 0.4414807926177979, 0.42825096011161806, 0.4157765675926208, 0.40334205326080325, 0.39100372813224793, 0.3792247568321228, 0.3679280384349823, 0.35697615882873535, 0.3463018927001953, 0.3358284784507751, 0.32590431218147276, 0.3162112751770019, 0.30681990251541136, 0.29766205706596377, 0.29199445167541505, 0.29028736077308653, 0.28837109857559207, 0.28666560180664064, 0.28487567729949953, 0.2831191437244415, 0.2815129125118256, 0.27967818425178526, 0.27800885332107544, 0.2763344095420837, 0.2746689296340942, 0.2729931221485138, 0.2713688219451904, 0.26965273438453674, 0.2680839743041992, 0.26643348395347594, 0.2648385397720337, 0.26326837918281554, 0.2616475256729126, 0.26009054293632505, 0.25846706995010377, 0.2569280229949951, 0.2554016815471649, 0.25379862476348874, 0.2523014459514618, 0.25080041375160217, 0.2492558749961853, 0.24776691559791564, 0.24627624258995057, 0.24476847762107848, 0.2433214935874939, 0.24189151931285857, 0.24037376840591432, 0.23892300050258636, 0.2374511525774002, 0.23608479832172394, 0.23464520843029021, 0.23321547885894775, 0.23181229845046997, 0.23043216566085817]
0,0.9565217391304348
1,0.967741935483871
2,0.782608695652174
3,0.7241379310344828
4,0.7741935483870968
5,0.75
6,0.8695652173913043
7,0.8846153846153846
8,1.0
9,1.0
10,0.45
11,0.47619047619047616
12,0.85
13,0.6521739130434783
14,0.8148148148148148
15,0.8333333333333334
16,0.9230769230769231
17,0.9047619047619048
18,0.7058823529411765
19,0.8
20,0.8333333333333334
21,0.7894736842105263
22,0.9411764705882353
23,0.7307692307692307
24,0.782608695652174
25,0.625
26,0.8333333333333334
27,0.875
28,0.8
29,0.7241379310344828
30,0.8148148148148148
31,0.68
32,0.7272727272727273
33,0.7586206896551724
34,0.88
35,0.36363636363636365
36,0.9047619047619048
37,0.6842105263157895
38,0.8076923076923077
39,0.9130434782608695
40,0.75
41,0.9545454545454546
42,0.782608695652174
43,0.9130434782608695
44,0.6521739130434783
45,0.7368421052631579
46,0.5
47,0.6521739130434783
48,1.0
49,0.9411764705882353
50,0.7272727272727273
51,0.7142857142857143
52,0.85
53,0.9310344827586207
54,0.9545454545454546
55,0.6666666666666666
56,0.8636363636363636
57,0.6785714285714286
58,0.8857142857142857
59,0.7916666666666666
60,0.8148148148148148
61,0.8620689655172413
62,0.8846153846153846
63,0.75
64,0.7894736842105263
65,0.5909090909090909
66,0.7692307692307693
67,0.6956521739130435
68,0.9523809523809523
69,0.9333333333333333
70,0.7666666666666667
71,0.7619047619047619
72,0.45454545454545453
73,0.625
74,0.5757575757575758
75,0.9285714285714286
76,0.8571428571428571
77,0.7058823529411765
78,0.7368421052631579
79,0.8928571428571429
80,0.7586206896551724
81,0.8571428571428571
82,0.918918918918919
83,0.7333333333333333
84,0.8148148148148148
85,0.9666666666666667
86,0.8214285714285714
87,0.9
88,1.0
89,0.8571428571428571
90,0.8333333333333334
91,0.8974358974358975
92,0.68
93,0.8571428571428571
94,0.9130434782608695
95,0.6206896551724138
96,0.5652173913043478
97,0.7916666666666666
98,0.6538461538461539
99,0.8695652173913043
16
7
91
43
14
92
6
89
13
85
47
27
81
63
59
10
78
18
53
17
27
43
61
54
25
79
68
31
69
64
83
41
49
98
96
20
87
90
47
26
83
67
20
20
7
83
27
45
68
93
86
12
60
45
99
1
70
16
26
58
88
34
88
19
34
71
19
48
44
48
58
16
63
75
55
4
91
15
98
32
14
87
38
12
8
45
92
31
62
61
89
92
78
83
45
85
28
37
54
30
95
7
59
24
94
7
94
94
11
42
65
63
40
38
80
80
82
80
75
51
74
34
5
59
30
74
22
19
81
92
27
52
18
44
62
72
69
84
0
43
48
67
62
45
53
99
81
19
8
68
3
3
83
70
83
0
95
51
58
19
89
90
66
61
41
80
52
66
68
80
43
46
5
27
35
50
88
14
75
53
3
5
98
82
7
81
61
7
91
1
5
37
72
41
94
33
67
79
39
23
6
31
63
71
67
45
10
46
74
33
77
65
50
35
51
85
36
3
41
47
54
87
37
75
4
71
14
24
9
44
57
83
45
22
52
63
89
22
85
39
7
25
98
5
70
70
49
70
87
89
41
25
97
36
83
82
79
46
7
74
80
2
9
91
40
36
91
91
99
73
40
83
42
62
90
50
82
24
65
16
25
39
7
63
10
51
96
77
29
66
53
30
84
29
5
26
53
74
72
15
15
44
25
66
20
55
48
73
63
38
77
3
13
18
92
55
13
73
29
91
91
61
75
58
71
54
98
52
94
89
90
59
57
43
60
13
30
59
78
6
80
80
54
83
60
76
54
18
14
26
9
81
85
32
63
43
73
87
44
26
99
70
8
90
65
80
41
17
39
53
66
48
5
88
98
27
98
37
46
91
16
27
33
16
89
5
69
83
74
85
24
72
32
76
45
84
52
46
74
40
58
84
6
91
63
46
66
41
79
0
23
14
21
86
75
45
6
22
33
76
52
81
90
22
34
45
48
7
30
2
1
23
3
22
5
80
93
18
39
79
92
53
54
63
18
84
65
8
59
8
88
62
29
30
73
2
33
39
63
22
45
83
58
73
18
84
4
5
57
18
23
29
85
34
42
16
86
99
95
45
97
0
87
32
44
86
54
29
85
82
91
82
17
32
58
12
26
54
28
58
79
1
33
44
57
3
33
49
91
73
1
1
11
1
19
88
11
29
56
0
54
61
20
13
17
53
89
18
81
6
96
41
26
26
25
60
22
55
4
87
24
90
78
17
7
0
87
26
95
14
56
18
12
54
80
79
8
43
39
51
40
53
98
4
31
8
57
33
26
35
6
94
94
65
22
16
64
57
2
63
88
72
58
27
36
13
91
84
9
89
9
65
85
70
59
41
2
59
79
70
34
97
16
49
44
55
70
27
38
34
61
69
37
64
24
3
78
51
33
2
1
84
22
86
4
91
13
90
68
60
84
0
34
14
32
92
14
49
35
86
3
89
44
15
66
98
50
12
41
31
5
93
84
26
74
72
50
57
54
35
73
44
66
60
26
58
82
67
98
89
28
55
95
76
60
76
91
37
2
64
62
43
91
48
27
34
33
34
53
3
28
8
44
44
33
61
60
73
61
29
18
63
49
92
92
45
55
68
18
20
72
0
85
65
18
23
4
95
81
58
73
60
21
62
19
87
47
79
90
75
72
15
41
39
99
33
94
45
91
36
77
65
75
62
94
61
50
38
12
1
0
30
84
98
29
7
18
48
81
91
84
27
62
31
40
72
30
61
86
96
33
98
20
14
28
75
2
81
22
44
79
5
88
56
81
15
84
69
30
6
68
70
16
74
7
18
55
60
5
14
48
83
0
70
38
4
24
69
16
9
42
41
39
27
0
70
85
9
43
79
77
75
74
80
42
45
8
0
36
89
43
46
69
56
39
22
71
98
72
40
16
0
21
2
1
64
47
43
92
75
68
18
1
25
96
46
96
90
2
51
49
61
31
9
4
92
38
93
28
39
18
41
44
49
1
11
38
91
82
4
60
34
56
19
32
74
87
99
30
98
8
58
93
87
2
79
35
43
52
6
4
27
8
63
26
34
39
97
37
75
33
87
49
46
16
33
76
41
97
8
75
17
55
93
27
4
41
60
30
55
21
53
90
54
87
86
37
47
75
2
73
55
25
62
26
65
28
15
14
47
69
45
92
39
42
13
49
48
44
71
48
69
9
26
88
11
71
66
66
88
82
1
39
88
93
82
7
17
56
40
70
1
68
52
69
45
16
62
85
12
99
88
40
68
36
60
17
87
25
46
75
61
83
58
88
51
75
73
54
37
28
90
55
88
68
38
73
6
16
58
61
39
56
17
33
77
50
87
75
4
16
94
55
76
60
97
1
0
75
31
55
60
75
52
6
43
14
84
14
51
1
88
53
66
5
56
32
52
40
24
86
54
54
88
61
87
54
24
5
85
17
90
22
86
77
79
76
45
0
39
89
82
41
87
91
73
4
62
3
98
10
46
28
38
74
70
13
7
15
26
76
98
74
79
15
47
47
93
73
81
26
70
95
60
70
2
82
66
34
6
64
62
74
31
36
88
52
48
79
38
19
57
66
68
97
64
16
63
16
95
18
29
84
53
9
38
80
33
15
1
93
72
1
84
69
81
10
33
80
68
30
8
3
81
26
18
44
35
28
93
5
53
34
27
93
18
44
93
85
91
98
31
69
47
57
95
85
80
1
82
79
66
44
58
31
42
23
90
18
83
31
51
80
23
64
61
40
51
99
28
19
63
26
97
78
34
60
13
74
17
28
29
10
57
83
83
53
73
7
59
82
34
15
68
68
34
82
75
37
8
94
16
24
21
8
96
53
49
38
85
27
32
96
20
29
43
69
94
26
54
23
91
34
48
71
53
5
0
59
83
69
73
27
12
42
61
21
65
88
28
15
24
1
77
67
82
5
64
51
52
79
92
46
1
59
87
60
88
76
45
19
7
1
35
94
79
16
49
26
30
60
73
9
75
5
27
14
96
38
14
45
80
40
47
2
7
85
30
92
51
79
89
99
86
15
29
63
66
62
80
24
57
43
78
49
99
95
93
55
12
78
86
64
4
19
62
50
17
5
55
32
57
61
11
6
83
82
82
94
95
81
96
77
49
67
15
60
20
90
63
62
82
36
12
31
47
75
77
29
94
27
70
95
32
38
32
37
2
65
40
53
87
95
53
42
43
89
69
93
81
40
71
31
33
91
75
85
47
97
70
13
19
46
83
92
53
46
66
45
48
94
10
69
60
42
98
59
52
44
57
4
83
89
71
12
52
46
58
98
22
62
52
2
58
77
96
86
33
58
69
97
14
51
2
4
45
58
42
6
66
81
99
28
50
57
88
25
38
71
47
53
48
79
59
29
82
90
45
81
17
14
69
25
32
39
10
89
4
67
99
28
98
88
20
74
18
71
48
69
18
41
6
39
38
15
37
77
48
98
89
67
77
38
27
21
96
11
89
84
30
58
30
98
16
45
59
77
74
41
8
19
54
4
68
9
91
67
19
40
71
77
38
9
82
3
76
20
23
42
94
66
72
6
25
61
36
4
14
61
60
14
62
27
38
10
67
93
23
33
88
18
58
51
83
23
85
56
20
7
20
30
47
19
4
35
80
26
0
56
47
83
59
83
40
3
3
23
9
77
43
15
55
77
19
73
77
7
56
4
61
64
30
39
14
75
17
9
17
28
45
8
12
41
49
63
60
12
11
77
35
68
65
15
84
19
34
70
62
34
94
73
35
32
99
33
90
16
56
4
24
71
3
19
14
23
68
1
81
10
90
21
57
22
87
82
12
38
10
93
77
84
41
64
76
25
91
94
42
79
19
76
87
18
51
1
50
37
6
45
23
0
55
91
89
95
48
45
54
69
9
68
56
2
80
37
67
71
25
50
60
79
0
44
55
46
80
2
32
92
61
69
97
13
30
27
74
8
17
42
91
35
36
69
50
57
84
32
85
3
91
44
76
13
8
92
69
82
26
73
89
32
42
39
26
80
63
15
50
16
62
94
60
75
83
62
85
48
59
11
5
64
67
75
75
4
31
72
17
89
70
19
36
22
73
83
63
2
92
37
11
99
77
56
22
84
14
71
94
44
12
41
52
91
85
43
82
40
97
42
96
47
22
1
11
78
72
93
85
12
63
65
25
44
2
86
26
59
2
54
11
56
75
52
76
20
48
97
9
10
38
5
3
50
43
84
18
6
9
72
42
82
75
15
29
11
20
95
3
90
74
14
83
91
74
86
10
63
58
36
90
8
49
80
40
26
62
13
0
58
96
1
61
59
21
60
89
82
61
80
52
65
55
32
77
69
26
42
79
11
20
38
52
15
7
65
63
52
26
29
3
79
39
30
99
5
8
38
52
40
58
54
82
3
96
93
70
99
21
17
56
64
74
1
92
61
85
78
58
10
53
44
47
5
34
81
64
77
67
66
63
45
93
46
27
74
87
63
87
26
41
70
51
21
32
90
36
85
3
87
21
87
71
83
27
74
1
8
93
98
61
88
90
10
83
27
85
34
24
74
49
12
28
50
75
58
45
87
79
67
14
47
3
77
59
60
71
25
67
81
98
54
67
17
21
1
88
21
77
95
91
12
15
82
22
16
66
25
26
38
29
73
27
81
63
53
23
81
86
78
71
28
75
35
62
79
16
8
7
22
81
87
83
65
62
49
70
57
55
33
40
91
23
13
80
6
42
66
30
30
11
94
41
36
52
12
43
86
97
53
50
97
72
61
20
22
57
25
71
74
68
20
49
67
87
16
41
66
18
87
51
1
15
42
6
85
8
2
5
45
93
71
56
99
67
32
2
76
50
30
53
91
81
65
70
23
11
72
40
74
62
11
23
78
96
67
36
8
15
4
80
27
60
7
54
48
16
57
94
30
92
43
62
58
19
23
38
51
33
95
10
99
86
53
89
11
52
58
54
85
74
72
82
72
32
43
81
34
47
52
40
53
45
8
83
3
26
40
28
53
27
59
4
33
62
89
44
44
55
89
98
78
82
91
31
91
47
9
73
69
36
10
91
95
37
61
70
69
2
3
76
65
78
90
98
94
24
86
1
33
33
55
7
39
15
99
3
41
66
80
27
45
4
32
5
45
9
93
33
28
11
24
37
65
11
38
23
39
25
97
74
87
96
29
56
98
82
41
38
51
79
19
18
95
64
78
96
49
64
40
36
97
40
45
49
62
10
56
4
79
81
91
5
87
3
50
80
86
41
17
12
80
4
79
32
40
13
98
59
21
76
74
59
49
30
33
65
51
66
87
38
63
53
11
48
24
13
31
29
84
46
61
24
34
46
45
99
27
51
91
0
72
50
57
4
60
90
86
9
46
92
99
77
57
14
2
70
69
69
32
79
93
58
0
20
7
85
82
79
58
72
58
3
85
55
62
27
97
35
53
37
73
28
86
50
24
31
95
1
2
36
59
99
91
85
0
60
64
82
62
31
86
57
72
73
65
91
84
85
90
69
82
21
89
68
68
76
31
58
8
90
13
30
78
88
33
73
44
12
92
8
82
78
97
62
74
4
69
27
38
77
56
18
77
72
95
54
0
45
16
73
29
33
6
86
19
97
4
9
53
89
14
5
26
49
11
14
80
83
75
27
30
52
74
29
59
90
14
77
4
7
75
27
16
30
74
0
65
51
42
70
