overall_acc,0.8032
loss,[10.87590443725586, 6.239261650390625, 4.200316679077148, 3.257677752456665, 2.823012516555786, 2.5971606372070313, 2.487061145477295, 2.429538693771362, 2.3868093656158447, 2.3516088526153562, 2.3375251791381837, 2.330418834686279, 2.3153641136932372, 2.309115652618408, 2.297784663391113, 2.2956748866271974, 2.2970670513916014, 2.295905879096985, 2.2793043217468263, 2.2848744144439697, 2.295513646697998, 2.2939306634521484, 2.3021045083618166, 2.299926772003174, 2.310727619476318, 2.2982734714508055, 2.31467065864563, 2.311083605041504, 2.311818390045166, 2.3273501960754395, 2.342715441131592, 2.348630904006958, 2.3352854667663574, 2.3593968741607667, 2.3599769817352296, 2.358423811416626, 2.3772076193237304, 2.3848873638153076, 2.3933318507385253, 2.397496816101074, 2.4115571085357668, 2.4227701016235352, 2.43020407623291, 2.4449750912475587, 2.443032752075195, 2.446202006225586, 2.463734265060425, 2.469147056274414, 2.471737840042114, 2.4825793334197996, 2.493205263290405, 2.495746621551514, 2.500388925628662, 2.5074295463562013, 2.5066740410614012, 2.51262436920166, 2.5147449269866944, 2.512005812225342, 2.523471570510864, 2.5178439903259275, 1.9932222401046753, 1.6171314813232422, 1.3995521421813966, 1.2429136046600342, 1.143702876701355, 1.0903631292915343, 1.065415433883667, 1.0578296647834777, 1.0467632759094239, 1.0375341195678711, 1.0595556679534912, 1.0719741423416138, 1.0517468976974487, 1.0697502047729492, 1.062539661064148, 1.0627563601875305, 1.064264642677307, 1.0852166636276246, 1.084646293144226, 1.0822652988433838, 1.0930863298416138, 1.0981527775192261, 1.0945319851303101, 1.0965569663619996, 1.092882600708008, 1.1051296196746827, 1.1157962890052795, 1.095672380142212, 1.1216198471069336, 1.1087197143936158, 1.1265756650924683, 1.1260088341903687, 1.1291794050979613, 1.133215498600006, 1.1314663332748414, 1.1308327295684815, 1.1371357345199584, 1.1281114805221557, 1.140529090423584, 1.146185051651001, 1.1389085295104981, 1.1532029540252686, 1.1556071452331542, 1.1513207878875733, 1.1729703060913086, 1.1480259854125976, 1.1507300095367432, 1.1804187057876587, 1.170715205116272, 1.158196803894043, 1.162378996810913, 1.156827377319336, 1.163698881072998, 1.1733678583526612, 1.1743380799865724, 1.173209935684204, 1.1686229308700562, 1.181788111000061, 1.1844527338027955, 1.1772993144226074, 1.0418494720840454, 0.9590371216011048, 0.9229565345382691, 0.8911358672904969, 0.862967067451477, 0.8354752906227112, 0.809645308303833, 0.7847282396507264, 0.7606505675125123, 0.7370982849693298, 0.7142550741386413, 0.6926405783462525, 0.6717013628578186, 0.6511080143737793, 0.6313680720710755, 0.6122146488380432, 0.5935274522209167, 0.5755154514884949, 0.5584747646331787, 0.5416825082206727, 0.5247404067611694, 0.5092506998062134, 0.49399764671325685, 0.47899263107299805, 0.4645856057357788, 0.45063527252197266, 0.43681103199958804, 0.4237728617954254, 0.4110987194728851, 0.39896695638656615, 0.38670994415283205, 0.37552280275344846, 0.3641777623081207, 0.3535550080013275, 0.34263539674758914, 0.3322694578266144, 0.3222760154914856, 0.3127123934173584, 0.3035922215938568, 0.29465235931396483, 0.2889214734172821, 0.28706908944129944, 0.2853483960533142, 0.2836390243244171, 0.28187845134735107, 0.280127484588623, 0.27845090683937074, 0.27676098271369937, 0.27504337003707885, 0.273397878742218, 0.2718087794589996, 0.27003134506225585, 0.26841061042785647, 0.26680342925071715, 0.26518119843482973, 0.2635883733940125, 0.26192427083969116, 0.26036065889358523, 0.2588683379840851, 0.25729204859733584, 0.25570964959144593, 0.2541273184585571, 0.2526335382080078, 0.2511584668254852, 0.2496113428401947, 0.24808745929718018, 0.24657281651973725, 0.24507715098381042, 0.24362047634124756, 0.24215030236721038, 0.24065969593048095, 0.23925764662265778, 0.23777131506443025, 0.23637631644248963, 0.23494051581859587, 0.2335604906129837, 0.23212770138263703, 0.23069275218963622, 0.22935996270179748, 0.22796554203033448]
0,1.0
1,0.9354838709677419
2,0.8260869565217391
3,0.8275862068965517
4,0.8064516129032258
5,0.7083333333333334
6,0.8695652173913043
7,0.8461538461538461
8,1.0
9,1.0
10,0.45
11,0.38095238095238093
12,0.8
13,0.6521739130434783
14,0.7777777777777778
15,0.9166666666666666
16,0.8846153846153846
17,0.9047619047619048
18,0.6176470588235294
19,0.84
20,0.8333333333333334
21,0.8421052631578947
22,0.8823529411764706
23,0.8076923076923077
24,0.8695652173913043
25,0.625
26,0.7916666666666666
27,0.7916666666666666
28,0.8
29,0.6206896551724138
30,0.9259259259259259
31,0.76
32,0.6818181818181818
33,0.5862068965517241
34,0.88
35,0.5
36,0.8095238095238095
37,0.7894736842105263
38,0.8461538461538461
39,1.0
40,0.7857142857142857
41,0.8636363636363636
42,0.8260869565217391
43,0.8695652173913043
44,0.6086956521739131
45,0.7631578947368421
46,0.5454545454545454
47,0.6086956521739131
48,1.0
49,0.8823529411764706
50,0.8181818181818182
51,0.7619047619047619
52,0.75
53,0.896551724137931
54,0.9545454545454546
55,0.6666666666666666
56,0.8181818181818182
57,0.7142857142857143
58,0.8857142857142857
59,0.7916666666666666
60,0.8148148148148148
61,0.8275862068965517
62,0.9230769230769231
63,0.75
64,0.631578947368421
65,0.6818181818181818
66,0.8846153846153846
67,0.6956521739130435
68,0.9523809523809523
69,0.9333333333333333
70,0.8
71,0.8571428571428571
72,0.5
73,0.65625
74,0.6666666666666666
75,0.9642857142857143
76,0.9047619047619048
77,0.7058823529411765
78,0.6842105263157895
79,0.9285714285714286
80,0.7931034482758621
81,0.9523809523809523
82,0.9459459459459459
83,0.9333333333333333
84,0.8518518518518519
85,0.9666666666666667
86,0.7857142857142857
87,0.8666666666666667
88,0.9523809523809523
89,0.9285714285714286
90,0.8333333333333334
91,0.8974358974358975
92,0.72
93,0.8571428571428571
94,0.9565217391304348
95,0.6896551724137931
96,0.6521739130434783
97,0.7916666666666666
98,0.6153846153846154
99,0.9130434782608695
16
7
91
43
14
92
6
89
13
85
96
27
81
63
59
10
78
24
53
17
27
43
10
54
94
79
68
31
69
64
83
41
23
48
47
20
87
90
52
26
83
51
20
20
7
83
27
45
68
93
86
13
69
45
99
1
62
86
26
58
88
64
88
19
3
71
19
48
44
48
58
16
63
75
71
4
1
55
98
32
14
87
38
12
8
45
92
31
62
61
89
62
78
83
45
85
28
37
54
30
95
7
59
24
94
7
94
94
11
42
65
52
40
38
55
80
82
2
75
51
74
34
5
85
30
74
22
95
81
92
27
52
18
18
62
65
69
84
0
43
48
67
62
45
53
18
81
19
8
68
64
3
83
70
39
0
95
51
58
19
89
90
81
61
41
33
52
66
68
80
4
46
25
27
35
50
88
14
75
53
3
5
11
82
7
81
61
7
91
1
5
37
72
41
94
33
67
79
39
23
6
31
63
71
67
45
84
46
74
49
77
97
50
15
51
85
36
3
41
96
54
87
37
75
74
71
14
0
9
44
57
83
45
61
52
42
89
61
85
39
18
25
98
65
70
92
49
70
87
89
38
25
97
36
83
82
6
11
7
74
80
2
9
91
40
36
91
91
99
73
40
83
42
62
90
50
82
24
38
16
28
39
7
63
10
51
96
77
29
66
83
30
84
44
5
91
53
74
72
31
15
44
57
66
28
55
48
73
3
65
77
3
13
18
92
55
13
30
29
91
91
61
75
13
71
70
98
52
94
89
90
52
57
43
60
90
30
96
78
6
80
80
54
83
60
76
54
18
14
26
9
81
85
32
63
43
73
87
44
26
99
70
8
90
65
80
41
17
39
53
66
48
5
88
89
4
46
59
40
91
16
27
33
16
89
5
76
83
74
85
24
44
32
76
33
84
52
46
21
40
58
84
6
91
38
35
66
25
79
0
23
14
15
86
75
45
6
22
33
76
52
81
49
22
34
45
48
7
30
2
1
23
3
22
5
80
93
27
39
79
62
53
54
63
18
84
61
8
59
8
88
62
44
30
73
2
33
39
4
61
45
83
58
73
18
84
4
5
57
18
23
29
85
34
97
16
16
99
95
45
97
0
59
32
44
86
62
29
85
82
91
82
17
80
58
12
26
54
28
58
79
1
45
95
57
3
33
23
91
73
1
1
11
32
19
88
11
45
56
0
54
61
20
13
17
53
89
18
81
6
96
41
26
26
25
60
22
93
4
87
24
90
78
17
7
0
87
26
73
14
56
46
12
54
21
79
8
43
39
61
40
53
98
4
31
8
57
33
32
35
6
94
94
65
22
16
64
57
2
64
88
72
58
27
36
13
91
84
9
13
9
65
85
70
59
90
2
59
79
70
34
97
16
49
18
55
70
64
38
34
61
69
37
64
24
43
99
72
63
35
1
84
22
86
55
91
13
90
68
60
84
0
34
14
32
92
14
49
35
86
3
89
7
15
66
35
50
12
41
31
34
93
84
26
74
72
50
57
54
35
67
44
66
60
79
58
82
67
83
89
28
55
95
76
60
76
91
37
2
3
62
43
91
48
27
34
42
34
53
3
28
8
40
44
59
61
60
73
61
26
63
63
49
92
92
6
55
25
18
20
55
0
85
75
76
23
42
95
81
58
73
60
21
62
19
87
47
79
90
75
73
15
41
39
99
33
94
45
91
36
77
3
75
92
94
61
50
38
12
1
0
30
84
98
29
7
18
48
87
91
84
4
62
31
40
55
30
43
86
96
59
98
25
14
28
75
2
81
22
44
79
5
96
56
81
15
84
69
30
6
68
70
81
74
7
80
23
60
5
14
48
83
0
70
38
18
24
69
16
9
42
41
39
27
0
70
85
9
43
79
77
75
74
80
42
45
8
0
36
89
4
46
69
56
42
22
71
35
72
40
16
0
21
2
1
4
47
43
83
65
68
44
1
25
96
46
47
90
2
28
37
61
31
14
4
92
38
93
28
39
18
41
44
49
70
11
19
91
82
4
60
34
56
19
32
63
86
99
73
98
8
58
93
87
11
24
35
43
52
6
4
27
8
63
26
34
39
97
52
75
33
87
49
46
16
33
76
41
97
8
75
17
55
93
44
4
41
49
30
25
21
77
90
54
87
86
37
52
66
2
73
55
25
62
26
65
28
15
14
52
69
45
92
39
42
58
49
48
44
71
48
69
9
26
16
11
71
66
66
88
82
1
39
88
93
82
7
17
56
40
70
1
68
52
69
45
16
6
85
12
99
88
40
68
36
23
17
94
25
46
75
61
70
58
34
51
75
73
54
37
28
90
55
88
68
38
73
6
16
58
61
39
56
17
96
77
63
87
75
4
16
94
55
76
60
97
1
0
75
31
72
71
75
52
6
43
14
84
6
51
1
88
53
66
5
56
32
52
40
24
86
54
54
88
61
87
54
24
10
85
17
90
22
86
77
79
94
45
0
39
89
82
41
87
91
73
4
62
79
46
77
46
28
38
93
70
13
7
15
24
76
98
51
79
15
47
47
93
73
81
26
70
95
60
70
2
82
66
34
6
65
62
74
31
36
88
47
48
79
50
55
83
66
68
74
50
16
32
16
95
18
29
63
53
9
38
43
74
15
1
42
4
1
84
69
81
10
33
80
68
30
8
3
81
45
18
14
35
28
93
5
53
34
27
93
18
44
93
85
91
46
31
69
47
57
95
85
80
1
82
45
66
70
58
31
42
23
90
6
83
31
51
80
23
64
61
40
51
99
28
19
63
83
97
78
34
71
13
74
17
28
29
10
22
83
83
53
73
7
59
82
34
15
68
68
34
82
75
37
8
94
16
24
21
8
96
53
49
38
85
27
32
96
20
29
43
69
94
26
54
23
91
34
48
71
53
23
0
59
57
69
73
50
12
42
61
21
65
88
61
15
24
1
77
67
82
5
64
51
52
79
54
46
1
59
87
60
88
76
45
15
79
1
35
94
79
25
71
26
30
60
73
9
75
5
27
14
32
38
56
45
80
87
47
35
77
85
30
92
51
79
87
99
86
15
29
63
66
62
80
24
57
43
78
49
99
95
93
72
71
78
86
64
4
54
62
50
17
98
66
32
57
61
72
6
1
82
82
94
95
81
96
93
49
67
31
60
79
90
63
62
82
36
76
31
47
75
4
29
94
27
70
95
32
38
67
37
2
65
40
53
87
95
53
42
43
89
69
93
81
40
71
31
33
91
75
85
47
97
1
13
19
46
83
92
53
46
66
45
48
94
10
69
60
37
35
59
52
44
57
4
83
89
71
58
52
46
58
98
22
62
52
2
58
77
96
86
33
58
69
97
14
51
2
4
45
58
97
6
80
81
99
28
50
57
88
25
38
71
47
53
48
79
59
29
82
90
93
81
17
14
69
25
32
39
62
89
65
67
99
28
98
88
20
4
18
60
48
69
79
21
6
39
87
15
37
83
48
98
89
67
77
38
23
21
96
11
16
84
30
58
30
98
31
45
59
77
50
41
89
19
54
4
68
9
91
67
19
40
71
57
38
9
82
3
76
20
60
42
94
66
72
14
25
61
36
4
14
10
60
77
62
44
66
22
27
93
23
33
88
18
58
0
83
23
85
56
20
7
20
30
56
19
4
98
67
26
0
56
47
92
59
83
51
98
3
73
9
77
43
15
72
77
19
73
77
7
40
4
61
50
30
39
22
19
31
9
17
28
45
16
12
83
49
63
60
12
2
51
98
3
46
15
84
19
66
70
62
34
94
30
11
44
99
33
90
16
56
4
24
71
3
19
14
23
68
1
81
61
90
21
57
22
87
82
12
38
10
93
77
84
41
36
76
25
91
94
42
79
19
76
87
18
51
1
50
37
6
45
23
0
55
91
89
95
48
45
54
69
51
68
56
86
80
37
67
71
25
50
60
79
0
44
55
46
80
2
32
92
26
69
97
13
30
27
74
8
17
42
91
35
4
69
50
57
84
93
85
3
91
79
76
13
8
92
69
82
7
73
89
64
42
39
45
80
63
15
50
16
82
94
60
91
83
62
85
48
59
11
5
2
18
75
75
4
31
72
17
89
92
19
36
77
67
83
63
2
92
37
11
99
77
56
22
84
14
71
94
44
12
41
52
91
85
43
82
40
97
42
96
47
22
1
6
78
72
93
85
12
63
65
25
44
2
86
44
59
2
54
98
56
75
52
76
20
48
97
9
78
38
5
3
50
43
84
18
6
9
72
38
82
75
15
29
2
20
95
3
58
74
14
83
91
74
86
28
44
58
36
90
8
76
65
95
14
14
81
0
58
96
1
61
59
21
60
89
82
61
80
52
65
55
32
77
69
26
42
79
11
20
38
47
15
7
65
63
96
26
29
3
79
39
30
99
5
8
19
52
40
58
54
82
3
82
93
70
99
21
17
56
64
74
1
62
61
85
78
58
10
53
74
47
5
34
81
64
77
67
66
63
45
30
46
26
45
87
63
87
26
41
70
64
21
32
90
36
85
65
87
21
87
71
57
27
63
1
8
93
98
61
88
90
10
83
55
58
34
24
74
49
12
28
74
6
58
45
87
79
32
14
47
31
77
59
17
71
25
67
81
98
54
67
17
21
1
88
21
77
95
91
12
15
82
22
16
66
84
1
29
29
73
27
81
63
53
23
81
86
78
71
28
75
35
62
79
16
8
7
22
81
87
44
65
62
49
70
57
74
18
40
91
23
13
80
6
42
21
30
72
11
6
41
36
52
12
43
86
97
53
50
64
4
61
20
22
57
25
71
74
68
20
49
67
87
16
41
66
72
87
54
92
15
42
6
85
8
2
25
45
93
71
56
99
67
32
2
76
50
30
53
91
13
65
92
23
2
72
40
30
62
11
23
78
96
67
65
8
15
4
80
27
60
7
54
48
16
57
94
30
92
43
62
58
19
23
38
40
96
95
10
99
86
53
89
11
52
58
54
85
74
72
82
72
32
43
81
34
47
47
40
53
45
8
83
3
90
40
28
53
27
59
4
33
92
89
44
12
55
89
98
78
82
91
31
91
47
9
73
69
36
24
91
95
37
61
83
69
11
19
76
11
78
90
98
94
24
39
1
33
74
55
7
39
15
99
3
41
66
80
27
45
55
32
5
45
9
91
33
87
11
24
59
65
11
38
23
39
25
97
58
25
96
29
56
98
82
44
44
51
79
34
18
95
64
78
96
49
64
40
36
97
40
45
49
62
10
49
4
77
81
91
5
87
3
50
80
86
89
17
12
80
21
6
63
40
13
98
37
21
76
74
59
49
30
33
80
51
66
87
38
21
53
4
48
24
13
31
31
84
46
61
24
34
46
45
99
27
51
91
0
72
50
57
4
60
81
86
9
46
92
99
77
57
62
2
70
69
69
91
79
93
58
0
20
7
24
82
79
58
72
87
3
85
55
70
44
97
46
53
37
73
28
86
50
24
29
95
1
2
36
59
99
55
85
0
71
64
82
62
31
86
57
72
73
38
91
84
85
90
69
82
21
89
68
68
76
31
13
8
37
13
30
78
88
33
99
42
12
92
8
82
78
97
62
74
4
69
29
97
32
56
18
77
3
95
54
0
45
16
73
29
33
14
86
19
97
4
9
57
89
77
25
26
49
11
14
80
83
3
27
30
59
74
19
75
90
14
77
63
7
75
27
16
30
90
83
14
51
42
70
