overall_acc,0.7864
loss,[10.870488261108399, 6.239029039611816, 4.189500728759765, 3.2576016998291015, 2.816027646408081, 2.5906362797546385, 2.4797110862731935, 2.4217211979675293, 2.374856215362549, 2.3591225396728515, 2.3363084783172607, 2.32124114654541, 2.3179953707885743, 2.3053201248168946, 2.300800758361816, 2.3005981521606444, 2.2964723681259156, 2.2955359323120117, 2.294996802635193, 2.293712496185303, 2.2938529237365723, 2.303076364898682, 2.3013632663726806, 2.301951445159912, 2.3157016333007814, 2.316101714096069, 2.322500365600586, 2.3200997130584717, 2.3224334954071044, 2.337569348068237, 2.3416624998474123, 2.3405002948760987, 2.3500186151123046, 2.3530174080657957, 2.372697581787109, 2.3738964990234375, 2.368284475860596, 2.382118944396973, 2.400836979522705, 2.396816601257324, 2.4064597260284426, 2.4271636170959474, 2.428715364532471, 2.4253822719573974, 2.4398996231842043, 2.4503074850463866, 2.454134128036499, 2.457072257537842, 2.4621602323913576, 2.4706645030212404, 2.47955219291687, 2.4850095692443848, 2.492128575973511, 2.500757921600342, 2.504147546005249, 2.5140296881103517, 2.5089175324249267, 2.515359242858887, 2.5291770709228514, 2.530495419921875, 1.9880110359191894, 1.6118198218154907, 1.4005377142333983, 1.2468472298431397, 1.1517762979888917, 1.095159937171936, 1.0794478970718384, 1.0624659378433228, 1.0634107807159423, 1.065737487335205, 1.0577193434143066, 1.0591761249542235, 1.0629172942733764, 1.0723164278221131, 1.0692263067626953, 1.0721854308319092, 1.0828751195335389, 1.0857402757263184, 1.101958806743622, 1.102151985206604, 1.0957375835990906, 1.1066117609405517, 1.1042877955818176, 1.1137767583847047, 1.1133533373641968, 1.1258849058532714, 1.1113981972122193, 1.1107372579193115, 1.1337638359069824, 1.1213690271377563, 1.1296813909530639, 1.1307441759490966, 1.1440939896011353, 1.1368343521499633, 1.145020724220276, 1.153293664932251, 1.1613496886444092, 1.1484423441314697, 1.139704024620056, 1.1518466874313356, 1.160479003753662, 1.1563132623672485, 1.152544853630066, 1.1506176683425904, 1.1719373052978517, 1.1694807397079467, 1.165269393005371, 1.1666936967849733, 1.1724711901473999, 1.1569490595054626, 1.1763162086868286, 1.1569645140838622, 1.1716507244491576, 1.1824783360290527, 1.1789207912826538, 1.1907713930511474, 1.186198734359741, 1.168085390625, 1.1919064459228517, 1.1848429927825928, 1.0483373090553283, 0.9640270215034484, 0.9273780137252807, 0.896672641544342, 0.8668697216796875, 0.8399805885124206, 0.8136700054740906, 0.7884572472763062, 0.7641458849906921, 0.7407702330207825, 0.7184355118751525, 0.6964120983505249, 0.6754023514938354, 0.6544733849525451, 0.6348839855194092, 0.6158272843170166, 0.5967090664100647, 0.5785260084533691, 0.5611311136054993, 0.5439829959869384, 0.5275808822441101, 0.5117127525138855, 0.4963346512031555, 0.4812859522533417, 0.46693744735717774, 0.45275382629394534, 0.4391713199520111, 0.42593872097969054, 0.41292157691955567, 0.4007742001247406, 0.3887863764476776, 0.37692373957633973, 0.36568538697242736, 0.35469275539398193, 0.34406347876548765, 0.3341151717376709, 0.3242505310726166, 0.3146666958522797, 0.3050941725730896, 0.2961295660495758, 0.2904768310546875, 0.2885233487701416, 0.2868025022315979, 0.28503127078056334, 0.28331319143295286, 0.2816321898460388, 0.27988762603759765, 0.278198800868988, 0.27645151975631715, 0.2748110192108154, 0.27312164672851563, 0.27144322265625, 0.26985481570243836, 0.2681543218421936, 0.2666139170074463, 0.26496701431274416, 0.26331762246131896, 0.26176804161071776, 0.2601846203231811, 0.2586416213798523, 0.25703150103569034, 0.25550249526023866, 0.25396132935523985, 0.2524474691390991, 0.2508703586769104, 0.24943333694934844, 0.24786750913619995, 0.2464171661233902, 0.24489861804008484, 0.24349207294940947, 0.24200848686218263, 0.24054689705848695, 0.23910999980449676, 0.2376271029472351, 0.2362157557821274, 0.23480517122268676, 0.23339950390338898, 0.2319907080078125, 0.23058751994609833, 0.22922845127105712]
0,0.9565217391304348
1,0.8387096774193549
2,0.782608695652174
3,0.7586206896551724
4,0.8064516129032258
5,0.7083333333333334
6,0.6956521739130435
7,0.8461538461538461
8,0.8846153846153846
9,0.9473684210526315
10,0.4
11,0.6190476190476191
12,0.8
13,0.6956521739130435
14,0.7407407407407407
15,0.875
16,0.9230769230769231
17,0.9047619047619048
18,0.6470588235294118
19,0.84
20,0.8333333333333334
21,0.8421052631578947
22,0.8823529411764706
23,0.7307692307692307
24,0.8695652173913043
25,0.75
26,0.875
27,0.8333333333333334
28,0.84
29,0.7241379310344828
30,0.8148148148148148
31,0.72
32,0.7272727272727273
33,0.7241379310344828
34,0.92
35,0.5454545454545454
36,0.9047619047619048
37,0.7894736842105263
38,0.8076923076923077
39,1.0
40,0.7857142857142857
41,0.9090909090909091
42,0.8695652173913043
43,0.8695652173913043
44,0.6521739130434783
45,0.631578947368421
46,0.45454545454545453
47,0.6086956521739131
48,1.0
49,0.8823529411764706
50,0.6818181818181818
51,0.7619047619047619
52,0.8
53,0.9655172413793104
54,0.9545454545454546
55,0.7142857142857143
56,0.9090909090909091
57,0.6071428571428571
58,0.9714285714285714
59,0.7083333333333334
60,0.7777777777777778
61,0.7586206896551724
62,0.8461538461538461
63,0.7916666666666666
64,0.7894736842105263
65,0.6818181818181818
66,0.8461538461538461
67,0.6956521739130435
68,0.9523809523809523
69,0.8333333333333334
70,0.7666666666666667
71,0.8571428571428571
72,0.36363636363636365
73,0.65625
74,0.6363636363636364
75,0.9285714285714286
76,0.9047619047619048
77,0.6470588235294118
78,0.7368421052631579
79,0.75
80,0.6551724137931034
81,0.9047619047619048
82,0.918918918918919
83,0.8333333333333334
84,0.8518518518518519
85,0.8666666666666667
86,0.8214285714285714
87,0.9
88,0.9047619047619048
89,0.8571428571428571
90,0.875
91,0.8461538461538461
92,0.68
93,0.7619047619047619
94,0.9130434782608695
95,0.6206896551724138
96,0.6086956521739131
97,0.75
98,0.5384615384615384
99,0.9130434782608695
16
7
91
43
14
92
6
89
13
85
96
27
81
63
59
10
78
44
53
17
27
43
10
54
25
79
68
31
69
64
83
41
23
11
59
20
87
90
52
26
83
51
20
20
7
83
27
45
68
93
86
12
69
30
99
18
70
44
26
58
88
64
88
19
34
71
19
48
44
48
58
16
63
75
71
4
32
15
98
32
14
87
38
12
8
45
92
31
62
10
89
62
78
83
45
85
28
37
54
97
95
7
59
24
94
7
94
94
11
42
65
52
40
97
55
43
82
46
75
93
74
34
5
85
30
74
22
95
81
92
27
52
18
44
62
65
69
84
0
43
48
67
14
89
53
44
9
19
48
68
64
3
53
70
39
0
95
51
58
19
12
90
81
61
41
65
52
66
68
80
43
46
25
66
35
50
88
14
75
53
3
5
35
82
7
81
61
7
91
1
5
37
72
41
94
33
67
39
39
23
28
31
63
71
67
45
10
19
74
33
77
65
50
46
51
27
36
34
41
47
54
87
37
75
74
71
24
57
9
44
57
83
45
22
59
42
89
22
85
39
7
25
98
24
70
54
49
70
87
89
41
31
97
36
83
82
51
11
7
7
80
2
9
26
40
36
91
32
78
73
69
83
42
62
90
50
82
24
38
16
65
39
7
63
10
51
96
51
29
66
53
30
84
44
5
91
53
74
3
15
15
44
25
66
40
55
48
73
75
64
77
3
13
18
92
55
13
95
29
91
91
99
75
58
71
70
98
52
94
89
90
56
57
43
60
90
30
59
78
6
80
80
54
99
60
76
61
73
14
26
9
90
85
32
63
43
73
87
44
54
99
70
8
90
65
80
90
17
39
53
66
48
5
88
89
67
87
37
41
91
16
27
37
16
89
5
76
83
74
85
24
72
32
76
27
84
52
46
21
40
58
84
54
91
63
35
66
25
79
0
23
14
15
86
75
45
6
22
33
76
52
81
90
22
34
45
48
7
30
11
1
23
3
22
5
80
93
27
99
79
92
53
54
63
18
84
99
8
96
8
88
62
18
73
73
2
33
39
4
61
45
83
58
73
18
84
4
5
57
18
23
29
85
34
42
16
86
99
95
45
97
0
87
93
44
86
54
29
85
82
91
82
17
50
58
12
26
54
28
58
79
1
4
49
57
3
33
1
91
73
1
1
98
1
19
88
11
29
56
0
54
61
20
13
17
53
89
18
81
6
47
41
26
26
25
60
22
1
74
87
24
90
75
17
7
0
87
26
73
14
56
18
12
54
80
79
8
43
39
51
40
53
98
4
31
8
57
33
29
35
6
94
35
65
22
16
64
57
2
38
88
55
58
27
36
13
91
84
9
58
9
65
85
70
52
7
26
59
79
70
34
97
16
49
44
55
70
64
38
34
61
69
37
55
24
3
78
51
33
35
1
84
22
86
4
91
13
90
68
60
84
0
34
54
32
92
18
49
35
86
3
89
18
15
66
35
50
12
41
31
34
93
84
26
74
80
50
57
54
11
67
44
66
60
79
58
82
67
98
89
28
55
95
76
60
76
91
37
2
63
62
43
91
48
27
34
42
34
53
3
28
8
18
44
47
61
60
73
61
26
18
4
49
92
92
45
55
76
18
20
55
0
85
75
31
23
66
95
81
58
73
60
21
14
19
87
47
88
90
75
73
15
41
39
99
85
94
45
91
36
77
3
75
62
94
61
50
38
12
1
0
30
84
98
29
7
18
48
81
91
84
63
62
31
40
72
30
43
86
47
96
43
20
14
28
75
2
81
61
44
79
5
79
56
81
31
84
69
30
6
68
70
81
74
7
80
55
60
5
14
48
18
0
70
38
24
24
69
16
9
42
41
39
27
0
70
85
9
43
79
77
75
74
80
42
62
8
0
36
89
43
46
69
56
42
22
71
35
72
40
16
0
21
2
1
64
47
43
83
4
68
18
1
25
96
46
96
90
2
28
37
61
31
9
4
92
38
93
28
39
6
41
44
49
92
11
48
91
82
4
60
34
56
19
32
74
76
99
73
98
33
58
93
87
35
24
35
43
52
6
4
27
8
63
26
34
39
97
59
75
33
87
49
46
16
33
76
41
97
8
75
17
55
93
44
4
41
60
30
19
21
77
90
54
87
86
37
47
66
2
73
55
25
62
26
19
28
15
14
59
17
45
92
39
42
58
49
48
44
71
48
69
40
26
16
46
71
66
66
88
82
1
39
88
93
82
18
17
56
40
70
14
68
52
69
45
16
62
85
12
99
88
40
68
36
60
17
87
25
32
75
61
92
58
88
51
75
73
70
37
28
90
55
88
68
38
73
7
16
58
16
39
56
17
33
77
63
87
63
4
16
94
55
76
60
97
1
0
75
42
55
71
75
52
6
43
14
84
14
88
1
88
53
66
5
56
32
52
40
24
86
54
54
88
61
87
54
24
40
85
17
90
22
86
77
79
76
45
0
39
89
82
41
87
91
73
4
62
55
98
10
46
28
38
78
70
13
7
15
24
76
98
42
79
15
47
47
93
73
81
26
70
95
60
70
11
82
66
34
6
65
62
74
31
36
42
47
48
79
63
55
57
66
68
29
64
16
10
16
84
18
29
63
53
9
38
42
74
15
1
93
32
1
84
83
90
10
33
80
68
30
8
3
81
57
18
55
35
28
72
5
53
34
27
93
6
44
93
37
91
46
31
69
47
86
95
85
80
1
82
14
66
44
58
31
42
23
90
18
83
31
51
80
23
64
61
40
51
99
28
19
63
83
97
78
34
90
13
50
17
28
29
10
61
83
83
53
73
7
59
82
34
15
68
68
34
82
75
37
8
94
16
24
21
8
96
53
49
38
84
27
32
96
20
29
43
69
94
26
54
60
91
34
48
23
53
5
0
59
83
69
73
27
12
42
61
21
72
88
28
15
24
1
77
67
82
5
64
51
52
79
70
46
1
59
87
60
88
76
45
15
7
1
35
94
76
9
71
26
55
60
73
9
75
5
27
27
67
38
18
78
66
40
52
2
7
85
30
83
51
79
31
99
86
15
29
63
66
62
80
24
57
43
78
49
99
95
93
63
71
67
86
64
35
23
62
50
17
98
21
32
57
99
2
6
92
82
82
94
95
81
96
93
33
67
43
60
50
90
63
62
82
36
49
31
96
75
77
29
94
27
89
95
32
38
32
37
36
65
40
53
87
95
53
42
43
89
69
93
81
40
71
31
33
73
75
85
47
97
1
13
24
46
62
92
53
46
66
45
48
94
10
69
60
97
35
59
52
44
57
4
83
89
71
58
52
32
58
35
22
62
52
2
58
77
96
86
33
13
69
97
14
51
2
63
45
58
42
6
75
81
99
28
50
57
88
25
38
71
47
53
48
79
59
29
82
90
26
81
17
14
69
25
32
39
1
89
4
67
99
28
98
88
20
4
18
71
48
69
18
64
6
39
87
19
37
77
48
98
89
67
79
38
23
21
96
11
87
84
30
58
30
46
31
83
59
77
74
41
8
19
54
4
68
9
91
67
19
40
71
77
38
9
82
55
76
20
23
42
94
66
72
14
25
61
36
4
14
51
60
77
62
44
34
16
27
93
23
33
88
18
58
51
83
23
85
56
20
7
20
30
47
19
55
35
80
26
0
56
47
83
52
83
40
98
3
73
9
77
43
15
74
77
19
73
24
7
29
4
61
64
30
39
45
19
51
9
17
28
45
16
12
83
49
63
71
12
11
51
98
3
46
15
84
19
66
70
62
34
94
30
11
4
99
33
90
16
56
4
24
71
3
19
14
23
68
1
81
61
90
21
57
22
87
82
12
38
10
93
77
84
41
64
76
25
91
94
42
79
19
76
87
18
51
1
50
37
6
45
23
0
55
91
48
95
48
45
54
69
78
68
56
2
80
37
67
71
25
50
60
79
0
44
55
46
80
2
32
92
61
69
97
13
30
27
74
8
17
42
91
35
4
69
74
57
84
71
59
21
91
27
76
13
8
92
69
82
7
73
89
74
42
39
26
80
4
15
50
16
62
94
60
91
83
62
58
48
33
11
5
2
44
75
75
4
27
72
17
89
92
19
36
22
67
83
63
2
92
37
35
99
77
56
22
84
14
71
94
44
37
41
52
91
85
43
82
40
80
42
96
47
22
1
6
78
55
93
85
12
63
65
25
7
2
86
44
59
2
54
11
56
75
52
76
20
48
97
9
41
38
5
3
36
42
84
18
6
9
72
38
82
75
15
29
11
5
95
3
58
74
44
83
91
74
86
25
74
58
36
90
8
49
65
40
14
14
81
0
58
96
1
61
59
21
60
89
82
61
80
52
65
55
32
77
69
26
42
79
11
20
38
47
15
79
65
63
96
26
29
3
79
39
30
99
5
8
19
52
40
58
54
82
3
82
93
70
99
21
17
56
64
74
1
92
61
85
78
58
10
53
74
47
5
34
81
64
77
73
66
63
45
30
46
14
7
87
72
87
26
41
70
64
21
32
90
36
85
3
87
21
87
71
83
27
74
1
8
6
98
61
88
90
10
83
27
58
34
24
74
49
12
28
74
78
58
45
87
79
67
14
47
31
77
52
49
71
25
67
81
2
54
67
17
21
1
88
21
77
95
91
12
15
82
22
16
66
25
41
29
29
73
27
81
63
53
23
81
86
78
71
28
75
46
62
79
16
8
7
22
81
87
83
65
62
49
70
57
75
78
40
91
23
13
80
6
42
66
30
67
35
94
41
36
52
12
43
86
97
53
50
97
3
61
20
22
57
25
71
72
68
20
49
67
87
16
41
66
27
87
63
62
15
42
6
85
48
2
25
45
93
71
56
99
67
78
2
76
50
30
53
91
81
65
92
23
2
72
40
30
62
11
23
78
96
67
36
8
15
4
80
27
60
7
54
48
16
57
94
30
53
43
62
58
19
23
38
65
96
95
61
99
86
53
89
11
52
58
54
85
74
72
82
72
69
43
17
34
47
52
40
53
45
8
83
3
90
40
28
53
27
59
4
33
92
89
44
71
55
89
98
78
82
91
31
91
52
9
73
69
36
32
73
95
37
61
83
69
11
3
76
40
61
90
2
94
24
39
1
33
55
55
7
39
15
99
3
41
66
80
27
45
55
32
5
45
9
93
33
84
40
18
59
65
11
38
23
39
25
97
25
25
47
27
56
98
82
41
38
51
45
34
18
95
64
78
96
49
64
40
36
97
40
67
49
62
10
56
4
77
81
91
5
87
3
74
55
86
89
17
12
80
4
24
32
40
13
98
59
21
76
14
59
49
30
60
38
51
66
87
38
63
53
4
48
24
13
31
29
84
46
61
24
34
46
45
99
27
51
91
0
65
50
57
4
60
90
86
9
11
92
99
77
57
47
2
70
69
69
32
79
93
58
0
20
7
48
82
79
58
72
58
74
85
80
92
29
97
35
53
37
30
28
86
50
24
96
95
1
2
36
59
99
55
85
0
71
64
6
62
31
86
83
72
73
42
91
84
85
90
69
82
21
89
68
68
76
31
58
8
90
13
30
78
88
33
99
27
12
92
8
82
78
97
92
74
4
12
29
97
44
56
18
77
3
95
54
53
88
16
73
29
33
14
86
19
97
4
9
53
89
18
58
26
49
11
14
80
83
3
27
30
52
74
42
59
90
14
77
72
7
75
27
16
30
97
83
65
51
42
70
