overall_acc,0.7888
loss,[10.820659137573243, 6.1942354196166995, 4.179109380187988, 3.2535325152587893, 2.806324673309326, 2.59129185546875, 2.4707164849853513, 2.4217364392089844, 2.375680316619873, 2.3449135509490966, 2.332535160331726, 2.315602273712158, 2.3157263010406495, 2.306914491882324, 2.299763428955078, 2.304894651641846, 2.2946810902404784, 2.29371760925293, 2.2940770701599122, 2.2899565284729, 2.2915059687805175, 2.296823030014038, 2.3027325270080565, 2.298314861984253, 2.3016210681915283, 2.308662712020874, 2.2989012966156004, 2.318574075622559, 2.329056459579468, 2.32319494178772, 2.3283389942932127, 2.333863436126709, 2.3414725689697264, 2.3525592821502688, 2.3573916368865966, 2.3654038761901854, 2.3813380043029784, 2.37343786567688, 2.3855875807189943, 2.3935422372436523, 2.3950155452728272, 2.405388285675049, 2.412956104812622, 2.421636775665283, 2.433966410675049, 2.4310255991363525, 2.4462627869415283, 2.4448833529663085, 2.461175413970947, 2.467003614730835, 2.4527405570983887, 2.463953448410034, 2.483077178955078, 2.474149847717285, 2.4929504891967773, 2.495293754119873, 2.501529372329712, 2.494761371688843, 2.5120029233551024, 2.513748678588867, 1.9821476496124268, 1.6071520265960693, 1.3915275986862183, 1.2434282096862792, 1.1406538668441772, 1.095611792449951, 1.0616468484306336, 1.0622548852539062, 1.0572014295196532, 1.056321176738739, 1.0533209896659852, 1.0422689686203004, 1.0638762331771852, 1.061931300430298, 1.0615762025642395, 1.0709936302947998, 1.079454887447357, 1.0881071691131592, 1.075840288696289, 1.0826934059906006, 1.0916919470977784, 1.100711431274414, 1.0957830034255982, 1.1001406955718993, 1.0975398145294188, 1.114474454650879, 1.11799189037323, 1.1185503059005737, 1.1105965148353576, 1.112443921737671, 1.106747198829651, 1.1134876278686523, 1.124638591156006, 1.1412375399017334, 1.1202096278762816, 1.1390733547592162, 1.1406335010528565, 1.1304094291687012, 1.1427339357757569, 1.1379035202789307, 1.145497247467041, 1.129014715385437, 1.1434325288391114, 1.1645349950408936, 1.136591329345703, 1.1529060749053954, 1.174053607559204, 1.1753790328216553, 1.1544317481994628, 1.1631861255645752, 1.1561030587768555, 1.153956272354126, 1.1588910586929322, 1.1557982537078857, 1.1741695621871948, 1.159475341720581, 1.1732156051635743, 1.1588424914550781, 1.1715657997131348, 1.162303207168579, 1.029075770969391, 0.9461122972869873, 0.9102085401725769, 0.879550151424408, 0.8514395602607727, 0.8244279012870789, 0.7992657196235656, 0.7739805571174622, 0.7505315390968322, 0.7271359149169921, 0.7051637747001648, 0.6836824034881592, 0.662802075252533, 0.6426380906677246, 0.6234542779159545, 0.6041202394294739, 0.5863822067642211, 0.5682177507019043, 0.5511858581542969, 0.5342749873542786, 0.5181740982055664, 0.5026525783538819, 0.48730498061180116, 0.47259587096214295, 0.4586817651748657, 0.44464294753074646, 0.43108524614334104, 0.4184036273384094, 0.4059251392364502, 0.393636105928421, 0.38177927154541014, 0.37049387658119204, 0.35929363389015195, 0.34855081649780273, 0.33827761107444765, 0.3282005632591248, 0.3184840544033051, 0.3087894898891449, 0.30011728010177613, 0.2912085215187073, 0.2856017534828186, 0.2838104321670532, 0.2819427240371704, 0.2802932917881012, 0.2784791649723053, 0.2767714174747467, 0.27505115474700925, 0.27338404025077817, 0.2717299273777008, 0.27009225772857665, 0.2685030049705505, 0.2669014033699036, 0.26526427998542784, 0.26361296158790587, 0.26204698605537413, 0.26045313382148744, 0.258918467540741, 0.2573228000354767, 0.2557444579410553, 0.2542368665981293, 0.25266708822250367, 0.25117530179023745, 0.24961943605422973, 0.24813699442863466, 0.2466491211938858, 0.24514089000701905, 0.24364484257221222, 0.24215838837146758, 0.24071911752700806, 0.2393469256591797, 0.23788015817165375, 0.2363902361392975, 0.23500122803211212, 0.2335912535905838, 0.23221273376464843, 0.23082790411949158, 0.2294152287721634, 0.22807915195465087, 0.22668047401428223, 0.22530344141960143]
0,0.9565217391304348
1,0.9354838709677419
2,0.9130434782608695
3,0.6896551724137931
4,0.8709677419354839
5,0.7916666666666666
6,0.8260869565217391
7,0.8076923076923077
8,1.0
9,1.0
10,0.3
11,0.5238095238095238
12,0.8
13,0.6521739130434783
14,0.7037037037037037
15,0.875
16,0.8846153846153846
17,0.9047619047619048
18,0.6176470588235294
19,0.8
20,0.8333333333333334
21,0.8421052631578947
22,1.0
23,0.8076923076923077
24,0.8260869565217391
25,0.5833333333333334
26,0.7083333333333334
27,0.8333333333333334
28,0.8
29,0.7241379310344828
30,0.8148148148148148
31,0.76
32,0.7272727272727273
33,0.6206896551724138
34,0.84
35,0.6363636363636364
36,0.9523809523809523
37,0.7894736842105263
38,0.8076923076923077
39,1.0
40,0.8214285714285714
41,0.9545454545454546
42,0.9130434782608695
43,0.8260869565217391
44,0.6521739130434783
45,0.6842105263157895
46,0.5
47,0.6956521739130435
48,1.0
49,0.8823529411764706
50,0.6818181818181818
51,0.7619047619047619
52,0.8
53,0.9310344827586207
54,0.9545454545454546
55,0.47619047619047616
56,0.9090909090909091
57,0.6785714285714286
58,0.8857142857142857
59,0.7083333333333334
60,0.8518518518518519
61,0.8275862068965517
62,0.7692307692307693
63,0.6666666666666666
64,0.7368421052631579
65,0.7272727272727273
66,0.8076923076923077
67,0.6521739130434783
68,0.9523809523809523
69,0.8666666666666667
70,0.8666666666666667
71,0.8571428571428571
72,0.5
73,0.71875
74,0.6060606060606061
75,0.9642857142857143
76,0.8571428571428571
77,0.7058823529411765
78,0.7368421052631579
79,0.8571428571428571
80,0.6896551724137931
81,0.8571428571428571
82,0.9459459459459459
83,0.8333333333333334
84,0.8888888888888888
85,0.9
86,0.7857142857142857
87,0.8666666666666667
88,0.8571428571428571
89,0.8928571428571429
90,0.875
91,0.8461538461538461
92,0.56
93,0.7619047619047619
94,0.9565217391304348
95,0.6206896551724138
96,0.5217391304347826
97,0.75
98,0.6153846153846154
99,0.8695652173913043
16
7
91
43
14
92
6
89
13
85
47
27
81
63
59
61
78
78
53
17
27
43
10
54
94
79
68
31
69
64
83
41
49
21
47
20
87
90
52
26
83
67
20
20
7
83
27
45
68
93
86
12
60
45
99
1
70
16
26
58
88
64
88
19
3
23
19
48
91
48
58
16
63
3
55
4
32
15
98
32
14
87
38
12
8
45
92
31
62
61
89
92
99
83
45
85
28
37
54
49
95
7
59
24
94
7
94
94
11
42
65
52
40
38
4
43
82
80
75
51
74
34
5
85
30
74
22
95
81
70
27
52
6
44
62
65
69
84
0
43
48
67
62
89
53
18
81
19
8
68
93
3
83
70
39
0
86
51
58
19
89
90
81
61
41
65
52
66
68
80
4
11
5
27
35
36
88
7
75
53
3
5
98
82
7
87
61
7
91
1
5
37
72
41
94
33
67
79
39
23
6
31
63
71
67
45
84
46
74
49
77
65
50
2
51
27
36
3
41
96
54
87
37
75
27
71
24
0
9
44
57
83
45
28
85
42
89
22
85
39
7
25
98
50
70
70
49
70
87
89
41
65
97
36
83
82
77
46
7
74
80
2
9
91
40
36
91
91
99
73
79
83
42
62
90
50
82
24
38
16
65
39
7
63
10
51
47
38
29
66
53
30
84
27
5
91
53
74
72
15
15
44
5
66
16
55
48
73
66
64
77
3
13
18
92
55
13
74
29
1
91
61
75
58
71
70
46
52
94
89
90
56
57
43
60
13
30
96
78
74
80
80
54
83
60
17
54
18
14
26
9
90
85
32
63
43
30
87
44
79
99
70
8
90
65
80
41
17
39
53
66
48
5
34
13
67
46
37
40
91
16
4
37
16
89
5
76
83
74
85
24
72
32
76
27
5
52
46
27
40
58
84
54
91
63
35
66
18
79
0
23
14
15
86
75
45
6
22
33
76
52
37
90
22
34
45
48
7
30
35
1
23
3
22
5
80
93
27
39
79
62
53
54
4
18
84
22
8
59
8
88
62
29
73
73
2
33
39
4
22
45
83
58
73
18
84
4
5
2
18
23
29
85
88
42
16
86
26
95
45
97
0
69
35
44
86
54
44
85
82
91
82
17
32
37
12
26
54
28
58
79
1
4
99
22
3
33
23
91
73
1
1
46
1
19
88
11
29
56
0
54
61
20
13
17
53
89
18
81
6
96
41
26
26
25
60
22
73
4
87
24
90
78
17
7
0
87
26
73
14
56
44
12
54
80
79
8
43
39
51
40
53
98
4
31
8
57
33
18
35
4
94
46
65
22
16
64
57
2
38
88
42
58
27
36
13
91
84
9
85
9
65
85
70
59
7
2
59
79
70
34
97
16
49
18
55
70
27
38
34
61
69
37
64
24
15
78
51
63
35
1
84
22
86
4
91
13
90
68
60
84
0
34
14
32
92
14
49
35
28
3
89
44
36
66
35
50
12
41
31
34
93
84
26
74
78
50
57
54
2
67
44
66
60
79
58
82
67
98
89
28
55
95
76
60
76
91
37
2
4
62
43
91
48
27
34
42
34
53
3
28
8
40
44
47
61
60
73
61
29
64
42
49
92
92
6
57
87
18
20
55
0
85
75
90
23
66
95
81
58
73
60
21
62
19
87
47
79
90
75
73
15
41
39
99
46
94
45
91
36
77
3
75
62
94
61
50
38
12
1
0
30
84
98
29
7
18
48
81
91
84
63
62
31
40
55
30
61
86
47
96
3
25
14
28
75
35
81
10
73
79
5
33
56
81
15
84
69
30
6
68
70
87
4
7
75
23
60
5
14
48
83
0
70
38
4
24
69
16
9
42
41
39
27
0
70
85
9
43
79
77
75
74
80
42
45
8
0
36
89
4
46
69
56
42
22
71
35
72
40
16
0
21
2
1
27
47
43
92
65
68
44
1
25
63
98
47
90
2
28
37
61
31
77
4
92
38
93
28
39
6
41
44
49
1
11
19
91
82
4
60
34
56
19
32
74
86
99
30
98
8
58
93
87
35
7
35
43
52
6
30
27
8
63
26
34
39
97
52
75
33
87
49
46
16
33
76
41
97
8
75
17
75
93
44
4
41
60
30
31
21
77
90
54
87
86
37
52
66
2
73
55
25
62
26
65
28
15
14
47
69
45
92
39
42
13
49
48
44
71
48
69
9
26
37
46
71
66
66
88
82
1
39
88
93
82
83
17
56
40
70
14
68
52
69
45
16
62
85
12
99
88
40
68
36
60
17
87
25
46
75
61
62
58
97
51
75
73
70
37
28
90
55
88
68
38
73
7
16
58
61
39
56
17
33
77
97
87
75
4
16
94
55
76
60
97
1
0
75
43
97
71
75
52
6
43
14
84
14
51
1
88
53
66
5
56
32
52
40
24
86
54
54
88
61
87
54
24
40
85
17
90
22
86
77
79
94
45
0
39
89
82
41
87
91
73
4
62
72
46
61
46
28
38
72
70
13
7
15
24
76
98
73
79
15
47
47
93
73
81
26
70
95
60
70
11
82
66
34
6
65
62
74
31
36
88
52
48
79
74
55
83
66
68
74
64
16
63
16
39
18
29
84
53
9
77
80
33
15
1
93
96
1
84
69
81
10
33
80
68
30
8
3
13
45
18
55
35
28
74
5
53
34
27
93
6
44
93
29
91
46
31
69
47
57
95
85
80
1
82
45
66
44
58
31
42
23
90
18
83
31
51
80
23
64
61
40
51
99
28
19
63
26
97
78
34
90
13
50
17
28
29
10
57
83
83
53
73
7
59
82
34
15
68
68
34
82
75
37
8
94
16
24
21
8
96
53
49
38
85
27
32
96
20
29
43
69
94
26
82
23
91
34
48
71
53
5
0
59
57
69
73
27
12
42
61
21
95
88
61
15
24
1
77
67
82
5
64
51
47
79
70
46
1
59
87
60
39
76
45
15
6
1
35
94
79
55
71
2
72
60
73
9
75
5
55
27
96
38
56
72
36
40
52
35
55
85
30
92
51
79
46
99
86
15
29
63
66
62
80
24
57
43
78
4
99
95
93
55
71
78
86
64
4
51
62
50
17
35
21
32
57
61
2
6
1
82
82
94
95
81
96
93
33
67
31
60
50
90
63
62
82
36
76
31
47
75
77
29
94
27
70
95
32
38
91
37
2
36
40
53
87
95
53
42
43
89
69
93
81
84
71
31
33
91
75
85
47
97
92
81
34
46
83
92
53
46
66
70
48
94
10
69
60
43
35
59
52
44
57
4
83
89
71
90
52
32
58
98
22
62
52
2
58
77
96
86
33
58
69
97
14
51
79
4
45
58
63
6
80
81
99
28
50
57
88
25
38
73
47
53
48
79
59
29
82
90
93
81
17
14
69
25
32
39
74
89
4
67
99
28
98
88
20
50
18
60
48
69
14
41
6
39
19
15
37
83
48
15
41
73
77
38
23
21
96
11
84
84
30
58
30
98
31
45
59
77
4
41
8
19
54
4
68
9
91
67
3
40
71
77
38
9
82
3
76
20
23
42
94
66
72
6
25
61
36
4
14
26
60
6
62
60
75
10
27
93
23
33
88
18
58
51
83
23
85
56
20
7
20
30
56
19
4
35
38
26
0
56
47
83
52
83
51
64
3
73
9
77
43
15
63
77
19
73
79
7
29
4
61
50
30
39
22
19
17
9
17
28
45
8
12
70
49
63
71
12
2
77
35
80
46
15
84
19
64
70
62
34
94
73
11
84
99
33
90
16
56
4
24
71
3
19
14
23
68
25
81
61
90
21
57
22
87
82
12
38
10
93
77
84
41
64
76
25
91
94
42
79
19
76
87
18
51
1
50
37
6
45
23
0
4
91
89
95
48
45
54
69
83
68
56
86
80
41
67
71
25
50
60
79
0
44
74
46
80
2
32
83
61
76
97
13
30
27
74
8
17
42
91
35
36
69
50
57
84
44
85
3
91
79
76
13
8
92
69
82
7
73
89
72
42
39
45
80
4
15
74
16
70
94
60
91
83
62
58
48
59
11
5
2
91
75
75
4
31
72
17
89
92
19
36
22
67
83
63
2
92
37
98
99
77
56
22
84
14
71
94
44
12
41
52
91
85
43
82
40
97
42
96
47
22
1
11
78
72
93
85
18
63
65
25
44
2
86
44
59
2
54
35
56
75
47
76
20
48
97
9
81
38
5
3
36
43
84
18
6
9
72
38
6
75
15
29
35
20
95
3
58
74
14
83
91
74
86
10
50
58
36
90
8
49
65
40
41
62
81
0
58
96
1
61
59
21
60
89
82
61
80
52
65
55
32
77
69
26
42
79
11
20
38
52
15
79
65
63
96
26
29
3
79
39
30
99
5
8
36
52
40
58
54
82
31
82
93
70
99
21
17
56
64
74
1
92
61
85
78
58
10
53
74
47
5
34
81
64
77
30
66
63
45
93
46
18
74
87
63
87
26
41
70
22
21
32
90
36
85
3
87
21
87
71
53
27
74
1
8
6
98
61
88
90
10
83
27
85
34
24
74
49
12
28
74
44
58
45
87
79
67
14
47
31
77
52
60
71
25
67
81
98
54
67
17
21
1
88
21
77
95
91
12
15
82
22
16
66
25
41
29
29
73
27
81
63
53
23
81
86
78
71
28
75
35
62
79
16
8
7
22
13
87
83
65
62
49
70
57
63
44
40
91
23
13
55
6
42
66
30
72
35
94
41
36
89
12
43
86
97
53
50
97
21
61
20
22
57
25
71
72
68
20
49
67
87
16
41
66
72
87
54
1
15
42
6
90
8
2
5
45
93
71
56
99
67
24
2
76
50
30
53
91
81
65
70
23
46
72
40
30
62
11
23
78
96
67
50
8
15
4
80
27
60
7
54
48
16
57
94
30
92
43
92
58
19
23
38
40
96
95
61
99
86
53
89
11
52
58
54
85
74
72
82
72
95
43
81
34
47
52
40
53
45
8
83
3
90
40
28
53
27
59
4
33
92
89
44
44
55
89
98
78
82
91
31
91
47
9
73
69
36
72
44
95
37
61
83
69
11
15
76
84
82
90
98
94
24
39
1
33
74
55
7
39
15
99
3
41
66
80
27
45
74
32
5
45
9
93
33
65
41
24
59
65
11
38
23
39
25
97
58
25
47
29
56
98
82
41
38
51
45
19
18
95
64
78
96
49
64
40
36
97
40
14
49
62
10
56
4
79
81
91
5
87
3
50
80
86
89
17
12
80
4
24
32
40
13
98
59
21
76
44
59
49
30
33
43
51
66
87
38
63
53
4
48
24
13
31
29
84
46
61
24
34
98
45
99
27
51
91
0
3
50
57
4
60
90
86
9
11
92
99
77
57
47
2
70
69
69
32
79
93
58
0
20
7
48
82
79
58
95
58
3
85
65
70
44
97
35
53
37
73
28
98
78
24
29
95
1
2
36
59
99
91
85
0
23
64
82
62
31
86
53
72
73
42
91
84
41
90
69
82
21
89
68
68
76
31
58
8
37
13
30
78
88
33
30
42
12
92
8
82
78
97
70
74
4
12
31
64
27
56
18
77
72
95
54
0
45
16
73
29
33
6
86
19
97
4
9
57
89
18
58
26
49
11
14
80
83
21
27
30
52
74
29
52
90
14
77
55
7
75
27
16
30
72
83
14
51
42
70
