overall_acc,0.8036
loss,[10.867494078369141, 6.246441968383789, 4.201141967926025, 3.269756417160034, 2.818893006820679, 2.6012244344329836, 2.4858721244049073, 2.421925665893555, 2.381463829727173, 2.3565284068298338, 2.3378673221206667, 2.3310395009613036, 2.319671215438843, 2.3137480434417723, 2.2978954695129397, 2.3036899142456053, 2.299801292266846, 2.300073096160889, 2.2954143658447266, 2.294912221069336, 2.3005662002944947, 2.298959404602051, 2.3018774865722658, 2.2964765060424805, 2.301672075653076, 2.312559122924805, 2.319851515045166, 2.323450028877258, 2.324897839202881, 2.336325235748291, 2.341139952392578, 2.3474378998565673, 2.348094178390503, 2.360206147918701, 2.36394612411499, 2.3792393616485596, 2.385197858657837, 2.3975138706970216, 2.403234745941162, 2.4165168299102784, 2.422995569000244, 2.437805512008667, 2.436418545074463, 2.4436825412750243, 2.4564129336547853, 2.4595073080444334, 2.4770681030273436, 2.474731385726929, 2.4832217167663573, 2.4999893461608886, 2.4907231315612792, 2.5118877990722654, 2.5210659135437012, 2.524365947265625, 2.5270667225646974, 2.5346315322875976, 2.544285557861328, 2.5382184366607667, 2.5336011769104005, 2.5501293510437013, 2.015705040359497, 1.6365190469360351, 1.4178433278274536, 1.2580616605377197, 1.157863485507965, 1.1050164283180237, 1.070533851852417, 1.0598016633605958, 1.0645008007049561, 1.062390462436676, 1.0635356800270082, 1.0553041723442078, 1.0708558152770995, 1.0821284464263916, 1.079469361152649, 1.0760621800804138, 1.0824876256942748, 1.0876303412246704, 1.0861831886672975, 1.0991540489196778, 1.104272081413269, 1.112276970062256, 1.1092125352096558, 1.1124760514259338, 1.1205690884780883, 1.1265891300201416, 1.1249996532440185, 1.1265627747535705, 1.135158642654419, 1.1277127446746826, 1.14013501121521, 1.1431985918426513, 1.133573074531555, 1.1514722354125977, 1.1518086870193482, 1.1436181691741942, 1.1532372719573976, 1.168669642677307, 1.166085365371704, 1.160182261238098, 1.1662731291198731, 1.1679502577590943, 1.1713104415893554, 1.1793965650177003, 1.180552368812561, 1.170675277404785, 1.1719684130859376, 1.1836467662811279, 1.1667789679718017, 1.1907181572341918, 1.179300872001648, 1.1875464322662352, 1.1834070298004151, 1.1814189519500733, 1.1853117373275757, 1.1895784397125244, 1.1837479035186766, 1.1913739878463745, 1.1794941300201416, 1.1956280059051514, 1.061186446685791, 0.9702378643798828, 0.9341664853286743, 0.9027159293365479, 0.8735905673408508, 0.8464804358291625, 0.8198584266090393, 0.7938577579498292, 0.7699735501480103, 0.7461906768608093, 0.7231650607681275, 0.7013122891044616, 0.6800444866752624, 0.6592710945892334, 0.6395439213752746, 0.6199428958320617, 0.6009331648254395, 0.5829348814582824, 0.5652983901596069, 0.5481376504898071, 0.5316513721084595, 0.5156402959442139, 0.5001253782844544, 0.4850810795211792, 0.47036092462539675, 0.4563678975486755, 0.442288195104599, 0.4289856510925293, 0.4164702637863159, 0.40376437194824216, 0.39148617728233337, 0.37978509479522704, 0.3686449323749542, 0.3574287199306488, 0.3472872422790527, 0.3370490553474426, 0.32744303342819214, 0.3179089739227295, 0.3084966915988922, 0.2989857585048675, 0.2932531072616577, 0.29142165283203125, 0.28947404856681824, 0.2876678654289246, 0.2858926602745056, 0.28419246782302854, 0.2823766077899933, 0.28076039481163023, 0.2790135156536102, 0.2772761129570007, 0.2756128447723389, 0.27391437002182006, 0.2722565649700165, 0.2706161750793457, 0.26902003852844236, 0.2674126260852814, 0.2657446430873871, 0.2640740611076355, 0.2625024315738678, 0.2609407526397705, 0.2593684027481079, 0.2577485636520386, 0.25632434891700745, 0.25470282380104065, 0.25311742268562315, 0.2516375361251831, 0.2501142100572586, 0.24859740545272827, 0.24712710383415223, 0.2456058111333847, 0.2441247217655182, 0.242702723736763, 0.24117790870666503, 0.23974515224456788, 0.2382678890657425, 0.23686060819149019, 0.23541887051582336, 0.234055347905159, 0.23258366362571717, 0.23124478692531586]
0,0.9565217391304348
1,0.967741935483871
2,0.8695652173913043
3,0.6206896551724138
4,0.7741935483870968
5,0.9166666666666666
6,0.8695652173913043
7,0.8846153846153846
8,1.0
9,1.0
10,0.35
11,0.47619047619047616
12,0.9
13,0.6956521739130435
14,0.8518518518518519
15,0.875
16,0.8461538461538461
17,0.9047619047619048
18,0.6764705882352942
19,0.8
20,0.8888888888888888
21,0.8947368421052632
22,0.8235294117647058
23,0.8846153846153846
24,0.8695652173913043
25,0.5833333333333334
26,0.75
27,0.8333333333333334
28,0.84
29,0.7931034482758621
30,0.8518518518518519
31,0.76
32,0.7727272727272727
33,0.6206896551724138
34,0.92
35,0.6363636363636364
36,1.0
37,0.7368421052631579
38,0.8076923076923077
39,0.9565217391304348
40,0.75
41,0.8636363636363636
42,0.7391304347826086
43,0.8260869565217391
44,0.6521739130434783
45,0.8157894736842105
46,0.5454545454545454
47,0.8260869565217391
48,1.0
49,0.8823529411764706
50,0.7272727272727273
51,0.8095238095238095
52,0.8
53,0.9655172413793104
54,0.9545454545454546
55,0.5238095238095238
56,0.8181818181818182
57,0.6428571428571429
58,0.9428571428571428
59,0.5833333333333334
60,0.8518518518518519
61,0.8275862068965517
62,0.8846153846153846
63,0.7083333333333334
64,0.6842105263157895
65,0.6363636363636364
66,0.8076923076923077
67,0.6956521739130435
68,0.9047619047619048
69,0.8666666666666667
70,0.9
71,0.8095238095238095
72,0.5454545454545454
73,0.75
74,0.696969696969697
75,0.9642857142857143
76,0.9047619047619048
77,0.6470588235294118
78,0.6842105263157895
79,0.8214285714285714
80,0.7931034482758621
81,0.9523809523809523
82,0.918918918918919
83,0.9
84,0.8518518518518519
85,0.9333333333333333
86,0.8571428571428571
87,0.8666666666666667
88,0.8571428571428571
89,0.9285714285714286
90,0.9166666666666666
91,0.8461538461538461
92,0.64
93,0.8095238095238095
94,0.9565217391304348
95,0.6551724137931034
96,0.5652173913043478
97,0.7916666666666666
98,0.5384615384615384
99,0.9130434782608695
16
7
91
43
14
92
6
89
13
85
47
27
81
63
59
61
78
78
53
17
27
43
10
54
94
79
68
31
69
64
83
41
23
11
96
20
87
90
52
26
83
67
20
20
7
83
27
45
68
93
86
12
69
73
99
1
62
44
26
58
88
97
88
19
34
23
19
48
73
48
58
16
63
3
71
4
32
15
98
32
14
87
38
12
8
45
92
31
62
61
89
92
99
83
45
85
28
37
54
30
95
7
59
24
94
7
94
94
11
42
65
52
40
38
55
80
82
46
75
51
74
34
5
85
30
74
22
95
81
92
27
52
51
44
62
65
69
84
0
43
48
67
62
89
53
18
37
19
8
68
64
3
83
62
39
0
95
51
58
19
89
90
81
61
41
66
52
66
68
80
4
46
25
74
35
36
88
7
75
53
3
5
35
82
7
90
61
7
91
1
5
37
72
41
94
33
67
8
39
23
6
31
63
71
67
45
84
32
74
33
77
26
50
15
51
55
36
3
41
47
54
81
37
75
74
71
14
24
9
44
57
83
45
61
85
45
89
22
85
39
7
25
98
50
70
70
49
70
87
89
38
19
97
36
83
82
6
46
7
74
80
2
9
91
40
36
91
91
99
73
69
83
42
62
90
50
82
24
38
16
79
39
7
63
10
51
47
51
29
66
53
30
84
44
5
91
53
74
72
15
15
93
5
66
89
55
48
95
66
38
77
3
13
18
92
55
13
72
29
91
91
61
75
58
71
70
46
52
94
89
90
56
57
43
60
89
30
47
78
6
80
80
54
83
60
76
54
18
14
26
9
81
85
32
63
43
73
87
44
26
99
70
8
90
65
80
90
17
39
53
66
48
5
88
8
64
98
37
40
91
16
27
33
16
89
5
76
83
74
85
24
72
32
76
45
5
52
46
27
40
58
84
6
91
38
35
66
41
79
0
23
14
80
86
75
45
6
22
96
76
52
81
90
22
34
45
72
7
30
11
1
23
3
22
5
80
93
18
39
69
62
53
54
42
18
84
66
8
96
8
88
62
29
73
73
2
33
39
63
61
45
83
58
73
18
84
4
5
45
18
23
29
85
34
64
16
86
99
95
45
97
0
66
93
44
86
62
29
85
82
91
82
17
50
58
12
26
54
28
58
79
1
64
99
16
3
33
23
91
73
1
1
11
1
19
88
11
29
56
0
54
61
20
13
17
53
89
18
81
6
96
41
26
26
25
60
22
93
4
47
24
90
78
17
7
0
87
26
73
14
56
39
12
54
21
79
8
43
39
51
40
53
98
4
31
8
57
33
45
35
6
94
87
65
22
16
64
57
98
55
88
72
58
27
36
13
91
84
9
5
9
65
85
70
96
6
2
59
79
70
34
97
99
49
18
55
70
21
38
34
61
69
37
55
24
43
78
72
96
35
1
84
8
86
4
91
13
90
68
60
84
0
34
54
32
92
14
49
35
86
3
89
7
15
66
35
50
12
41
31
34
93
84
26
74
44
50
57
54
35
67
44
66
60
48
58
82
67
98
89
28
55
95
76
60
76
91
37
2
74
62
43
91
48
63
34
42
34
53
51
28
8
40
44
59
61
60
73
61
29
18
66
49
92
92
6
57
86
18
20
55
0
85
75
18
23
4
95
81
58
73
60
21
14
19
87
47
79
90
75
27
15
41
39
99
81
94
45
91
36
77
12
75
62
94
61
36
38
12
1
0
30
84
98
29
7
18
48
89
91
84
4
62
31
40
30
30
61
86
47
96
65
25
14
28
75
11
81
61
73
79
5
18
56
81
33
84
69
30
6
68
70
12
74
7
21
23
60
5
14
48
78
0
70
38
43
24
69
86
9
42
41
39
27
0
70
85
9
43
79
77
75
74
80
42
62
8
0
36
89
51
46
69
56
42
22
71
35
63
86
16
0
21
2
1
64
47
43
83
64
68
18
1
25
96
46
47
90
2
28
37
61
31
9
4
92
38
93
28
39
18
41
44
49
1
11
19
91
82
4
60
34
56
19
32
74
87
99
27
98
8
58
93
87
35
24
35
43
52
6
4
27
8
63
26
34
39
97
37
75
33
87
49
98
16
33
76
41
97
8
75
17
80
93
27
4
41
60
30
35
21
14
90
54
87
86
37
52
19
2
73
55
78
62
26
65
28
15
14
96
17
45
92
39
42
58
49
48
44
71
48
69
9
26
94
11
71
66
66
28
82
1
39
88
93
82
7
17
56
40
70
1
49
52
69
45
16
62
85
12
99
88
40
68
36
60
17
87
25
46
75
61
70
58
34
51
75
73
70
37
28
90
55
88
68
38
73
6
40
58
61
39
56
17
96
77
42
87
63
4
16
94
55
76
60
97
1
0
75
31
55
71
75
52
6
43
14
84
14
51
1
88
53
66
5
56
32
52
40
24
86
54
54
88
61
87
54
24
84
85
17
90
22
86
77
79
94
45
0
39
89
82
41
87
91
73
4
62
72
98
10
46
28
38
74
70
13
7
15
24
76
21
51
79
15
47
47
93
73
81
26
70
95
60
70
2
82
81
34
6
65
62
74
17
36
42
52
48
79
50
19
83
66
68
74
64
16
63
16
86
18
29
84
53
9
77
80
74
15
1
42
4
1
84
92
13
10
33
80
68
30
8
3
81
45
18
20
35
28
74
5
53
34
27
93
6
44
93
85
91
46
31
69
47
57
95
85
80
1
82
45
66
44
58
31
42
23
90
6
83
31
51
80
23
64
61
40
51
99
28
19
63
7
97
78
34
71
13
74
17
28
29
10
61
83
83
53
73
7
52
82
34
15
68
68
34
82
75
37
8
94
16
24
21
8
96
53
49
63
84
27
32
96
20
29
43
69
94
26
92
23
91
34
48
23
53
25
0
59
83
69
73
27
12
74
61
21
65
88
28
15
24
1
77
72
82
5
64
51
52
79
70
46
1
59
87
60
88
76
45
15
7
1
35
94
80
16
71
26
72
60
73
9
75
5
72
27
96
38
56
45
36
40
52
35
7
85
30
92
51
79
13
99
86
15
29
63
66
62
80
24
57
43
78
49
99
95
93
80
71
78
86
64
4
23
62
50
17
54
66
32
57
61
2
6
92
82
82
94
95
81
96
93
49
67
31
60
79
64
63
62
82
36
12
31
47
75
77
29
94
27
70
95
32
38
67
37
2
65
40
53
87
95
53
74
43
89
69
93
81
40
71
31
33
73
75
85
47
97
92
13
19
46
62
92
53
98
66
45
48
94
10
69
60
37
35
59
47
44
57
4
83
89
71
68
52
46
58
11
22
62
52
2
58
77
96
86
33
58
69
97
14
51
2
63
45
58
42
6
75
81
99
28
50
57
88
25
38
71
47
53
48
79
59
29
82
90
93
81
17
14
69
25
32
39
10
89
66
67
99
28
98
88
20
50
18
60
48
69
79
48
6
39
2
15
37
80
48
15
89
67
77
38
23
21
96
11
87
84
30
58
73
11
31
83
59
77
50
41
8
19
54
4
68
9
91
67
75
40
71
77
38
9
82
3
76
20
60
42
94
66
72
45
25
22
36
4
14
26
60
77
62
85
38
26
67
93
23
33
88
18
58
51
83
23
85
56
20
79
20
30
47
19
4
35
38
26
0
56
47
92
52
83
29
44
3
23
9
77
43
15
63
77
19
73
24
7
29
4
61
50
30
39
33
19
17
9
17
28
45
16
12
70
49
63
60
12
11
77
98
34
46
15
84
19
66
70
62
34
94
30
35
45
99
33
90
16
96
4
24
71
3
19
14
23
68
45
81
10
90
21
57
22
87
82
12
38
10
93
77
84
41
64
76
25
91
94
42
79
19
76
87
18
51
1
50
37
6
45
23
0
4
91
48
95
48
45
54
69
99
68
56
65
80
37
67
71
25
50
60
79
0
14
55
46
80
2
32
92
15
69
97
13
30
27
74
8
17
42
91
35
36
69
50
57
84
76
85
21
18
79
76
13
8
92
69
82
79
73
89
55
42
39
45
80
63
15
50
16
62
94
60
91
83
62
58
48
33
11
5
2
18
75
75
4
31
72
17
89
70
19
36
22
67
83
63
2
62
37
11
99
77
56
22
84
14
71
94
44
85
41
52
91
85
43
82
40
80
42
96
47
22
1
11
78
72
93
85
18
63
65
25
44
2
86
44
59
2
54
98
56
75
47
76
20
48
97
9
45
38
5
3
36
43
84
18
6
9
72
38
6
75
15
29
11
20
95
3
58
74
44
83
91
74
86
10
74
58
36
90
8
49
65
40
1
14
37
0
58
96
1
61
59
21
60
89
82
61
80
52
65
55
32
77
69
26
42
79
11
20
38
47
15
7
65
63
52
26
29
3
79
39
30
99
5
8
67
52
40
58
54
82
3
82
93
70
99
21
17
56
64
74
1
92
61
85
78
58
61
53
74
47
5
34
81
64
77
67
66
63
45
30
46
27
74
87
63
87
26
41
70
64
21
32
90
36
85
65
87
21
87
71
53
27
74
1
8
93
98
61
88
90
10
83
55
85
34
24
74
49
12
28
74
26
58
45
87
79
63
14
47
31
77
52
60
71
16
73
81
2
54
67
17
21
1
88
21
77
95
91
12
15
82
22
16
66
25
41
29
29
73
27
81
63
53
23
81
86
78
71
28
75
46
62
79
16
8
7
22
81
87
83
65
62
49
70
57
77
33
40
91
23
13
80
6
42
66
30
72
35
5
41
36
52
12
43
86
97
53
50
64
30
61
20
22
57
25
71
72
68
20
49
67
87
16
41
66
44
87
63
1
15
42
6
85
8
2
5
45
5
71
56
99
67
65
2
76
50
30
53
91
81
55
70
23
46
95
40
30
62
11
23
78
96
67
36
8
15
4
80
27
60
7
54
48
16
57
94
30
92
43
62
58
19
23
38
40
96
95
61
99
86
53
89
11
52
58
54
85
74
64
82
72
69
43
81
34
47
52
40
53
45
8
83
3
90
40
28
53
32
59
4
33
92
89
44
44
55
89
98
78
82
18
31
91
47
9
73
69
36
24
91
95
37
61
83
69
98
15
76
84
78
90
98
94
24
86
1
33
96
55
7
39
15
99
3
41
66
80
27
45
63
32
5
45
9
93
33
84
35
24
59
65
11
38
23
39
25
97
40
25
52
29
56
98
82
8
38
51
45
34
18
73
64
78
96
49
64
40
36
97
40
45
49
62
10
33
4
79
81
91
5
87
3
50
80
86
89
17
12
80
4
24
32
25
13
98
12
21
76
14
59
49
30
33
80
51
66
87
38
63
53
4
48
24
13
31
29
84
46
61
24
34
46
45
99
27
51
91
0
72
50
57
4
60
81
86
9
46
92
99
77
57
14
2
70
69
69
32
79
44
58
0
20
6
24
82
79
58
72
58
75
85
55
70
29
97
46
53
37
73
28
86
50
24
34
95
1
2
36
59
99
91
85
0
60
64
54
62
31
86
57
72
73
33
91
84
85
90
69
82
21
89
68
68
76
31
58
8
90
13
30
78
78
33
99
42
12
92
8
82
78
97
62
74
4
12
29
97
77
56
18
77
72
95
54
53
45
16
73
45
33
79
86
19
97
4
9
57
89
14
58
26
49
11
14
55
83
75
27
30
59
74
29
52
90
14
77
65
7
75
27
16
30
55
83
14
51
42
70
