overall_acc,0.7988
loss,[10.85142587097168, 6.216738662567138, 4.181200495605469, 3.251304823150635, 2.808822982559204, 2.590470458755493, 2.479714013748169, 2.4124799603271483, 2.378773726730347, 2.351954934387207, 2.3321198414611817, 2.317669253959656, 2.3200688903808593, 2.308251989212036, 2.298576220550537, 2.302744908065796, 2.3060421691894533, 2.2970585501098633, 2.297585185241699, 2.2924144017791748, 2.2990067515563966, 2.3031349432373047, 2.301491803665161, 2.313324588012695, 2.3022082022857666, 2.3063318187713624, 2.3148449629211427, 2.3180175885009766, 2.3268626934814454, 2.3283078018188474, 2.345727575378418, 2.3510608263397215, 2.3434883052062987, 2.3537606224823, 2.3520581894683836, 2.3737911891174317, 2.376621328277588, 2.387989907684326, 2.391656075592041, 2.3931512776184083, 2.413698587112427, 2.416564524841309, 2.427825510253906, 2.432649632034302, 2.4386870097732545, 2.4473804385375977, 2.4661418441772462, 2.46989197555542, 2.476104834060669, 2.4714008311462403, 2.4712555964660643, 2.4825192262268065, 2.4905195645141602, 2.506474478302002, 2.5128757319641113, 2.5134213021850584, 2.520869693145752, 2.516746695404053, 2.5170166133117675, 2.5292962744140626, 2.0070948852157593, 1.622580958595276, 1.4016817295074462, 1.2564742586517335, 1.1531722024536133, 1.0952475702667237, 1.0704755350112916, 1.0588610788726807, 1.0500482900238037, 1.0579519887161255, 1.0589862821769713, 1.0605828742218018, 1.0722489685440064, 1.0699082217216491, 1.0613168901443482, 1.073911537513733, 1.06875510263443, 1.081726561717987, 1.087565580291748, 1.1035432306671142, 1.1010679639053345, 1.093876247062683, 1.1004324394226075, 1.1236903242111207, 1.109112230949402, 1.1129702160644532, 1.1137068286514282, 1.12338065990448, 1.1341192543029786, 1.1323226893234253, 1.1273958770751953, 1.1321534601211547, 1.1455798524856566, 1.1321232771110534, 1.133199250946045, 1.1433238786697388, 1.146835973777771, 1.1451869017028808, 1.145145683822632, 1.1560800726318359, 1.140706149597168, 1.1549518581771852, 1.1651004372406006, 1.163046531982422, 1.171493179168701, 1.1471254794120789, 1.1637661225128173, 1.1677052095413207, 1.1670120232009888, 1.1699505437469482, 1.1644338943481445, 1.170207380142212, 1.1670405896759033, 1.1638430688476562, 1.1759929292678832, 1.1725269918060304, 1.1885338848876954, 1.1759994135284424, 1.1735420866012574, 1.1813233104705811, 1.04938716506958, 0.9605182887649536, 0.9241410198783875, 0.8942074592208862, 0.8648874059867859, 0.8378939937210083, 0.8117593530464172, 0.7865005047225953, 0.7619239199447632, 0.7386542161178589, 0.7164023184967041, 0.6942645994949341, 0.6734831164360047, 0.652777424736023, 0.6327376828956603, 0.6135840972137451, 0.5950939563179016, 0.5771194369506836, 0.5593431728172302, 0.5425726128005981, 0.5262965404701233, 0.5102496611213684, 0.49487186685562135, 0.4800164852905273, 0.46555591360092163, 0.4518005702972412, 0.43819203724861144, 0.42487904958724976, 0.4121778581905365, 0.39955886835098264, 0.38773806252479553, 0.37613753769874575, 0.36486757491111754, 0.35396078134536746, 0.34336369722366333, 0.33296176077842715, 0.32310989696502684, 0.3140834471511841, 0.30434955452919005, 0.29529127376556397, 0.28968970094680785, 0.2878708707332611, 0.2860330441761017, 0.28420633640289306, 0.28249548241615297, 0.2807864880657196, 0.2792793385982513, 0.2773452979469299, 0.27576637510299684, 0.27401890383720395, 0.27251700966835024, 0.27067064608573915, 0.2690813706970215, 0.2674643673992157, 0.26580243481636046, 0.26425443299293516, 0.2625990040302277, 0.26107129435539245, 0.2594846707725525, 0.25798721738815306, 0.2563768156719208, 0.25487381808280946, 0.2532649930858612, 0.2517311103630066, 0.2502180592918396, 0.24871706739425659, 0.247180611743927, 0.24574081370353698, 0.24424123987674712, 0.24278836769104004, 0.24124831662654878, 0.23984951245307923, 0.2384385404586792, 0.23701494721412658, 0.23550521027088164, 0.23414169651508332, 0.23271664036750794, 0.2313525124835968, 0.22996884227752687, 0.22852842358112335]
0,0.9565217391304348
1,0.9354838709677419
2,0.8695652173913043
3,0.7931034482758621
4,0.8064516129032258
5,0.7916666666666666
6,0.8695652173913043
7,0.7692307692307693
8,1.0
9,0.8947368421052632
10,0.55
11,0.5238095238095238
12,0.8
13,0.5652173913043478
14,0.7777777777777778
15,0.8333333333333334
16,0.8846153846153846
17,0.9523809523809523
18,0.6470588235294118
19,0.72
20,0.8333333333333334
21,0.7368421052631579
22,0.8823529411764706
23,0.8076923076923077
24,0.8260869565217391
25,0.5416666666666666
26,0.75
27,0.7916666666666666
28,0.72
29,0.7586206896551724
30,0.8148148148148148
31,0.72
32,0.6818181818181818
33,0.6206896551724138
34,0.88
35,0.6363636363636364
36,0.9047619047619048
37,0.8421052631578947
38,0.8076923076923077
39,0.9130434782608695
40,0.8214285714285714
41,0.9090909090909091
42,0.8695652173913043
43,0.8260869565217391
44,0.7391304347826086
45,0.6842105263157895
46,0.45454545454545453
47,0.8260869565217391
48,1.0
49,0.8823529411764706
50,0.8181818181818182
51,0.7142857142857143
52,0.85
53,0.896551724137931
54,0.9545454545454546
55,0.6666666666666666
56,0.9090909090909091
57,0.6071428571428571
58,0.9428571428571428
59,0.7083333333333334
60,0.7777777777777778
61,0.7586206896551724
62,0.8461538461538461
63,0.9166666666666666
64,0.6842105263157895
65,0.5909090909090909
66,0.8461538461538461
67,0.8260869565217391
68,0.9523809523809523
69,0.8333333333333334
70,0.8333333333333334
71,0.8571428571428571
72,0.45454545454545453
73,0.65625
74,0.696969696969697
75,1.0
76,0.9047619047619048
77,0.6764705882352942
78,0.6842105263157895
79,0.8928571428571429
80,0.7241379310344828
81,0.9047619047619048
82,0.9459459459459459
83,0.8
84,0.9259259259259259
85,1.0
86,0.7857142857142857
87,0.8666666666666667
88,0.9523809523809523
89,0.9285714285714286
90,0.9166666666666666
91,0.8717948717948718
92,0.68
93,0.8095238095238095
94,0.9565217391304348
95,0.6206896551724138
96,0.5217391304347826
97,0.8333333333333334
98,0.6923076923076923
99,0.9565217391304348
16
7
91
43
14
92
6
89
13
85
47
27
81
63
59
61
61
51
53
17
27
43
10
54
87
79
68
99
69
64
83
41
23
21
47
20
87
90
52
26
83
67
20
20
7
83
27
45
68
93
86
12
69
45
99
1
62
93
26
58
88
97
88
19
34
71
19
48
44
48
58
16
63
75
71
4
93
15
98
32
45
87
38
12
8
45
92
31
62
10
89
92
78
83
45
85
28
37
54
30
95
7
59
24
94
7
94
94
11
42
65
52
40
38
55
80
82
80
75
93
74
34
5
85
30
74
22
95
81
92
27
52
6
44
62
65
69
84
0
43
48
67
62
89
53
44
90
19
8
68
64
3
83
70
83
0
40
51
58
42
89
90
81
61
41
33
52
66
68
80
4
46
25
27
35
50
88
19
75
53
3
5
98
82
7
81
61
7
91
1
5
17
72
41
94
33
67
12
39
23
6
31
63
71
67
37
84
32
74
33
77
26
50
2
51
72
36
3
41
47
54
87
37
75
74
71
14
24
9
44
57
83
45
10
52
63
89
22
85
39
18
25
98
50
70
54
49
70
87
90
41
27
97
36
83
82
77
11
7
74
80
2
9
78
40
36
91
91
99
73
79
83
42
70
90
50
82
24
42
16
40
39
7
63
10
51
96
77
29
66
53
30
84
44
5
10
53
74
72
15
15
44
5
66
77
55
48
73
63
97
77
3
13
18
92
55
13
74
29
91
91
61
75
58
71
70
98
52
94
89
90
56
57
43
60
45
30
96
78
24
80
80
54
99
60
76
54
18
14
26
9
81
85
32
63
43
73
87
44
26
99
70
8
90
65
80
41
17
39
53
66
48
20
88
13
27
46
37
8
91
16
4
37
16
89
5
76
83
74
85
24
72
32
76
33
5
52
46
55
40
58
84
6
91
63
46
66
41
79
0
23
14
80
86
75
45
6
22
33
76
52
37
90
22
34
45
48
7
30
11
1
23
3
22
5
80
93
27
39
79
92
53
54
63
18
84
66
8
59
8
88
62
29
73
73
2
33
39
4
61
45
83
58
73
18
84
4
5
2
18
23
29
85
42
50
16
86
99
95
45
97
0
66
46
44
86
54
44
85
82
91
82
17
80
58
12
26
54
10
58
79
1
45
99
40
3
33
23
91
73
1
1
11
1
19
88
11
29
56
0
54
61
20
13
17
53
89
18
81
6
96
41
26
26
25
60
22
30
4
47
24
18
78
17
7
0
87
26
73
14
56
44
12
54
11
79
8
43
39
78
40
53
35
4
31
8
57
33
18
35
6
94
87
65
22
16
55
57
2
63
88
72
58
27
36
13
91
84
9
89
9
72
85
70
59
42
2
59
79
70
34
97
99
49
18
55
70
27
38
34
61
69
37
27
24
3
99
75
63
35
1
84
22
86
4
91
58
90
68
60
84
0
34
54
32
92
14
52
35
86
3
89
7
15
66
35
50
12
41
31
34
93
84
26
74
93
50
57
54
11
73
44
66
60
45
58
82
67
98
89
28
55
95
76
60
76
91
37
2
3
62
43
91
48
63
34
42
34
53
3
28
8
40
44
47
61
60
73
61
29
63
4
49
92
92
6
57
68
18
20
55
0
85
75
33
23
66
95
81
58
73
60
21
62
19
87
47
79
90
75
73
15
41
39
99
33
94
45
91
36
77
66
75
62
94
61
50
38
12
1
0
30
84
98
29
7
18
48
81
91
84
63
62
31
40
55
30
10
86
47
96
65
20
14
28
75
2
81
10
44
79
5
33
56
81
31
84
69
30
6
68
70
81
74
7
67
55
60
5
14
48
18
0
70
38
18
24
69
16
9
42
41
39
27
0
70
85
9
43
79
77
75
74
80
42
44
8
0
36
89
15
46
69
56
42
10
71
98
72
40
16
0
30
2
1
64
47
43
83
65
68
18
1
90
96
98
47
90
2
78
37
61
31
9
4
92
38
93
28
39
18
41
44
49
1
11
42
91
82
4
60
34
56
19
32
74
16
99
73
98
8
58
93
87
11
7
35
43
52
6
4
27
8
63
26
34
39
97
37
75
33
87
49
46
16
33
76
41
97
8
75
17
55
93
44
4
41
60
30
46
21
77
90
54
87
86
37
47
66
2
73
55
25
62
26
65
28
15
9
96
17
45
92
39
42
58
49
48
44
71
48
69
9
65
94
46
23
66
66
88
82
48
39
88
93
82
18
17
56
40
70
1
68
52
69
45
16
6
85
12
99
88
40
68
36
49
17
87
25
46
75
61
70
58
97
51
75
73
70
37
28
90
55
88
68
38
73
6
16
58
61
39
56
17
33
77
63
87
75
4
16
94
55
76
60
97
1
0
75
31
27
60
75
52
6
43
14
84
14
51
1
88
53
66
5
56
32
52
40
24
86
54
54
88
61
87
54
24
10
85
17
90
22
86
77
79
94
45
0
39
89
82
41
87
91
73
4
62
55
98
63
46
28
38
9
70
13
7
15
24
76
98
67
79
15
47
47
93
73
81
26
70
95
60
70
11
82
66
34
6
65
62
74
31
36
88
52
48
79
50
15
57
66
68
64
64
16
63
16
84
18
29
37
53
9
38
80
74
15
1
67
32
1
84
69
81
10
33
55
68
30
8
3
81
45
99
44
35
20
72
5
53
34
27
93
6
44
93
37
91
35
31
69
47
86
30
85
80
1
82
79
66
44
58
31
42
23
90
18
83
31
51
80
23
64
61
40
51
99
28
19
63
7
97
78
34
71
13
24
17
28
29
10
61
83
83
53
73
7
59
82
34
15
68
68
34
82
75
37
8
94
86
24
21
8
96
53
49
38
85
27
32
96
20
29
43
69
94
26
82
60
91
34
48
71
53
5
0
59
57
69
73
27
12
42
61
21
72
88
28
15
24
1
77
67
82
5
64
51
52
79
70
46
86
59
87
60
88
76
45
19
6
1
35
94
79
25
71
26
55
60
73
9
75
5
55
27
32
38
56
45
36
40
47
2
7
85
30
92
51
79
89
99
86
15
29
63
66
62
80
24
57
43
78
49
99
95
93
63
71
99
86
64
35
23
62
50
17
98
66
32
57
99
2
6
1
82
82
94
95
81
96
93
33
67
31
60
24
34
63
62
82
36
76
31
47
75
77
29
94
27
84
95
32
38
67
37
26
65
40
53
87
95
53
42
43
89
69
93
81
40
71
31
33
73
75
85
47
97
1
13
19
46
62
92
53
46
66
45
48
94
10
69
71
37
35
59
52
44
57
4
83
89
71
68
52
46
58
11
22
62
52
2
58
77
96
86
33
58
69
97
14
51
2
63
48
58
42
6
80
81
99
28
50
57
88
25
38
71
47
53
48
79
59
29
82
90
93
81
17
14
69
25
32
39
10
89
65
67
99
28
98
88
20
4
18
60
48
69
1
90
6
39
25
15
37
78
48
35
89
73
77
38
23
21
96
11
41
84
30
58
30
98
19
45
59
77
4
41
8
19
54
4
68
53
91
67
37
40
71
77
38
9
82
3
76
20
60
42
94
66
72
6
25
61
36
4
14
10
60
77
62
85
33
16
67
93
23
33
88
18
58
51
83
23
85
56
20
79
20
30
52
19
4
98
90
26
0
56
47
83
52
10
51
64
3
23
9
77
43
15
63
77
19
73
24
24
29
4
61
64
30
39
33
19
42
9
17
28
67
65
12
41
49
63
71
12
2
77
35
3
46
15
84
19
64
70
62
34
94
30
35
4
99
33
90
16
56
4
24
71
3
19
14
23
68
82
81
61
90
21
57
22
87
82
12
38
10
93
77
84
41
64
76
25
91
94
42
79
19
76
87
18
51
1
50
37
6
45
23
0
55
91
89
95
48
45
54
69
51
68
56
86
80
47
67
71
25
50
60
79
0
44
55
46
80
2
32
92
10
76
97
13
30
27
74
8
17
42
91
11
4
69
50
57
84
76
85
3
91
79
76
81
8
92
69
82
7
73
89
66
42
39
45
80
4
15
74
16
62
94
60
75
83
62
85
48
59
11
5
2
91
75
75
4
3
63
17
89
92
19
36
22
67
83
63
2
92
37
98
99
77
56
22
84
14
71
94
44
85
41
52
91
85
43
82
40
97
42
96
47
22
1
6
78
4
93
85
18
63
65
25
44
2
22
44
59
2
54
98
56
75
47
76
20
48
97
9
25
38
84
3
50
43
84
18
6
86
72
42
14
75
15
29
35
20
95
3
58
74
44
83
91
74
86
10
4
58
36
90
8
49
42
40
1
14
37
0
58
96
1
61
59
21
60
89
82
61
80
52
65
55
32
77
69
26
42
79
11
20
38
47
15
79
65
63
52
26
29
3
79
39
30
99
5
8
38
52
40
58
54
82
3
82
93
70
99
21
17
56
64
74
1
92
61
85
78
58
10
53
74
47
5
34
81
64
77
30
66
63
98
93
46
18
74
87
63
87
26
41
70
57
21
32
90
36
85
3
87
21
87
71
83
27
74
1
8
93
98
61
88
90
10
83
27
85
34
24
67
49
12
28
74
79
58
45
87
79
67
14
47
31
77
52
49
71
25
67
81
98
54
67
17
21
1
88
21
77
95
91
12
15
82
22
16
66
25
1
29
29
73
42
81
63
53
23
81
86
78
71
28
75
46
62
79
16
8
7
22
81
87
10
65
62
49
70
57
63
18
40
91
23
13
4
6
42
66
30
72
35
94
41
36
59
12
43
86
97
53
50
97
30
61
20
22
57
25
71
72
68
20
49
67
87
16
41
66
44
12
63
1
15
42
6
85
8
2
5
45
93
71
56
99
67
65
2
76
50
30
53
91
81
65
70
25
46
72
40
80
62
11
23
78
96
67
36
8
15
4
80
27
60
7
54
48
16
57
94
30
92
43
92
58
19
23
38
40
33
95
61
99
86
53
89
11
52
58
54
85
74
72
82
72
32
43
81
34
47
52
40
53
45
8
83
3
90
40
28
53
27
59
4
33
92
89
44
44
55
89
98
78
82
91
31
25
47
9
73
69
36
24
91
95
37
61
83
69
11
3
76
79
82
90
98
94
24
39
1
33
90
55
79
2
15
99
3
41
66
80
27
45
55
32
5
33
9
93
33
22
35
24
56
65
11
38
23
39
25
97
97
25
47
29
56
98
82
41
38
51
79
19
18
95
64
78
96
49
64
40
36
97
40
93
49
62
10
56
4
79
81
91
5
87
3
50
80
86
89
17
12
80
64
6
32
40
13
98
37
21
76
74
59
49
30
33
80
51
66
87
38
63
53
4
48
24
13
31
29
84
46
61
24
34
46
45
99
27
51
91
0
72
50
57
4
60
90
86
9
46
92
99
77
57
14
2
70
69
69
32
79
93
58
0
20
7
85
82
79
58
95
58
75
85
14
70
44
97
46
53
37
30
28
86
50
24
96
95
1
2
36
59
99
55
85
0
71
64
82
62
31
86
0
72
73
42
91
84
85
90
69
82
21
89
68
68
76
31
58
8
90
13
30
78
88
96
99
42
12
92
8
82
78
97
62
74
4
12
29
97
80
56
18
6
72
95
54
0
45
16
73
29
33
14
86
19
97
4
9
57
89
14
25
26
49
11
14
80
83
21
27
72
52
74
29
59
90
14
77
4
7
75
27
16
30
50
83
14
51
42
70
