overall_acc,0.7928
loss,[10.901276572265624, 6.246744141845703, 4.209604451141358, 3.2634078450012205, 2.817496815032959, 2.591690536727905, 2.4868265209198, 2.4122858030700685, 2.3826746562957766, 2.365967078857422, 2.3425358699035645, 2.3372447492218016, 2.3181595226287843, 2.3202121517944336, 2.3084066469573976, 2.3008302822875977, 2.3089963485717773, 2.301745107574463, 2.300685251083374, 2.3094225032806395, 2.302315349121094, 2.3074100050354005, 2.304985411529541, 2.313799941482544, 2.317256132507324, 2.3142558755493163, 2.3199191291809083, 2.3234146749114992, 2.3338516369628906, 2.3443400330352784, 2.335548572616577, 2.344579138793945, 2.355691275253296, 2.366570397338867, 2.3750940480041502, 2.384299233856201, 2.378022010498047, 2.395036618270874, 2.4040049948883055, 2.4073499751281737, 2.405185046081543, 2.4193466737365723, 2.424256308441162, 2.4363204530334475, 2.444658789215088, 2.452912741241455, 2.4649563636779783, 2.46043118850708, 2.4739560902404785, 2.4701007983398435, 2.4863589070129395, 2.4876496203613283, 2.4876530585479735, 2.4910477423858643, 2.505508775100708, 2.5017459649658202, 2.512525996246338, 2.511194747543335, 2.521738116760254, 2.512357253341675, 1.990307654647827, 1.6162945984268189, 1.4026146747589112, 1.2541529933166504, 1.152384394683838, 1.1007038399505615, 1.0755256625366212, 1.0739442308425904, 1.0644359430885315, 1.064378166809082, 1.0644520351791382, 1.0700374851608276, 1.0604878979682921, 1.0789322724533081, 1.0761087871551513, 1.0731763431167602, 1.0820924111938477, 1.0882973445129394, 1.0882948977661133, 1.0812248017883301, 1.0913325145339965, 1.1100884860229492, 1.1081981226730346, 1.106924673652649, 1.1050330132293702, 1.121113240890503, 1.1048497233200074, 1.1085862233352661, 1.124662540550232, 1.1269492070770264, 1.140339174156189, 1.1398739700126648, 1.1365244474411011, 1.1205509350967406, 1.1422584239578246, 1.1389126810073853, 1.1523736599349976, 1.135960069618225, 1.1447993054580687, 1.1422111626052855, 1.1467432412338256, 1.1562856874084473, 1.1590875638198852, 1.1447609357833863, 1.1604578858184815, 1.1675325312042237, 1.1817496755218506, 1.1610070534133912, 1.165322372932434, 1.1696968838882447, 1.173881280860901, 1.183321070251465, 1.170683172569275, 1.166659168548584, 1.1776004544830323, 1.182225408859253, 1.1787783637237548, 1.1725026597595214, 1.1728360258865356, 1.192444559249878, 1.054860602645874, 0.9684963472175598, 0.9304460487747193, 0.8999156928253174, 0.8699759251403809, 0.8431732858848572, 0.817077730331421, 0.7917525106048584, 0.7669597283554077, 0.7435935945129395, 0.7211695436668396, 0.6993830527496337, 0.6776423952102661, 0.6572800355529785, 0.6370065737915039, 0.6179465971755982, 0.5991356908988953, 0.5808196885681153, 0.5635412154388427, 0.546589455947876, 0.5299555948638917, 0.5139062579727173, 0.498370801486969, 0.48338164991378785, 0.4688370860385895, 0.4547342367362976, 0.4408639079666138, 0.42762956882476805, 0.4150240965270996, 0.4025261220550537, 0.3904791909408569, 0.37929252632141114, 0.3675132761096954, 0.3565914960670471, 0.34575052684783936, 0.33653819012641906, 0.32681701130867, 0.3165185488319397, 0.3070914285182953, 0.2980513617324829, 0.29224327184677124, 0.29036342131614684, 0.2884942472743988, 0.28683621609687804, 0.28510667103767395, 0.2833314856338501, 0.28151092322349547, 0.2798306114006042, 0.27818960879325866, 0.27648005447387697, 0.274858321352005, 0.2730858181190491, 0.27147053859710696, 0.26978837745666506, 0.2681202140903473, 0.26654941036224367, 0.26494494899749754, 0.26330527597427367, 0.2617043417072296, 0.26015906085968016, 0.25859602313041685, 0.25710867953300476, 0.25548740368843076, 0.25399033445358277, 0.25239565328598024, 0.25092359689712523, 0.24935605896472932, 0.24791144920825958, 0.24636682117938996, 0.24493251003265382, 0.24343483057022094, 0.24192126069545747, 0.24053969529151917, 0.23910702991962432, 0.23763195048809052, 0.23618545205593108, 0.23480722313404084, 0.23337133960723877, 0.23197365712165832, 0.23052518955230714]
0,0.9130434782608695
1,0.8387096774193549
2,0.8695652173913043
3,0.7931034482758621
4,0.8064516129032258
5,0.75
6,0.8260869565217391
7,0.9230769230769231
8,1.0
9,1.0
10,0.4
11,0.42857142857142855
12,0.7
13,0.5652173913043478
14,0.7777777777777778
15,0.875
16,0.8846153846153846
17,0.8571428571428571
18,0.6764705882352942
19,0.88
20,0.8333333333333334
21,0.8947368421052632
22,0.8823529411764706
23,0.7307692307692307
24,0.782608695652174
25,0.625
26,0.75
27,0.8333333333333334
28,0.76
29,0.7241379310344828
30,0.8518518518518519
31,0.8
32,0.7272727272727273
33,0.6896551724137931
34,0.88
35,0.45454545454545453
36,0.9047619047619048
37,0.7368421052631579
38,0.8461538461538461
39,1.0
40,0.7857142857142857
41,0.9090909090909091
42,0.782608695652174
43,0.8260869565217391
44,0.6521739130434783
45,0.7368421052631579
46,0.4090909090909091
47,0.6956521739130435
48,1.0
49,0.8235294117647058
50,0.7272727272727273
51,0.6666666666666666
52,0.75
53,0.9310344827586207
54,0.9545454545454546
55,0.47619047619047616
56,0.8181818181818182
57,0.6785714285714286
58,0.8285714285714286
59,0.7916666666666666
60,0.8518518518518519
61,0.8620689655172413
62,0.8846153846153846
63,0.7083333333333334
64,0.7894736842105263
65,0.7272727272727273
66,0.8076923076923077
67,0.6521739130434783
68,0.9523809523809523
69,0.9
70,0.8333333333333334
71,0.8571428571428571
72,0.5454545454545454
73,0.71875
74,0.7272727272727273
75,1.0
76,0.9047619047619048
77,0.7352941176470589
78,0.7894736842105263
79,0.75
80,0.7241379310344828
81,0.9047619047619048
82,0.918918918918919
83,0.8666666666666667
84,0.8888888888888888
85,0.9666666666666667
86,0.7857142857142857
87,0.8333333333333334
88,0.9523809523809523
89,0.9285714285714286
90,0.7916666666666666
91,0.8717948717948718
92,0.68
93,0.8571428571428571
94,0.9565217391304348
95,0.6896551724137931
96,0.5217391304347826
97,0.7083333333333334
98,0.6153846153846154
99,0.9130434782608695
16
7
91
43
14
92
6
89
13
85
96
27
81
63
59
10
78
7
53
17
27
43
10
54
87
79
68
31
69
64
83
41
23
98
47
20
87
90
52
26
83
67
20
20
7
83
27
45
68
93
86
12
60
73
99
18
62
91
26
58
88
64
88
19
34
71
19
48
44
48
58
16
63
3
55
4
32
15
98
32
14
87
38
33
8
45
92
31
62
61
89
62
78
83
45
85
28
37
54
30
95
7
59
24
94
7
94
94
11
42
65
52
40
38
34
80
82
11
75
93
74
42
5
85
30
74
22
95
81
62
91
52
51
44
62
65
69
84
0
43
48
67
62
89
53
18
37
19
8
68
64
3
83
62
39
0
95
51
58
19
89
90
81
61
41
77
52
66
68
80
4
46
5
27
35
50
88
19
75
53
3
5
35
82
7
86
61
7
91
1
5
37
72
41
94
33
67
8
39
23
9
31
63
71
67
45
84
32
74
33
77
26
50
55
37
27
36
3
41
47
54
81
37
75
74
71
14
0
9
44
57
83
45
61
59
42
89
22
85
39
7
25
98
36
70
54
49
70
87
89
38
79
97
36
83
82
6
11
7
74
80
2
9
91
40
36
91
91
99
73
79
83
42
62
90
50
82
24
65
16
65
39
7
63
10
51
96
38
29
66
53
30
84
44
5
91
53
74
72
15
15
44
25
66
16
15
48
95
75
64
77
3
13
18
92
55
13
72
29
91
91
61
75
13
71
70
46
52
94
89
90
56
57
43
60
89
30
96
78
74
80
80
54
99
60
76
54
18
14
26
9
81
85
32
63
43
73
87
44
26
99
70
8
90
65
80
41
17
39
53
66
48
5
88
13
65
98
37
40
91
16
27
33
16
89
5
76
83
74
85
24
72
32
76
27
54
52
46
27
40
58
84
6
91
38
98
66
7
79
0
23
14
15
86
75
45
6
22
33
76
52
81
49
22
34
45
48
7
30
35
1
23
3
22
5
80
93
18
86
79
62
53
54
4
18
84
65
8
59
8
88
62
29
30
73
2
33
39
4
78
45
83
58
73
18
84
4
5
26
18
23
29
85
34
97
16
86
99
95
45
61
0
28
11
64
86
54
11
85
82
91
82
17
27
58
12
26
54
28
58
6
1
88
44
65
3
33
23
91
73
1
1
98
1
19
88
11
29
56
0
54
61
20
33
17
53
89
18
81
6
59
41
26
26
25
60
22
73
4
47
24
90
78
17
7
0
87
26
95
14
56
99
12
54
21
79
8
43
39
61
40
53
98
4
31
8
57
33
24
35
6
94
90
65
22
16
64
57
2
97
88
72
58
26
36
13
91
84
9
5
9
65
85
70
59
93
2
59
79
70
34
97
16
49
18
55
70
27
38
34
61
69
37
64
24
3
78
72
63
35
1
84
8
86
4
91
13
90
68
60
84
0
34
18
32
92
14
49
35
28
3
89
44
15
66
98
50
12
41
31
34
93
84
26
74
78
50
57
54
35
67
44
66
60
79
58
82
72
98
89
28
55
95
76
60
76
91
37
2
63
62
43
91
48
27
34
42
34
53
3
28
8
40
44
96
61
60
73
61
29
18
63
49
92
92
45
55
12
18
20
72
0
85
75
55
23
74
95
81
58
73
60
21
14
19
87
47
79
90
75
75
15
41
39
99
46
94
45
91
36
77
95
75
92
94
61
50
38
12
1
0
30
84
98
29
7
18
48
87
91
84
63
62
31
40
55
30
61
86
47
59
65
20
14
28
75
2
81
22
73
79
5
33
56
81
15
84
69
30
6
68
70
81
74
7
80
23
60
5
14
48
83
0
70
38
43
24
69
16
9
42
41
39
27
0
70
85
9
43
79
77
75
74
80
42
10
8
0
36
89
43
46
69
56
42
91
71
35
72
40
16
0
21
2
1
64
47
43
83
65
68
18
1
25
96
98
96
90
2
28
37
61
31
9
4
92
38
93
10
39
18
41
44
49
32
11
19
91
82
4
60
34
56
19
32
74
33
99
49
2
8
58
93
87
11
7
35
43
52
6
27
27
8
63
26
34
39
97
37
75
33
87
49
98
16
33
76
41
97
8
75
17
55
93
27
4
41
60
30
55
21
53
90
54
87
86
37
52
66
2
73
55
83
62
26
19
28
15
14
59
69
45
92
39
42
13
49
48
44
71
48
69
9
26
16
46
71
66
66
88
82
1
39
88
93
82
7
69
56
40
70
77
68
52
69
45
16
6
85
12
99
88
40
68
36
60
17
89
25
46
75
61
92
58
34
51
75
73
70
37
28
90
55
88
68
38
95
7
16
58
61
39
56
17
33
77
63
87
75
4
16
94
55
76
60
97
1
0
75
31
97
60
75
52
6
43
14
84
18
51
1
88
53
66
5
52
32
52
40
24
86
54
54
88
61
87
54
24
40
85
17
90
22
86
77
79
94
45
0
39
89
82
41
87
91
73
4
62
72
35
63
46
28
38
72
70
13
7
15
26
76
98
73
79
15
47
47
93
67
81
26
70
95
60
70
2
82
66
34
6
65
62
74
31
36
88
52
48
79
74
55
83
66
68
4
64
16
63
16
84
18
29
84
53
9
38
27
74
15
1
45
55
1
84
18
81
10
33
80
68
30
8
3
81
45
18
44
35
40
74
5
53
34
27
93
18
44
93
85
91
98
31
69
47
57
95
85
80
1
82
45
66
44
58
31
42
23
90
6
83
31
51
80
23
64
61
40
51
99
28
19
63
26
97
78
34
90
13
50
17
28
29
10
57
83
83
53
73
7
59
82
34
15
68
68
34
82
75
37
8
94
16
24
21
8
52
53
49
80
85
27
32
96
20
29
43
69
94
26
82
60
91
34
48
71
53
5
0
59
84
69
73
27
12
42
61
21
95
88
28
15
24
1
77
67
82
5
64
51
59
79
70
46
1
59
87
60
88
76
45
19
6
1
35
94
79
16
71
26
27
60
73
9
75
5
72
27
96
38
14
45
36
40
52
2
7
85
30
92
51
7
89
99
86
15
29
63
66
62
80
24
57
43
78
49
99
95
93
63
71
78
86
64
4
19
62
50
17
98
21
32
57
61
2
45
92
82
82
94
95
81
96
77
33
67
31
60
50
74
63
62
82
36
60
31
47
75
77
29
94
27
70
95
32
38
32
37
2
65
40
53
87
95
53
42
43
89
69
93
81
84
71
31
33
73
75
85
47
97
62
81
34
46
92
92
53
98
66
45
48
94
10
69
60
42
98
59
52
44
57
4
83
89
71
12
52
46
12
98
22
62
52
2
58
77
96
86
33
58
69
97
14
51
2
4
26
58
42
6
66
81
99
28
50
57
88
25
38
71
47
53
48
79
59
29
82
90
93
81
17
14
69
25
32
39
10
89
4
67
99
28
98
88
20
42
18
60
48
69
18
87
6
39
87
15
37
77
48
3
89
73
77
38
23
21
96
11
16
84
30
13
30
98
31
45
59
77
4
41
8
19
54
4
68
9
91
67
19
40
71
57
38
9
82
3
76
20
60
42
94
66
72
6
25
61
36
6
14
26
60
77
62
85
42
26
67
93
23
33
88
18
58
51
83
23
85
56
20
79
20
30
52
19
38
35
65
26
0
56
47
83
52
10
29
3
3
30
9
77
43
15
27
77
19
73
77
7
29
4
61
50
30
39
33
19
17
9
17
28
45
8
18
83
49
63
71
12
2
77
35
21
46
15
84
19
34
70
62
34
94
91
41
42
99
33
90
16
56
4
24
71
3
19
14
23
68
1
81
61
90
21
57
22
87
82
12
38
10
93
77
84
41
64
76
25
91
94
42
79
19
76
87
18
51
1
50
94
6
45
23
0
7
91
89
95
48
45
54
69
51
68
56
65
80
37
67
71
25
50
60
79
0
44
55
46
80
2
32
92
10
69
97
13
30
27
74
8
17
42
91
98
36
69
80
57
84
86
85
21
91
44
76
13
8
92
69
82
7
73
89
4
42
39
78
80
4
15
50
16
82
94
71
91
83
62
85
48
59
11
5
2
55
75
75
4
31
72
17
89
70
19
36
77
67
83
63
2
92
37
2
99
77
56
22
84
14
71
94
44
56
41
52
91
85
43
82
40
80
42
96
47
22
1
11
78
72
93
85
12
63
65
25
44
2
22
44
59
2
54
98
56
75
52
76
20
48
97
9
22
38
5
3
50
42
90
18
6
9
72
38
6
75
15
29
11
25
30
3
58
74
44
83
91
74
86
28
44
58
36
90
8
1
65
40
54
14
37
0
58
96
1
61
59
21
60
89
82
61
80
52
65
55
32
77
69
26
42
79
11
20
38
52
15
7
65
63
96
26
29
3
79
39
30
99
5
8
38
52
69
58
54
82
3
82
93
70
99
21
17
56
64
74
1
92
61
85
78
58
10
53
74
47
5
34
81
64
77
30
66
63
11
93
46
18
74
87
75
87
26
41
70
22
21
32
90
36
85
3
87
21
87
71
83
27
74
1
8
93
98
61
88
90
10
83
74
13
34
24
74
49
12
28
74
6
58
45
87
79
67
14
47
31
77
59
60
71
25
67
81
98
54
67
17
21
1
88
21
77
95
91
12
15
82
22
16
66
25
41
29
29
73
27
81
63
53
23
81
86
42
71
28
75
35
26
26
16
8
7
22
81
87
83
65
62
49
70
57
77
78
40
91
23
13
80
6
42
3
30
72
35
5
41
36
52
12
43
86
97
53
50
97
3
61
20
22
57
25
71
72
68
20
49
67
87
16
41
66
27
25
63
70
15
42
6
85
8
2
25
45
93
71
56
99
67
27
2
76
50
30
53
91
81
65
92
23
11
72
40
80
62
11
23
78
96
67
44
8
15
4
80
27
60
7
54
48
16
57
94
30
92
43
62
58
19
23
38
65
47
95
61
99
86
53
89
11
52
58
54
85
74
72
82
72
69
43
37
34
47
47
40
53
45
8
83
3
90
25
28
53
27
59
4
33
92
89
44
71
4
89
98
78
82
91
31
91
47
9
73
69
36
26
44
95
37
61
83
69
11
3
76
44
78
33
98
94
24
39
1
33
74
55
7
39
15
99
3
41
66
80
27
45
72
32
20
45
9
93
33
80
35
24
59
65
11
38
23
39
25
97
10
87
47
29
56
98
82
41
38
51
79
19
18
95
64
78
96
49
64
40
36
97
40
45
49
62
10
49
4
18
81
91
5
87
3
50
80
86
89
17
12
80
4
6
32
40
13
98
59
21
76
14
59
49
30
33
38
51
66
87
38
63
53
4
48
24
13
31
49
84
46
61
24
34
98
45
99
27
51
91
32
72
50
57
4
60
90
86
9
46
92
99
77
57
14
2
70
69
69
32
79
93
58
0
20
7
7
82
79
58
72
58
75
85
38
70
44
97
98
53
37
73
28
86
50
24
31
95
1
2
36
59
99
55
85
0
60
64
54
62
31
86
9
72
73
63
18
84
85
90
69
82
21
89
68
68
76
31
58
8
81
13
30
78
88
33
99
27
12
92
8
82
78
97
62
74
4
12
29
97
67
56
18
77
3
95
54
0
45
5
73
29
33
6
86
19
97
4
9
53
89
14
5
26
49
11
14
55
83
3
27
30
52
74
29
59
90
14
77
4
7
75
27
16
30
64
83
63
51
42
70
