overall_acc,0.7996
loss,[10.882978928833008, 6.249464590759278, 4.195743426208496, 3.2632697857666018, 2.816060587158203, 2.5976742170715332, 2.482295545883179, 2.41862084564209, 2.3781628049468995, 2.360334234161377, 2.3324553999328614, 2.3317398793029787, 2.3151313537597655, 2.3067607373809813, 2.3062649346923827, 2.3068378353118897, 2.304003292160034, 2.2945568226623534, 2.2931208699035643, 2.302317572631836, 2.2957122762298585, 2.308224023513794, 2.3059340282440184, 2.3017912412261965, 2.318579743652344, 2.312617620391846, 2.3151176139068603, 2.3204097808074953, 2.3383712426757812, 2.3319107415771483, 2.3302627780914307, 2.3352571112823486, 2.345625740814209, 2.351513564605713, 2.368908169250488, 2.3527269764709473, 2.376406913909912, 2.369994981994629, 2.3896746449279784, 2.3912749462890623, 2.404687316970825, 2.4193383629608154, 2.4237867027282713, 2.4241673997497557, 2.4350270405578613, 2.443523680648804, 2.4511131800842287, 2.4655064576721193, 2.4722098505401613, 2.479474587097168, 2.496978044204712, 2.4959192416381835, 2.4973242984771726, 2.500499414215088, 2.504803486251831, 2.5165250759124755, 2.518308670425415, 2.52173705368042, 2.535296583786011, 2.5280245300292967, 1.9911413319396973, 1.6099550592041016, 1.3923958182525635, 1.237567258682251, 1.1449211220932007, 1.0887413580322265, 1.0513057027435302, 1.0478135585784911, 1.0492808081054688, 1.0468435500526427, 1.0560884008789062, 1.0541093028259276, 1.0563258123779298, 1.06890012550354, 1.0648671396827698, 1.0657231723976135, 1.0917085305404663, 1.0765496800994874, 1.0727583678436279, 1.0826140156555175, 1.0938876779174804, 1.0910936297798157, 1.0998091624450683, 1.1147757704544068, 1.1069216354560851, 1.1018889728164674, 1.1142544482803345, 1.111268911933899, 1.1146761277008057, 1.1108858375358581, 1.1235796020507813, 1.1304554347610474, 1.1233702100372314, 1.128125620918274, 1.1404841576385498, 1.1365499571228028, 1.1414901828765869, 1.146739620666504, 1.1533500381469726, 1.1517248023223876, 1.1440404106140136, 1.1540005479049682, 1.139587250366211, 1.1696110404205322, 1.146912652053833, 1.160195680656433, 1.1640582102966308, 1.1657575611877442, 1.1622334850692748, 1.1542030070495606, 1.1517402524566651, 1.1620077158355713, 1.1702279694747926, 1.1778344147491455, 1.172805256843567, 1.1806603012084962, 1.1752563457870484, 1.1685159080505372, 1.175229060897827, 1.1673152299118041, 1.0305575462722778, 0.9505795370292663, 0.914860898475647, 0.8837701124954224, 0.8560497923660279, 0.8287001014709473, 0.8024868874931336, 0.7778238866615296, 0.7537840153121949, 0.7307980018615723, 0.7085446700286865, 0.6869282096290589, 0.665943384399414, 0.6456906836891174, 0.6261451877975464, 0.6071391932296752, 0.5887811519622803, 0.5708637707519532, 0.5540299206924438, 0.5368786395072938, 0.520965276222229, 0.5051135889911652, 0.49007953020095824, 0.47492532936096193, 0.4606244245815277, 0.44677287289619444, 0.4334454096317291, 0.4205782900905609, 0.4079301547241211, 0.39547316495895385, 0.3842507192993164, 0.37237533655166627, 0.3611981660079956, 0.3505895189666748, 0.34085235718727114, 0.33092405420303345, 0.3210589310264587, 0.31117538679122925, 0.3026154155254364, 0.2931914450263977, 0.28733960300445555, 0.28547116110801696, 0.283719927110672, 0.2819430347824097, 0.2802280153942108, 0.2784668421459198, 0.2767427250385284, 0.27508336636543274, 0.27344705316543577, 0.2717093797874451, 0.2701209428501129, 0.26851111108779907, 0.2668693442249298, 0.26522211636543275, 0.2636205614757538, 0.26203926767349245, 0.2604015050411224, 0.25884085468292234, 0.2573100614643097, 0.2558064436340332, 0.25416039937019347, 0.252683482875824, 0.25113612071990965, 0.24956350862503052, 0.24809638507843018, 0.24661009557247163, 0.2451099345588684, 0.2436234362411499, 0.24217309385299682, 0.24069575959682465, 0.2392040183210373, 0.2378230997991562, 0.23643276386737824, 0.23502277975559235, 0.2335724816083908, 0.23216586008548737, 0.23073853240966796, 0.2293860166311264, 0.22797907866477965, 0.2266168806362152]
0,0.9130434782608695
1,0.9354838709677419
2,0.7391304347826086
3,0.7586206896551724
4,0.8064516129032258
5,0.7916666666666666
6,0.782608695652174
7,0.8846153846153846
8,1.0
9,0.8421052631578947
10,0.3
11,0.6190476190476191
12,0.75
13,0.7391304347826086
14,0.8518518518518519
15,0.8333333333333334
16,0.9615384615384616
17,0.8571428571428571
18,0.7352941176470589
19,0.8
20,0.8333333333333334
21,0.8947368421052632
22,0.8235294117647058
23,0.9615384615384616
24,0.8260869565217391
25,0.625
26,0.7916666666666666
27,0.8333333333333334
28,0.88
29,0.7586206896551724
30,0.8518518518518519
31,0.76
32,0.7727272727272727
33,0.6206896551724138
34,0.88
35,0.4090909090909091
36,0.9047619047619048
37,0.7368421052631579
38,0.7692307692307693
39,1.0
40,0.7857142857142857
41,0.9090909090909091
42,0.8695652173913043
43,0.8260869565217391
44,0.5652173913043478
45,0.7368421052631579
46,0.4090909090909091
47,0.7391304347826086
48,1.0
49,0.7647058823529411
50,0.6363636363636364
51,0.6666666666666666
52,0.85
53,0.9655172413793104
54,0.9545454545454546
55,0.7142857142857143
56,0.8636363636363636
57,0.6785714285714286
58,0.8857142857142857
59,0.6666666666666666
60,0.8148148148148148
61,0.7241379310344828
62,0.8461538461538461
63,0.9166666666666666
64,0.631578947368421
65,0.6818181818181818
66,0.7692307692307693
67,0.7391304347826086
68,0.9047619047619048
69,0.8333333333333334
70,0.8333333333333334
71,0.8571428571428571
72,0.45454545454545453
73,0.6875
74,0.696969696969697
75,1.0
76,0.9047619047619048
77,0.6176470588235294
78,0.7368421052631579
79,0.8214285714285714
80,0.7931034482758621
81,1.0
82,0.918918918918919
83,0.8333333333333334
84,0.8518518518518519
85,0.9666666666666667
86,0.9285714285714286
87,0.9
88,0.9047619047619048
89,0.8928571428571429
90,0.875
91,0.8974358974358975
92,0.68
93,0.8571428571428571
94,0.9565217391304348
95,0.7241379310344828
96,0.6086956521739131
97,0.7916666666666666
98,0.6153846153846154
99,0.9130434782608695
16
7
91
43
14
92
6
89
13
85
96
27
81
63
59
61
78
18
53
17
27
43
10
54
25
79
68
31
69
64
83
41
23
46
47
20
87
90
52
26
83
67
20
20
7
83
27
45
68
93
86
12
69
45
99
1
62
44
26
58
88
64
88
19
34
23
19
48
91
48
58
16
63
75
55
4
32
15
98
32
14
87
38
37
8
45
92
31
92
10
89
62
78
83
45
85
28
37
54
30
95
7
59
24
94
7
94
94
11
42
65
52
40
38
55
80
82
80
75
93
74
42
25
85
30
74
22
95
81
92
27
52
18
44
62
65
69
84
0
43
48
67
62
89
53
18
31
19
8
68
75
3
83
70
39
0
86
51
58
3
89
90
81
61
41
33
52
66
68
80
4
46
65
27
35
50
88
14
75
53
3
5
98
82
7
81
61
7
91
1
5
37
72
41
94
33
67
39
39
23
86
31
63
71
67
45
84
32
74
33
77
65
50
55
51
85
36
3
41
47
54
81
37
75
74
71
14
57
9
44
57
83
45
22
29
63
89
22
85
39
7
25
98
24
70
54
49
70
87
89
41
79
97
36
83
82
38
46
7
74
80
2
9
91
40
36
91
91
99
73
69
83
42
62
90
50
82
24
38
16
65
39
7
63
10
51
96
77
29
66
53
30
25
27
5
91
53
74
3
38
15
44
5
63
87
55
48
73
63
66
77
3
13
18
92
55
13
72
29
91
91
61
75
58
71
70
98
52
94
89
90
52
57
43
60
29
30
96
78
6
80
80
54
83
60
76
54
18
14
26
9
81
85
32
63
43
73
87
44
26
99
70
8
90
65
80
41
17
39
53
66
48
20
97
5
27
87
37
40
91
16
33
33
16
89
5
76
83
74
85
24
3
32
76
45
5
52
46
72
40
58
84
54
91
63
46
66
5
79
0
23
14
80
86
75
45
6
22
96
76
52
37
90
22
34
45
66
7
30
2
1
23
3
22
5
80
93
27
86
69
92
53
54
63
14
84
12
8
96
8
88
62
29
73
73
2
33
39
63
61
45
83
58
73
18
84
4
5
57
18
23
29
85
34
64
16
86
31
95
45
97
0
87
45
44
86
54
29
85
82
91
82
17
65
58
12
26
54
28
58
79
1
33
44
22
3
33
23
91
73
1
1
11
22
19
88
11
29
56
57
54
61
20
13
17
53
89
18
81
6
96
41
26
26
25
60
22
93
4
47
24
79
74
17
7
0
87
26
73
14
56
18
12
54
21
79
8
43
39
51
40
53
98
4
31
8
57
33
7
35
6
94
86
65
22
16
64
57
2
4
88
45
58
27
36
13
91
84
9
89
9
65
85
70
59
93
2
59
79
70
34
97
86
49
18
55
70
27
38
34
61
69
37
96
24
15
78
75
3
35
1
84
22
86
4
91
13
90
68
60
84
0
34
18
32
92
14
49
35
86
3
89
7
15
66
35
50
12
41
31
34
93
84
26
74
44
50
57
54
11
67
44
66
60
79
58
82
67
83
89
28
55
95
76
60
76
91
37
2
4
62
43
91
48
63
34
42
34
53
3
28
8
40
44
47
61
60
73
61
29
63
42
49
92
92
45
72
87
18
20
55
0
85
75
80
23
66
95
81
58
73
60
21
62
19
87
47
79
90
75
73
15
41
39
99
33
94
45
91
36
77
95
75
92
94
61
64
38
12
1
0
30
84
98
29
7
18
48
81
91
87
63
62
31
40
55
30
43
86
96
96
55
20
14
28
75
11
81
22
44
79
5
88
56
81
15
84
69
30
6
68
70
81
74
7
80
55
60
5
14
48
83
0
70
38
4
24
69
16
9
42
41
39
27
0
70
85
9
43
79
77
75
74
80
42
45
8
0
36
89
4
46
69
56
42
22
71
98
55
40
16
0
21
2
1
31
47
43
83
3
68
18
1
25
63
98
47
90
2
28
37
61
31
14
4
92
38
93
28
39
18
41
44
49
70
11
19
91
82
4
60
34
56
19
32
74
87
99
73
98
8
58
93
87
11
79
35
43
52
6
4
27
8
63
26
34
39
97
52
75
33
87
49
46
16
33
76
41
97
8
75
17
80
93
44
4
41
60
30
65
21
53
90
54
87
86
37
47
75
2
73
55
25
62
26
19
28
15
14
47
17
45
92
39
42
13
49
48
44
71
48
69
40
26
16
11
23
66
66
84
82
1
39
88
93
82
7
76
56
40
70
1
49
52
69
45
16
62
85
12
99
88
40
68
36
23
17
87
25
46
75
61
70
58
34
51
75
73
70
37
28
90
55
88
68
38
95
14
16
58
61
39
56
17
33
77
63
87
75
4
16
94
55
76
60
97
1
0
75
31
27
71
75
52
6
43
14
84
14
18
1
88
53
66
5
56
32
52
40
24
86
54
54
88
61
87
54
24
40
85
17
90
22
86
77
79
94
99
0
39
89
82
41
87
91
73
4
62
3
98
10
46
28
38
74
70
13
7
15
24
76
98
67
79
15
47
47
93
73
81
26
92
95
60
70
11
82
66
34
6
65
62
74
17
36
88
47
48
79
74
15
57
66
68
97
64
16
63
16
84
18
29
63
53
9
77
74
74
15
1
93
96
1
84
18
81
10
33
80
68
30
8
3
13
45
18
55
35
28
74
5
53
34
27
93
6
44
93
85
91
46
31
69
47
57
30
85
80
1
82
79
66
6
58
31
42
23
90
18
83
31
51
80
23
64
61
40
51
99
28
19
63
26
97
78
34
85
13
50
17
28
29
10
61
83
83
53
73
7
59
82
34
15
68
68
34
82
75
37
8
94
16
24
21
8
96
53
49
63
85
27
32
96
20
29
43
69
94
26
62
23
91
34
48
71
53
5
0
59
83
69
73
27
12
42
61
21
95
88
28
15
24
1
77
67
82
5
64
51
52
79
70
46
1
59
87
60
88
76
45
19
7
1
35
94
55
16
71
26
55
60
73
9
75
5
27
27
96
38
56
45
36
90
52
98
7
85
30
83
51
79
19
99
86
15
29
63
66
62
80
24
53
43
78
49
99
95
93
63
71
74
86
64
4
23
62
64
17
5
21
32
57
61
55
6
92
82
82
94
95
81
96
93
49
67
15
60
99
27
63
62
82
36
76
31
47
75
77
29
94
27
70
95
32
38
91
37
36
65
40
53
87
95
53
42
43
89
69
93
81
84
71
19
33
91
75
90
47
97
92
13
19
46
62
92
53
46
66
45
48
94
10
69
60
42
98
59
52
44
57
4
83
89
71
68
52
32
12
98
22
62
52
2
58
77
96
86
33
13
69
97
14
51
2
63
67
58
42
6
75
81
99
28
50
57
88
25
38
23
47
53
48
79
59
29
82
90
93
81
17
14
69
25
32
39
74
89
66
67
99
28
98
88
20
50
18
60
48
69
18
48
6
39
2
15
37
83
48
31
89
73
77
38
27
21
96
11
16
84
30
58
30
46
31
45
59
77
4
41
8
19
54
4
68
9
91
67
3
40
71
51
38
9
82
3
76
20
60
42
94
66
72
18
25
61
36
4
14
26
60
77
62
85
33
16
67
93
23
33
88
18
58
51
83
23
85
56
20
79
20
30
47
19
55
98
67
26
0
56
47
57
52
83
29
3
3
23
9
77
43
15
72
77
19
73
80
7
29
4
61
50
30
39
14
19
51
81
17
28
45
28
12
41
17
63
71
12
2
77
11
68
46
15
84
19
34
70
62
34
94
30
11
4
99
33
90
16
56
4
24
71
3
19
14
23
68
45
81
10
90
21
57
22
87
82
12
38
10
93
14
84
41
64
76
25
91
94
42
79
19
76
87
18
51
1
50
37
6
45
23
0
55
91
48
95
48
45
54
69
14
68
56
39
80
69
67
71
5
50
60
79
0
73
74
46
80
2
32
92
61
76
97
13
30
27
74
8
17
42
91
35
36
69
50
57
84
76
85
21
91
79
76
13
8
92
69
82
7
73
89
32
42
39
26
80
32
15
74
16
70
94
96
91
83
62
85
48
59
11
5
64
74
75
75
4
3
72
17
89
92
19
36
93
67
83
63
2
62
37
11
99
77
56
22
84
14
71
94
44
37
41
52
91
85
43
82
40
97
42
96
47
48
1
11
78
4
93
85
18
63
65
25
7
2
86
45
59
2
54
11
56
75
52
76
20
48
97
9
41
38
5
3
50
43
84
18
6
40
72
38
6
75
15
29
35
25
95
3
58
74
44
83
91
74
86
10
74
58
36
90
8
76
80
40
90
14
81
0
58
96
1
61
59
21
60
89
82
99
80
52
65
55
32
77
69
26
42
79
11
20
38
52
15
79
65
63
96
26
29
3
79
39
30
99
5
8
43
52
40
58
54
82
3
96
93
70
99
21
17
56
64
74
1
92
61
85
78
58
10
53
74
47
5
34
81
64
77
67
66
63
45
95
46
18
45
87
63
87
26
41
70
89
21
32
90
36
85
50
87
21
87
71
53
27
74
1
8
93
10
61
88
90
10
83
74
85
34
24
74
49
76
28
74
78
58
45
87
79
67
14
47
31
77
52
60
71
25
67
81
98
54
67
17
21
1
88
21
77
95
91
12
15
82
22
16
66
25
41
29
29
73
27
81
63
53
23
81
86
78
71
28
75
98
62
26
16
8
7
22
81
87
83
65
62
49
70
57
63
44
40
91
23
13
80
6
42
97
30
95
11
94
41
36
52
12
43
86
97
53
50
97
3
61
20
22
57
25
71
74
68
20
49
67
87
16
41
66
27
12
51
1
15
42
6
85
8
2
5
45
93
71
56
99
67
78
2
76
50
30
53
91
81
65
92
23
11
95
40
30
62
11
23
78
96
67
50
8
15
4
80
27
60
7
54
48
16
57
94
30
92
43
92
58
19
23
38
51
96
95
22
99
86
53
89
11
52
58
54
85
74
72
82
72
73
43
81
34
47
52
40
53
45
8
83
3
90
40
28
53
27
59
4
33
92
89
44
12
4
89
98
78
82
91
31
91
47
9
73
69
36
26
91
95
37
61
83
69
11
64
76
79
82
90
35
94
24
39
1
33
33
55
7
39
15
99
3
41
66
80
27
45
74
32
5
45
9
93
33
65
11
24
59
65
11
38
23
39
25
97
58
25
47
29
56
98
82
41
38
51
79
19
18
95
64
78
96
49
64
40
36
97
40
27
49
62
28
56
4
79
81
91
5
87
3
50
80
86
89
17
12
80
4
6
32
40
13
98
59
21
76
14
59
49
30
33
80
51
66
87
38
63
53
4
48
24
13
31
15
84
46
61
24
34
98
45
99
27
51
91
0
72
50
57
4
60
81
86
9
11
1
99
77
57
14
2
70
69
69
32
79
93
58
0
20
7
89
82
79
58
72
58
75
85
55
70
44
97
35
53
37
73
28
86
78
24
31
95
1
2
36
59
99
55
85
0
60
64
82
62
31
86
57
72
73
42
91
84
85
90
69
82
21
89
68
68
76
31
58
8
90
13
30
78
88
33
99
42
12
92
8
82
78
97
62
50
4
12
29
72
77
56
18
77
72
95
54
53
45
16
73
29
33
6
86
19
97
4
9
57
89
72
25
26
49
11
14
80
83
3
27
30
52
74
29
52
90
14
77
65
7
75
27
16
30
64
83
14
51
42
70
