overall_acc,0.792
loss,[10.850943809204102, 6.213186296081543, 4.184941917190552, 3.262196345977783, 2.8253856620788573, 2.5955074043273925, 2.4915953300476072, 2.4208969581604003, 2.3843823275756835, 2.368392421951294, 2.3517262950134277, 2.331107463912964, 2.3306994494628905, 2.315657191696167, 2.3089654800033568, 2.309407349357605, 2.301392494659424, 2.3111352896881106, 2.307944298210144, 2.311470391845703, 2.306046498031616, 2.308796253051758, 2.3140654441833495, 2.3208502062988283, 2.3173193631362916, 2.3293167234802246, 2.3422219428253173, 2.3394893112182618, 2.3379638067245483, 2.3445066624069213, 2.3544811609649656, 2.3705671266174315, 2.363466430282593, 2.373096875991821, 2.3940900971221923, 2.41919251953125, 2.4112536958312987, 2.415423542633057, 2.421224581451416, 2.447111562194824, 2.44244569732666, 2.461112998428345, 2.4652897482299805, 2.472084979248047, 2.4846866088104247, 2.4997359951782228, 2.504287291259766, 2.5137063920593263, 2.5183915083312987, 2.5164688055419924, 2.52320544342041, 2.5352088609313963, 2.5489209041595458, 2.550512692489624, 2.551659398498535, 2.559048593826294, 2.5629061365509034, 2.5608741701507567, 2.5571160346984865, 2.564011371612549, 2.027944570007324, 1.6501491883850097, 1.4276914785766601, 1.278033466796875, 1.175720564956665, 1.1209129596710206, 1.090286581954956, 1.0819987375450135, 1.0800384187316894, 1.0856622813415526, 1.0783965933609008, 1.0842204231643677, 1.085482246017456, 1.098258848953247, 1.0924374145507814, 1.0999088077163697, 1.1057479143333435, 1.1107378086662292, 1.1173727696609497, 1.1207642685699464, 1.1229970399475098, 1.143137609024048, 1.1277926314353943, 1.129743296661377, 1.11823999874115, 1.1462857499694825, 1.1478703884124757, 1.1479835544967651, 1.1440797245025636, 1.158730721206665, 1.1545314170455934, 1.163180783996582, 1.1683724484252929, 1.1604505220031738, 1.1603449984741212, 1.1764108668518067, 1.180608579940796, 1.169658970184326, 1.1831133850860596, 1.1780329229736328, 1.1902993894958496, 1.1850345882415771, 1.1913201795578003, 1.18993742893219, 1.193314060935974, 1.186596491203308, 1.189371174659729, 1.1821008364105225, 1.1836112104034424, 1.2023588148498534, 1.1842166299057006, 1.191920759048462, 1.2094181733322145, 1.1952672161865234, 1.206141824951172, 1.1904270043563843, 1.1890356538772584, 1.1821340208816529, 1.2067132913589478, 1.2075109482574462, 1.0706278548049928, 0.9824587712860108, 0.9439029694557189, 0.9112559885787964, 0.8824464889144897, 0.8549439310836792, 0.8276251001548767, 0.8024105683708191, 0.7781116497612, 0.7538957926750183, 0.731069161567688, 0.7083784770965577, 0.6864145947456359, 0.6656930868721008, 0.6455032585525513, 0.6259328775405884, 0.6069661249732972, 0.5887704768753051, 0.5709167595863343, 0.5536706066894531, 0.5369503131866455, 0.520929341468811, 0.505109542427063, 0.4899729976272583, 0.4749912411212921, 0.4607496852302551, 0.4469257372665405, 0.4336525080966949, 0.42036369268417356, 0.40772545434951785, 0.39575964641571043, 0.38387870525360107, 0.3725285306072235, 0.3612483285808563, 0.35124925024986264, 0.340278353433609, 0.3306779305934906, 0.32034568551063536, 0.3109012722587585, 0.30160039419174195, 0.2958485781955719, 0.2940187960910797, 0.29212168089866636, 0.29037388441085815, 0.288559437456131, 0.2868336743164063, 0.28509000571250914, 0.2833166104030609, 0.28157778470993045, 0.2799096871471405, 0.2782017303752899, 0.2765197031021118, 0.2748477240753174, 0.2731500752830505, 0.2715409154129028, 0.26989069392204285, 0.26827104088783266, 0.26655502079963683, 0.26502714487075807, 0.26338900608062743, 0.26186312359809877, 0.26034898188591005, 0.25866633935928346, 0.25711712849617, 0.2556085833072662, 0.25401128213882446, 0.2525009100341797, 0.2510131255245209, 0.24946436787605286, 0.24792993793964385, 0.2465058720779419, 0.24500493462085723, 0.24349447032928467, 0.24202971588611602, 0.24056940473556518, 0.23913553085803985, 0.2377373524570465, 0.23626067343711854, 0.2348402156829834, 0.23342666947841645]
0,0.9565217391304348
1,0.967741935483871
2,0.8260869565217391
3,0.7241379310344828
4,0.8709677419354839
5,0.75
6,0.7391304347826086
7,0.8076923076923077
8,1.0
9,0.9473684210526315
10,0.55
11,0.42857142857142855
12,0.8
13,0.6956521739130435
14,0.7037037037037037
15,0.875
16,0.8846153846153846
17,0.9523809523809523
18,0.6764705882352942
19,0.84
20,0.8333333333333334
21,0.8421052631578947
22,0.9411764705882353
23,0.8846153846153846
24,0.8260869565217391
25,0.625
26,0.7916666666666666
27,0.7916666666666666
28,0.84
29,0.7586206896551724
30,0.7777777777777778
31,0.76
32,0.7727272727272727
33,0.6206896551724138
34,0.88
35,0.45454545454545453
36,0.9047619047619048
37,0.7894736842105263
38,0.8076923076923077
39,0.9565217391304348
40,0.8214285714285714
41,0.9090909090909091
42,0.782608695652174
43,0.782608695652174
44,0.391304347826087
45,0.6578947368421053
46,0.5454545454545454
47,0.782608695652174
48,1.0
49,0.8235294117647058
50,0.8181818181818182
51,0.7619047619047619
52,0.8
53,0.896551724137931
54,0.9545454545454546
55,0.6190476190476191
56,0.8181818181818182
57,0.6785714285714286
58,0.9428571428571428
59,0.6666666666666666
60,0.8518518518518519
61,0.896551724137931
62,0.8076923076923077
63,0.75
64,0.6842105263157895
65,0.7272727272727273
66,0.8076923076923077
67,0.6521739130434783
68,0.9047619047619048
69,0.8666666666666667
70,0.9
71,0.7619047619047619
72,0.45454545454545453
73,0.71875
74,0.6363636363636364
75,0.9285714285714286
76,0.8571428571428571
77,0.6764705882352942
78,0.7368421052631579
79,0.8571428571428571
80,0.7586206896551724
81,0.9047619047619048
82,0.9459459459459459
83,0.7666666666666667
84,0.8518518518518519
85,0.9
86,0.8214285714285714
87,0.8666666666666667
88,1.0
89,0.8571428571428571
90,0.7916666666666666
91,0.9230769230769231
92,0.64
93,0.8571428571428571
94,0.9565217391304348
95,0.6206896551724138
96,0.5217391304347826
97,0.7916666666666666
98,0.6153846153846154
99,0.9130434782608695
16
7
91
34
14
92
6
89
13
85
47
27
81
63
59
10
78
9
53
17
27
43
61
54
94
79
68
31
69
64
83
41
23
13
96
20
87
90
52
26
83
67
20
20
7
83
27
45
68
93
22
12
69
45
99
1
62
44
26
58
88
97
88
19
34
23
19
48
91
48
58
16
63
75
4
4
32
15
98
32
14
87
38
12
8
45
92
31
62
61
89
92
78
83
45
85
28
37
54
97
95
7
59
24
94
7
94
94
11
42
65
52
40
38
55
80
82
46
75
51
64
34
5
85
30
74
22
95
81
92
27
52
51
18
92
65
69
84
0
35
48
67
62
89
53
18
81
19
8
68
3
3
57
70
83
0
40
51
58
42
89
90
81
61
41
33
52
66
68
80
43
46
25
27
35
50
88
7
75
53
3
5
98
82
7
81
61
7
91
1
5
17
72
41
94
33
67
39
39
23
27
31
63
71
67
45
84
46
74
49
77
26
50
55
51
27
36
3
41
47
54
81
37
75
27
71
14
0
9
2
57
83
45
61
52
74
89
22
85
39
18
25
98
19
70
54
49
70
87
89
38
31
97
36
83
82
77
32
7
74
80
2
9
91
40
36
91
91
99
73
73
83
42
92
90
50
82
24
65
16
40
39
7
63
10
51
47
77
29
66
53
30
84
44
5
91
53
74
72
38
15
44
25
66
20
55
48
95
72
64
77
3
13
18
92
55
13
72
29
91
91
61
75
58
71
70
98
52
94
89
90
56
57
43
60
90
30
59
78
74
80
80
54
99
60
69
57
18
14
26
9
90
85
32
63
43
73
87
44
26
99
70
8
12
65
80
41
17
39
53
66
48
5
88
75
27
87
37
35
91
16
27
33
16
89
5
76
83
74
85
24
3
32
76
27
5
52
46
27
40
58
84
54
91
4
46
66
41
79
0
23
14
15
86
75
45
6
22
33
76
52
81
68
22
34
45
78
7
91
2
1
23
3
22
5
80
93
27
86
69
62
53
54
63
18
84
65
8
59
8
88
62
29
30
73
2
33
39
4
22
45
83
58
73
18
84
4
20
57
18
23
29
85
88
97
16
86
26
95
45
97
0
46
32
44
86
62
29
85
82
91
82
17
80
58
12
26
54
28
58
79
1
4
30
57
3
33
23
91
73
1
1
35
1
19
88
11
29
56
0
54
61
20
13
17
53
89
18
81
6
47
41
26
26
25
60
22
73
4
47
24
90
78
17
7
0
87
26
73
14
56
74
12
54
21
79
8
43
39
61
40
53
98
4
31
8
57
33
7
35
6
94
16
10
22
16
64
57
36
55
88
72
58
27
36
13
91
84
9
85
9
65
85
70
52
7
2
59
79
70
34
97
81
49
18
55
70
27
38
34
61
69
37
4
24
43
78
75
33
98
1
84
22
86
4
91
13
90
68
60
84
0
34
54
32
92
83
49
35
86
3
89
44
15
66
98
50
12
41
31
34
93
84
26
74
57
50
57
54
35
67
44
66
60
79
58
82
67
98
89
28
55
95
76
60
76
91
37
2
4
62
43
91
48
63
44
42
34
53
3
28
8
40
44
47
61
60
73
61
31
66
42
49
92
92
6
55
68
18
20
55
0
85
65
33
23
4
95
81
58
73
60
21
83
19
87
47
79
90
75
72
15
41
39
99
33
94
45
91
36
77
72
75
62
94
61
50
38
12
1
0
30
84
98
29
7
18
48
87
91
84
63
62
31
40
95
30
43
86
47
96
98
20
14
28
75
41
81
61
73
79
5
88
56
81
15
84
69
30
6
68
70
81
74
7
80
55
60
5
14
48
83
0
70
38
4
24
69
86
9
42
41
39
27
0
70
85
9
43
79
77
75
74
80
42
45
8
0
36
89
4
46
69
56
42
10
71
35
72
40
16
0
21
2
1
63
47
43
83
65
68
18
1
25
96
46
47
90
2
77
37
61
31
14
4
92
38
93
28
39
18
41
78
49
1
11
19
91
82
4
60
34
56
19
32
74
76
99
30
98
8
58
93
87
35
7
35
43
47
6
4
27
8
63
26
34
39
97
52
75
33
87
49
98
16
33
76
41
97
8
75
17
55
93
18
4
41
60
30
65
21
77
90
54
87
86
37
59
75
2
73
55
25
62
26
19
28
15
73
56
17
45
92
39
42
58
49
48
44
71
48
69
9
26
16
11
23
66
66
88
82
1
39
88
93
82
7
17
56
40
70
1
49
52
69
45
16
62
85
12
99
88
40
68
36
60
17
94
25
46
75
61
70
58
97
51
75
73
70
37
28
90
55
88
68
38
73
7
16
58
61
39
56
17
33
77
63
87
75
4
16
94
55
76
60
97
1
0
75
31
97
60
75
52
6
43
14
84
14
51
1
88
53
66
5
56
32
52
40
24
86
54
54
88
61
87
54
24
40
85
17
58
22
86
77
79
94
45
0
39
89
82
41
87
91
73
4
62
3
98
10
46
28
38
74
70
13
29
15
24
76
98
74
79
15
47
47
93
73
13
26
70
95
60
70
2
82
66
34
6
65
62
74
31
36
88
52
48
79
50
55
57
66
68
74
64
16
63
16
95
18
29
93
53
9
77
42
74
15
1
93
91
1
84
69
81
10
33
80
68
30
8
3
81
45
18
26
35
28
93
5
53
34
27
93
18
44
93
37
91
11
31
69
47
25
95
85
80
1
82
45
66
77
58
31
42
23
90
18
83
19
51
80
23
64
61
40
51
99
28
19
63
26
97
78
34
90
13
50
17
28
29
10
10
83
83
53
73
7
52
82
34
15
68
68
34
82
75
37
8
94
16
24
21
8
96
53
49
38
84
27
32
96
20
29
43
69
94
26
82
23
91
34
48
71
53
5
0
59
57
69
73
50
12
74
61
21
65
88
28
15
24
1
77
67
82
5
64
51
52
79
70
46
1
59
87
60
88
76
45
19
7
1
35
94
79
25
71
26
30
60
73
9
75
5
74
27
96
38
14
45
34
40
52
2
77
85
30
83
51
79
89
99
86
15
29
27
66
62
80
24
57
43
78
49
99
95
93
63
71
78
86
64
4
2
62
50
17
35
21
32
57
61
2
6
70
82
82
94
95
81
96
93
49
67
31
60
20
64
63
62
82
36
68
31
47
75
77
29
94
96
70
95
32
38
32
37
2
65
40
53
87
95
53
42
43
89
69
93
81
40
71
31
33
73
75
85
47
97
70
81
33
46
83
92
53
46
66
45
48
94
10
69
60
42
35
59
47
79
57
4
83
89
71
12
52
46
58
11
22
62
52
2
58
77
96
86
33
13
69
97
14
51
2
63
79
58
42
6
75
81
99
28
50
57
88
25
38
23
47
53
48
79
59
29
82
90
93
81
17
14
69
25
32
39
10
89
4
67
99
28
98
88
20
4
18
60
48
69
18
87
6
39
25
15
37
2
48
46
41
67
77
38
72
21
96
11
41
84
30
58
30
46
31
45
59
77
4
41
8
19
54
4
68
9
91
67
75
40
71
77
38
9
82
3
76
20
60
42
94
66
72
14
25
61
36
4
14
10
60
77
62
85
79
16
27
93
23
33
88
18
58
51
83
23
85
56
20
79
20
30
47
19
4
98
18
26
0
56
47
83
52
10
29
3
3
23
9
77
43
15
72
77
19
73
24
7
85
4
61
50
30
39
33
19
17
81
17
28
45
28
12
70
49
63
60
12
11
77
98
3
46
15
84
19
66
70
62
34
94
30
2
4
99
96
90
16
56
4
24
71
3
19
14
23
68
45
81
61
90
21
57
22
87
82
85
38
10
93
77
84
41
64
76
25
91
94
42
79
19
76
87
18
51
1
50
94
6
45
23
0
55
91
48
95
48
61
54
69
82
68
56
86
80
40
67
71
25
50
60
79
0
95
55
46
80
2
32
83
50
76
97
13
30
27
74
8
17
42
91
11
36
69
50
57
84
71
85
3
91
79
76
13
8
92
69
82
7
73
89
15
42
39
26
80
63
15
74
16
70
94
60
91
83
62
85
48
33
11
5
11
91
75
75
4
31
72
17
89
92
19
36
22
73
83
63
2
92
37
98
99
77
45
22
84
14
71
94
44
12
41
52
91
85
43
82
40
97
42
96
47
22
1
11
78
72
93
85
44
63
65
25
7
2
86
44
59
2
54
35
56
75
52
76
20
48
97
9
41
38
5
3
36
42
84
18
6
9
72
38
82
75
15
29
35
20
95
3
58
74
14
83
91
74
86
10
50
58
36
90
8
49
65
12
2
14
81
0
58
96
1
61
59
21
60
89
82
61
80
52
65
55
32
77
69
26
42
79
46
20
38
47
15
7
65
63
96
26
29
3
79
39
30
99
5
8
38
52
40
58
54
82
3
96
93
70
99
21
17
56
64
74
1
92
61
85
78
58
10
53
74
47
5
34
81
64
77
67
66
63
35
93
46
14
74
87
63
87
26
41
70
33
21
32
90
36
85
3
87
21
87
71
83
27
74
1
8
93
98
61
88
90
10
83
55
41
34
24
74
23
76
28
74
6
58
79
87
79
63
14
47
31
77
59
60
71
25
67
81
98
54
67
17
21
1
88
3
77
95
91
12
15
82
22
16
66
25
41
44
29
73
27
81
63
53
23
81
86
78
71
28
75
46
62
79
16
8
7
22
81
87
83
65
62
49
70
57
63
79
40
91
23
13
80
6
42
97
30
72
35
94
41
36
52
12
43
86
97
53
50
97
3
61
20
22
57
25
71
72
68
20
49
67
87
16
41
66
27
5
70
1
15
42
6
85
8
2
5
45
93
71
56
99
67
65
2
76
50
30
53
91
81
65
70
23
35
72
40
74
62
11
23
78
96
67
50
8
15
4
80
27
60
7
54
48
16
57
94
30
92
43
62
58
19
23
38
40
33
95
10
99
86
53
89
11
52
58
54
85
74
72
82
72
69
43
37
34
47
52
40
53
45
8
83
3
90
16
28
53
68
59
4
33
92
89
44
12
4
89
98
78
82
91
31
91
47
9
73
69
36
57
91
95
37
61
83
69
2
4
76
33
10
90
98
94
24
39
1
33
96
55
7
39
15
99
3
41
66
80
27
45
3
32
5
45
9
93
33
15
35
24
59
65
11
38
23
39
25
97
84
25
47
29
56
98
82
41
38
51
45
19
18
73
64
78
96
49
64
40
36
97
40
32
49
62
28
33
4
79
81
91
5
87
3
50
80
86
89
17
12
80
21
24
32
40
13
98
59
21
76
14
59
49
30
49
80
51
66
87
38
63
53
4
48
24
13
31
29
84
46
61
24
34
46
45
99
27
51
91
0
72
50
57
4
60
90
86
9
46
92
99
77
57
14
2
70
69
69
32
79
44
58
0
20
7
85
82
79
58
72
58
3
85
55
70
29
97
35
53
37
73
28
86
50
24
3
95
1
2
36
96
99
55
85
0
60
64
82
62
31
86
57
72
73
63
91
84
48
90
69
82
21
89
68
68
76
31
58
8
89
13
30
78
14
33
99
42
12
92
8
82
78
97
62
50
4
12
29
55
27
56
18
77
72
95
54
0
45
16
73
29
47
6
86
19
97
4
9
57
89
14
25
26
49
11
18
80
83
75
27
30
52
74
29
59
90
14
77
65
7
75
27
16
30
64
83
14
51
42
70
