overall_acc,0.7872
loss,[10.896059685974121, 6.24943877746582, 4.19373552658081, 3.2663019635009767, 2.813363434143066, 2.6002807618713377, 2.4918012007141113, 2.420940405883789, 2.3881899554443358, 2.3576146055603027, 2.347134482116699, 2.331757083969116, 2.316133893737793, 2.312678518295288, 2.303335996246338, 2.2995551388549806, 2.300664342880249, 2.298393882904053, 2.2998957489013674, 2.3012827893066405, 2.298596752090454, 2.3104868548583983, 2.3001794905090334, 2.3090725843811035, 2.3141374602508544, 2.3136498387908935, 2.3154951998901367, 2.327794639968872, 2.3342709282684324, 2.3351501753234865, 2.344255957107544, 2.3489930728149413, 2.3543719085693358, 2.377564608078003, 2.378307254486084, 2.3841759985351563, 2.3856248916625975, 2.3956908208465575, 2.404873081970215, 2.408237833938599, 2.418502668380737, 2.4361592433166503, 2.451202122344971, 2.4512547985839843, 2.4555285803222655, 2.469702580947876, 2.472321813964844, 2.4757988595581053, 2.487299084777832, 2.487356535949707, 2.503569091796875, 2.493806365509033, 2.509627415924072, 2.495715286102295, 2.5160955410766603, 2.5195948612976076, 2.5225317924499513, 2.523754002532959, 2.539816348876953, 2.525744513244629, 1.9999929835891723, 1.6234025035095214, 1.399704845046997, 1.2472120487213134, 1.149863751411438, 1.094092921962738, 1.076128535041809, 1.0636310504341127, 1.0480195293807983, 1.064845560874939, 1.060595117225647, 1.061182903881073, 1.0680400400543213, 1.07868913936615, 1.073644057712555, 1.087318399333954, 1.099895993309021, 1.0905897668075561, 1.1006230173110962, 1.0959722476577758, 1.1050106364059449, 1.1113985844802856, 1.11534125, 1.1162602622795106, 1.1111104175949096, 1.1247471230316162, 1.1359257004547119, 1.1205125176620483, 1.130662866897583, 1.1352531185150148, 1.1307834989166259, 1.1443588357543946, 1.1441271633148193, 1.146670524482727, 1.1554844993209838, 1.1471718936157227, 1.1700422581481933, 1.1618271725463867, 1.152758705444336, 1.1534330857849122, 1.1512861644744874, 1.1582770581436157, 1.165510140838623, 1.1693092263412475, 1.1803626029968262, 1.165689299621582, 1.1574309777069092, 1.1586916722869873, 1.1698781501388549, 1.1779724933624267, 1.1876921420669555, 1.1644779468917847, 1.183260510787964, 1.1882177862930299, 1.1804413228607178, 1.182576619873047, 1.1896366819381714, 1.1891075399780273, 1.1882307955932616, 1.1802156014251708, 1.0467301187705993, 0.9636958409690857, 0.9250404913711547, 0.8953958950805664, 0.8661011331558227, 0.838622353515625, 0.8119623784065246, 0.7875875423049927, 0.7626561956787109, 0.7397581851196289, 0.7170246126174927, 0.6956064623451232, 0.6743114577484131, 0.6538762592506409, 0.6337604344177246, 0.6144146059036255, 0.5958324810600281, 0.5780146251678466, 0.5603194955825805, 0.5434622015762329, 0.5268231569671631, 0.5110383505058289, 0.49569248050689696, 0.4805335914325714, 0.46617333164215086, 0.45232659779548645, 0.438641232585907, 0.4252658485031128, 0.41270749141693114, 0.4001077204322815, 0.38805479160308837, 0.376782840051651, 0.36547679712295533, 0.3544275457572937, 0.34377776509284974, 0.33403726311683657, 0.3240759170913696, 0.31452669416427614, 0.30523916447639465, 0.29576115792274477, 0.29014757126808166, 0.28830524183273315, 0.2865300097179413, 0.28476105540275576, 0.28301203189849855, 0.28134109998703005, 0.27956746495246887, 0.277914266204834, 0.27617226024627684, 0.2745690240764618, 0.2728094953250885, 0.27115742975234985, 0.2695553444862366, 0.26790627597808836, 0.2662963084793091, 0.2646500486946106, 0.2631193200492859, 0.2614982089424133, 0.2598835560512543, 0.25835671807289123, 0.25678581576347353, 0.25517279653549196, 0.2536944508457184, 0.25210255078315735, 0.25061649557113647, 0.24908078079700469, 0.24763053092956544, 0.24614192666053772, 0.2446209957742691, 0.24318374200820922, 0.24169120322704316, 0.24026245192050935, 0.23884196611881256, 0.23736733794689177, 0.23596866817951204, 0.23450995115280152, 0.23311730686187745, 0.23173681997776033, 0.2302966068267822, 0.22890248434543609]
0,0.9130434782608695
1,0.9032258064516129
2,0.782608695652174
3,0.6551724137931034
4,0.8709677419354839
5,0.875
6,0.7391304347826086
7,0.8461538461538461
8,0.9615384615384616
9,0.9473684210526315
10,0.35
11,0.42857142857142855
12,0.75
13,0.6521739130434783
14,0.8888888888888888
15,0.8333333333333334
16,0.9230769230769231
17,0.9047619047619048
18,0.6470588235294118
19,0.84
20,0.8333333333333334
21,0.8421052631578947
22,0.9411764705882353
23,0.8461538461538461
24,0.782608695652174
25,0.5833333333333334
26,0.7916666666666666
27,0.7083333333333334
28,0.84
29,0.7241379310344828
30,0.7777777777777778
31,0.72
32,0.7272727272727273
33,0.6896551724137931
34,0.84
35,0.45454545454545453
36,0.8571428571428571
37,0.7368421052631579
38,0.8461538461538461
39,0.9565217391304348
40,0.75
41,0.9545454545454546
42,0.782608695652174
43,0.8695652173913043
44,0.6086956521739131
45,0.631578947368421
46,0.5454545454545454
47,0.782608695652174
48,1.0
49,0.8823529411764706
50,0.7272727272727273
51,0.6666666666666666
52,0.85
53,0.896551724137931
54,0.9545454545454546
55,0.5714285714285714
56,0.8636363636363636
57,0.6428571428571429
58,0.9428571428571428
59,0.6666666666666666
60,0.8148148148148148
61,0.7586206896551724
62,0.8461538461538461
63,0.625
64,0.631578947368421
65,0.6363636363636364
66,0.8461538461538461
67,0.7391304347826086
68,0.9047619047619048
69,0.8333333333333334
70,0.9
71,0.8571428571428571
72,0.45454545454545453
73,0.65625
74,0.6666666666666666
75,0.9642857142857143
76,0.8571428571428571
77,0.8235294117647058
78,0.7894736842105263
79,0.8214285714285714
80,0.6896551724137931
81,0.9047619047619048
82,0.9459459459459459
83,0.7666666666666667
84,0.8888888888888888
85,0.8666666666666667
86,0.8214285714285714
87,0.8333333333333334
88,1.0
89,0.9285714285714286
90,0.8333333333333334
91,0.8717948717948718
92,0.76
93,0.8095238095238095
94,0.9130434782608695
95,0.6206896551724138
96,0.6521739130434783
97,0.7916666666666666
98,0.5769230769230769
99,0.9130434782608695
16
7
91
43
14
92
6
89
13
85
96
27
81
63
59
61
78
18
53
17
27
43
10
54
94
79
68
31
69
64
83
41
23
46
96
20
87
90
52
26
83
67
20
20
7
83
72
45
68
93
22
12
60
73
99
1
62
44
26
58
88
97
88
19
34
23
19
48
44
48
58
16
63
75
71
4
32
15
98
32
14
87
38
37
8
45
92
31
62
10
89
62
78
83
26
85
28
37
54
30
95
7
59
24
94
7
94
94
11
42
65
52
40
38
55
21
82
46
75
51
74
34
5
85
30
74
22
95
81
92
27
52
6
44
62
65
69
84
0
43
48
67
62
89
53
18
58
19
48
68
97
3
53
70
83
0
40
51
58
42
89
90
81
61
41
38
52
66
68
97
43
46
5
66
35
50
88
14
75
53
3
5
98
82
7
81
61
7
91
1
5
37
72
41
94
33
67
39
39
23
27
31
63
71
67
45
48
46
74
49
77
65
50
46
51
65
36
95
41
47
54
87
37
75
55
71
14
0
9
44
57
83
45
22
52
63
89
22
85
39
7
25
98
36
70
70
49
70
87
12
41
84
97
36
83
82
38
11
7
74
80
2
9
78
40
36
91
91
99
73
40
83
42
62
90
50
82
24
38
16
28
39
7
63
10
51
96
77
29
66
53
55
84
27
5
91
53
74
72
15
15
80
25
63
77
55
48
73
72
65
77
3
13
18
92
55
13
51
29
91
91
61
75
58
71
70
46
52
94
89
90
56
57
43
60
90
30
47
78
6
80
80
54
99
60
76
92
18
14
26
9
90
85
32
63
43
30
87
44
26
99
70
8
90
65
80
41
17
39
53
66
48
5
88
5
74
46
37
46
91
16
74
33
16
89
5
69
83
74
85
24
72
32
76
27
5
52
46
74
40
58
84
6
91
63
46
66
18
79
53
23
14
80
86
75
45
6
22
96
76
52
81
49
22
34
45
48
7
30
2
1
23
3
22
5
80
93
27
39
79
92
53
54
42
18
84
22
8
59
8
88
62
29
73
73
2
33
39
4
61
45
83
58
73
18
84
4
5
57
18
23
29
85
88
45
16
86
99
95
45
97
0
86
2
44
86
54
29
85
82
91
82
17
27
37
12
26
54
28
58
79
1
4
99
2
3
33
23
91
73
1
1
35
32
19
88
11
45
56
57
54
61
20
13
17
53
89
18
81
6
47
41
26
26
25
60
22
46
4
47
24
79
78
17
7
0
87
26
95
14
56
51
12
54
19
79
8
43
39
61
40
53
98
4
31
8
57
33
56
35
6
94
87
65
22
16
42
57
2
55
88
72
58
27
36
13
91
84
9
5
9
65
85
70
52
45
11
59
79
70
34
97
86
49
18
55
70
90
38
34
61
69
37
27
24
15
78
51
33
35
1
84
22
86
4
91
13
90
68
60
84
0
34
54
32
92
14
49
35
86
3
89
7
15
66
98
21
12
41
31
34
93
84
26
74
44
50
57
54
35
73
44
66
60
79
58
82
67
98
89
28
55
95
76
60
76
91
37
2
42
62
43
91
48
27
44
42
34
53
3
28
8
40
44
33
61
60
73
61
26
63
43
49
92
92
89
55
12
18
20
21
0
85
75
44
23
66
95
81
58
73
60
21
62
19
87
47
79
90
75
72
15
41
39
99
46
94
45
91
36
77
95
75
92
94
61
50
38
12
1
0
30
84
98
29
7
18
48
87
91
84
4
62
31
40
55
30
43
86
47
96
98
20
14
28
75
11
81
10
44
79
5
88
56
81
33
84
69
30
6
68
70
76
74
7
67
55
60
5
14
48
18
0
70
38
43
24
69
16
9
42
41
39
27
0
70
85
9
43
79
77
75
74
80
42
62
8
0
36
89
4
46
69
56
63
22
71
35
72
40
16
0
21
2
1
64
47
43
83
65
68
18
1
25
96
98
47
90
2
28
37
61
31
77
4
92
38
93
28
39
44
41
78
49
1
11
19
91
82
4
60
34
56
19
32
74
76
99
30
98
8
58
93
87
2
24
35
43
52
6
4
27
8
74
26
34
39
97
52
75
33
87
49
98
16
33
76
41
97
8
75
17
80
93
44
4
41
60
30
65
21
77
90
54
87
86
37
47
66
2
73
55
25
62
26
19
28
15
14
59
17
45
92
39
42
58
49
48
44
71
48
69
9
26
22
46
71
66
66
88
82
1
39
88
93
82
7
17
56
40
70
14
68
52
69
79
16
7
85
12
99
88
40
68
36
60
17
94
25
46
75
61
92
58
34
51
75
73
70
37
28
90
55
88
40
38
93
77
16
58
61
39
56
17
33
77
63
87
75
4
16
94
55
76
60
97
1
0
75
31
55
71
75
52
6
43
14
84
14
98
1
88
53
66
5
56
32
52
40
24
86
54
54
88
61
87
54
24
40
85
17
90
22
86
77
79
76
45
0
39
89
82
41
87
91
73
4
62
55
98
10
46
28
38
93
70
13
29
15
26
76
98
73
79
15
47
47
93
73
81
26
70
95
60
70
2
82
66
34
6
65
62
74
31
36
88
47
48
79
50
19
57
66
68
74
64
16
93
16
84
18
29
84
53
9
38
80
74
15
1
42
32
1
84
69
81
10
33
80
68
30
8
3
81
48
18
14
35
28
93
5
53
34
27
93
6
44
93
85
51
46
31
69
47
86
95
85
80
1
82
79
66
77
58
31
42
23
90
6
83
31
51
80
23
64
61
40
51
99
28
19
63
93
97
78
34
90
13
74
17
28
29
10
61
83
83
53
73
7
52
82
34
15
68
68
34
82
75
37
8
94
16
24
21
8
96
53
49
38
84
27
32
96
20
29
43
69
94
26
99
23
91
34
48
23
53
5
0
59
57
69
73
27
12
74
61
21
95
88
28
15
24
1
77
67
82
5
64
51
52
79
70
46
1
59
87
60
88
76
45
19
7
1
35
94
17
40
71
26
55
60
73
9
75
5
72
27
32
38
56
45
50
40
47
2
7
85
30
83
51
79
25
99
86
15
29
63
66
62
80
24
57
43
78
27
99
95
93
55
71
74
86
64
46
3
62
50
17
35
21
32
57
61
2
6
70
82
82
94
95
81
96
77
49
67
38
60
44
74
63
62
82
36
12
31
47
75
77
29
94
27
70
95
32
38
67
37
2
65
40
53
87
95
53
42
43
89
69
93
81
84
71
31
33
73
75
90
47
97
62
13
33
46
2
92
53
46
66
45
48
94
10
69
60
37
98
59
52
44
57
4
83
89
71
58
52
11
58
98
22
62
52
2
58
77
96
86
33
58
69
97
14
51
2
4
11
58
97
6
75
81
99
28
50
57
88
25
38
71
47
53
48
79
59
29
82
90
93
81
17
14
69
25
32
39
14
89
66
67
99
28
98
88
20
4
29
71
48
69
18
41
6
39
19
15
37
78
48
15
89
67
77
38
23
21
96
11
41
84
30
58
30
98
31
45
59
77
74
41
8
19
54
4
68
9
91
67
3
40
71
57
38
9
82
3
76
20
71
42
94
66
72
18
25
61
36
4
14
55
60
77
62
85
66
16
67
93
23
33
88
18
58
51
83
23
85
96
20
79
20
30
96
19
55
98
18
26
0
56
47
83
52
10
29
46
3
23
9
77
43
15
72
77
19
73
77
7
29
4
61
50
30
39
14
19
15
81
17
28
45
16
81
41
49
63
71
12
2
77
11
68
19
15
84
19
66
70
62
34
94
30
11
41
99
33
90
16
56
4
24
71
3
19
14
23
68
45
81
61
90
21
57
22
87
82
90
38
10
93
77
84
41
64
76
25
91
94
42
79
19
76
87
18
51
1
50
94
6
45
23
0
55
91
89
95
48
45
54
69
82
68
56
2
80
47
67
71
25
50
60
79
0
73
55
46
93
2
32
54
10
76
97
13
30
27
74
8
17
42
91
35
36
69
50
57
84
49
85
21
91
44
76
13
8
92
69
82
7
73
89
74
42
39
21
80
4
15
74
16
62
94
60
27
83
62
85
48
33
11
5
11
14
75
75
4
27
72
17
89
92
19
36
22
67
83
63
2
92
37
11
99
77
56
22
84
14
71
94
44
41
41
52
91
85
43
82
40
80
42
96
47
22
1
6
78
72
93
85
84
63
65
25
44
2
86
44
59
2
54
35
56
75
52
76
20
48
97
9
78
38
5
3
4
43
84
18
6
9
72
38
82
75
15
29
35
20
95
3
58
74
44
83
91
74
86
22
74
58
36
90
8
49
67
30
61
14
37
0
58
96
1
61
59
21
60
89
82
61
80
52
65
55
32
77
69
26
42
79
46
20
38
52
15
7
65
63
52
26
29
3
79
39
30
99
5
8
65
52
76
58
54
82
3
82
93
70
99
21
17
56
64
74
1
92
61
85
78
58
10
53
74
47
5
34
81
64
77
30
66
63
44
95
46
42
45
22
75
87
26
41
70
22
21
32
90
36
85
3
87
21
87
71
83
27
74
1
8
6
98
61
88
90
10
83
93
85
34
24
74
49
12
28
74
78
58
45
87
79
63
14
47
31
77
59
49
71
25
73
81
2
54
67
17
21
1
88
21
77
95
91
12
15
82
22
16
66
25
41
29
31
73
67
81
63
53
23
81
86
78
71
28
75
46
62
79
16
8
77
22
81
87
83
65
62
49
70
53
63
33
86
91
23
13
80
6
42
66
30
55
35
94
41
36
52
12
43
86
97
53
50
97
55
61
20
22
57
25
71
72
68
20
49
67
87
16
41
66
44
87
54
83
15
42
6
12
8
2
5
45
5
71
56
99
67
27
2
76
50
30
53
91
81
64
92
23
35
72
40
71
62
11
23
78
96
67
91
8
15
4
80
27
60
7
54
48
16
57
94
30
92
43
92
58
19
23
38
40
96
95
61
99
86
53
89
11
52
58
54
85
74
72
82
3
95
43
81
34
47
52
40
53
45
8
83
3
90
40
28
53
27
59
4
33
92
89
44
12
4
89
98
78
82
91
31
91
47
9
73
69
36
26
54
95
37
61
83
69
11
3
76
77
82
90
98
94
24
39
1
33
7
55
77
39
15
99
3
41
66
80
27
45
4
32
5
45
9
93
33
65
46
56
56
65
11
38
23
39
25
97
58
25
47
29
56
98
82
41
38
51
79
19
18
73
64
78
96
49
64
40
36
97
40
45
49
62
28
56
4
79
81
91
5
87
3
50
80
86
89
17
12
80
46
24
32
40
13
98
59
21
76
14
59
49
30
60
80
51
66
87
38
63
53
4
48
24
13
31
29
84
46
61
24
34
46
45
99
27
51
91
0
72
50
57
4
60
81
86
9
46
92
99
77
57
14
2
70
69
69
32
79
93
58
0
20
7
85
82
79
58
95
58
4
85
65
70
7
97
46
53
37
30
28
86
50
24
29
95
1
2
36
59
99
91
85
0
60
64
6
62
31
86
57
72
73
42
91
84
48
90
69
82
21
89
68
68
76
31
58
8
37
13
30
78
14
33
99
42
12
92
8
82
78
97
62
50
4
12
29
38
67
56
18
77
3
95
54
0
45
16
73
29
33
79
86
19
97
4
9
57
89
18
5
26
49
11
14
80
83
75
27
30
59
74
29
52
90
14
77
72
7
75
27
16
30
23
83
14
51
42
70
