overall_acc,0.7968
loss,[10.85219550140381, 6.222295504608154, 4.1812689790344235, 3.2474962857055663, 2.810810320739746, 2.5939505895996096, 2.4716053941345213, 2.4109824099731445, 2.379535396194458, 2.3576005187225344, 2.332480856781006, 2.3292053640747072, 2.320101053161621, 2.3131357954406737, 2.306053772735596, 2.2982558750915527, 2.304513437423706, 2.2951242572784425, 2.2980408520507813, 2.3016106591796874, 2.2926610818481445, 2.300834050216675, 2.3085238540649415, 2.303539566192627, 2.3288938429260253, 2.3207968004608155, 2.3251035668945312, 2.3285615187072755, 2.3337338214874266, 2.340142443237305, 2.345996857299805, 2.3503098072814943, 2.350157504196167, 2.363094391784668, 2.3748549185180665, 2.3938194009399414, 2.3850345317077637, 2.3975022666931154, 2.4120599781799315, 2.4200862307739257, 2.4296053414154053, 2.431235845794678, 2.4292426932525633, 2.448878647918701, 2.464845769958496, 2.4658190280151366, 2.490142951965332, 2.4776513763427737, 2.4859785462951662, 2.499647928543091, 2.4983209506225585, 2.504638834991455, 2.499876347579956, 2.5283550927734373, 2.5208469047546385, 2.5291308897399905, 2.543532858581543, 2.5361816680908205, 2.554131675567627, 2.5555262409973145, 2.0255578464126587, 1.6359421732330321, 1.4159820889663697, 1.2677696438980102, 1.1608318117523193, 1.1010825988578796, 1.0810319355583191, 1.0802900751495361, 1.0629070565223693, 1.0705335737991333, 1.0634030764770508, 1.0683362299537658, 1.067481092300415, 1.0829240202331543, 1.0848199277877808, 1.0767153648757934, 1.0844307676696778, 1.1011199458694458, 1.0846851779937745, 1.1021217996025086, 1.1091145087814331, 1.1146038373565674, 1.1180651638412475, 1.1261887494659424, 1.1182729058074952, 1.115552142715454, 1.1374498454284667, 1.1242164230728149, 1.1355953331947326, 1.1349935087966918, 1.1372225833892822, 1.131330945739746, 1.1465106224822998, 1.1639775854110719, 1.1457310089874269, 1.1572951148605346, 1.1437881692886354, 1.1633927256774903, 1.1405137656784057, 1.1686345721817017, 1.1672681008911132, 1.1704275008392333, 1.1759604155349732, 1.1732266512298584, 1.1759660393142701, 1.1773190754318237, 1.169614885749817, 1.1599711706542968, 1.187273549118042, 1.1773741486358642, 1.1778018518066407, 1.1810306478118897, 1.173190399017334, 1.1755172441864015, 1.1782890726089477, 1.18929572013855, 1.182622896308899, 1.1889376473236084, 1.1834689781951904, 1.1943065367889405, 1.060423948173523, 0.9704709893417358, 0.9337379650115967, 0.9016039016151428, 0.8728131021499633, 0.8451965605545044, 0.8187254594612121, 0.7938489663696289, 0.7691470140266419, 0.7456637309074402, 0.7226863902473449, 0.7010285515594482, 0.6796889020347595, 0.6589018389511109, 0.6388056713485718, 0.6196282703781127, 0.6006310303688049, 0.5821220002937317, 0.5647155359840393, 0.5476592572593689, 0.5312045324897766, 0.5150694052886963, 0.49966659954071047, 0.48458255027770997, 0.47005782362937926, 0.45602653244018554, 0.44204594721794127, 0.4289040493774414, 0.41590503425598147, 0.40356690998077394, 0.3913681499290466, 0.37972386667251584, 0.3684231721782684, 0.3570984045696258, 0.34671794145584106, 0.3363206630325317, 0.32613613538742064, 0.31645057894706724, 0.30711713119506834, 0.29788904678344724, 0.2923503914356232, 0.29048885444641115, 0.288760358505249, 0.28705323360443114, 0.28513952394485476, 0.2834606523132324, 0.28170703211784365, 0.27996623651504515, 0.27824990234375, 0.2766135565853119, 0.2749070473384857, 0.2732543046665192, 0.27151635229110715, 0.26991094815254213, 0.26831344233512877, 0.2666940438365936, 0.26505704678535463, 0.263481457233429, 0.26188268944740295, 0.26032945083618164, 0.25876145456314087, 0.25716572172164914, 0.2556452988243103, 0.2540548571872711, 0.2524949467563629, 0.2509885684490204, 0.24948159862041475, 0.24801067672729493, 0.2464820704984665, 0.24503447900295258, 0.24352617352485656, 0.2420795190191269, 0.24067668989658356, 0.23916971388816832, 0.23774973385334014, 0.23631908264636994, 0.2349083345890045, 0.23350897250175476, 0.23207025723457336, 0.2307021539258957]
0,0.8695652173913043
1,0.9032258064516129
2,0.8260869565217391
3,0.7241379310344828
4,0.7741935483870968
5,0.7083333333333334
6,0.8260869565217391
7,0.9230769230769231
8,1.0
9,0.9473684210526315
10,0.4
11,0.5714285714285714
12,0.75
13,0.6521739130434783
14,0.8888888888888888
15,0.7916666666666666
16,0.9230769230769231
17,0.9047619047619048
18,0.5882352941176471
19,0.88
20,0.8333333333333334
21,0.7894736842105263
22,0.9411764705882353
23,0.8076923076923077
24,0.8695652173913043
25,0.5833333333333334
26,0.7916666666666666
27,0.8333333333333334
28,0.8
29,0.7586206896551724
30,0.7777777777777778
31,0.76
32,0.6818181818181818
33,0.7241379310344828
34,0.88
35,0.4090909090909091
36,0.8571428571428571
37,0.7894736842105263
38,0.8461538461538461
39,1.0
40,0.75
41,0.9545454545454546
42,0.9130434782608695
43,0.8260869565217391
44,0.6521739130434783
45,0.6578947368421053
46,0.5909090909090909
47,0.8695652173913043
48,1.0
49,0.8823529411764706
50,0.7272727272727273
51,0.7142857142857143
52,0.8
53,0.9655172413793104
54,0.9545454545454546
55,0.7142857142857143
56,0.8636363636363636
57,0.6428571428571429
58,0.9142857142857143
59,0.7916666666666666
60,0.8148148148148148
61,0.7931034482758621
62,0.8461538461538461
63,0.7083333333333334
64,0.6842105263157895
65,0.5909090909090909
66,0.7692307692307693
67,0.6521739130434783
68,0.9047619047619048
69,0.8666666666666667
70,0.8666666666666667
71,0.8095238095238095
72,0.5
73,0.625
74,0.6666666666666666
75,0.9285714285714286
76,0.9047619047619048
77,0.7058823529411765
78,0.7368421052631579
79,0.8571428571428571
80,0.7241379310344828
81,0.9523809523809523
82,0.918918918918919
83,0.7666666666666667
84,0.8518518518518519
85,0.9333333333333333
86,0.7857142857142857
87,0.8333333333333334
88,1.0
89,0.8928571428571429
90,0.875
91,0.8974358974358975
92,0.72
93,0.8571428571428571
94,0.9565217391304348
95,0.6551724137931034
96,0.5652173913043478
97,0.875
98,0.7307692307692307
99,0.9130434782608695
16
7
91
43
14
92
6
89
13
85
47
27
81
63
59
10
78
84
53
17
27
43
10
54
94
79
68
99
69
64
83
41
49
11
47
20
87
90
52
26
83
41
20
20
7
83
27
45
68
93
86
12
69
45
99
18
70
44
26
58
88
97
88
19
34
71
19
48
44
48
58
16
63
75
55
4
32
15
98
32
14
87
38
12
8
45
92
31
62
61
89
92
78
83
45
85
28
37
54
30
95
7
59
24
94
7
94
94
11
42
65
52
40
38
55
80
82
46
75
51
74
34
25
85
30
74
22
95
81
92
27
52
18
44
62
65
69
84
0
4
48
67
62
7
53
44
90
19
8
68
3
3
53
70
39
0
95
51
58
19
89
90
81
61
41
77
52
66
68
80
43
11
25
27
35
50
88
14
75
53
3
5
98
82
7
87
61
7
91
1
5
37
72
41
94
33
67
79
39
23
28
31
63
71
67
45
84
19
74
33
77
26
50
98
51
85
36
3
41
47
54
87
37
75
55
71
14
32
9
44
57
83
45
22
52
42
89
22
85
39
7
25
98
65
70
54
49
70
87
89
41
38
97
36
83
82
38
46
7
74
80
2
9
91
40
36
91
91
99
73
24
83
42
62
90
50
82
24
42
16
61
39
7
63
10
51
96
77
29
74
53
30
84
44
5
91
53
74
72
15
15
44
87
66
89
15
48
73
72
64
77
3
13
18
92
55
13
72
29
91
91
61
75
58
71
70
98
52
94
89
90
56
57
43
60
29
30
59
78
6
80
80
54
99
60
76
51
18
14
26
9
81
85
32
63
43
73
87
18
26
99
70
8
90
65
80
41
17
39
53
66
48
5
88
89
97
98
37
40
91
16
27
33
16
89
5
76
83
74
85
24
72
32
76
33
5
52
46
72
40
58
84
6
91
63
98
66
41
79
53
23
14
21
86
75
45
6
22
33
76
52
81
90
22
34
45
48
7
30
2
1
23
3
22
5
80
93
27
39
79
62
53
54
63
18
84
99
8
59
8
88
62
29
73
73
2
33
39
4
22
45
83
58
73
18
84
4
5
26
18
23
29
85
88
64
16
86
99
95
45
97
0
46
46
44
86
92
29
85
82
91
82
17
43
58
12
26
54
28
58
79
1
4
99
57
3
33
23
91
73
1
1
11
1
19
88
11
29
56
83
54
61
20
13
17
53
89
18
81
6
52
41
26
26
25
60
22
93
74
47
24
90
78
17
7
0
87
26
73
14
56
19
12
54
80
79
8
43
39
51
40
53
98
4
31
8
57
33
32
35
6
94
87
10
22
16
63
57
11
55
88
72
58
26
36
13
91
84
9
89
9
65
85
70
59
93
2
59
79
70
34
97
86
49
18
55
70
32
38
34
61
69
37
55
24
3
78
75
96
35
1
84
22
86
4
91
13
90
68
60
84
0
34
22
32
92
14
96
35
28
3
89
44
15
66
98
50
12
41
31
34
93
84
26
74
72
50
57
54
11
67
44
66
60
79
58
82
67
98
89
28
55
95
76
60
76
91
37
2
4
62
43
91
48
63
34
42
34
53
3
28
8
40
44
47
61
60
73
61
26
63
42
49
92
92
89
55
22
18
20
55
0
85
65
44
23
66
95
81
58
73
60
21
62
19
87
47
79
90
75
27
15
41
39
99
33
94
45
91
36
77
3
75
92
94
61
50
38
12
1
0
30
84
98
29
7
18
48
89
91
84
63
62
31
40
55
30
10
86
47
33
98
20
14
28
75
11
81
22
67
79
5
88
56
81
33
84
69
30
6
68
92
81
74
7
67
55
60
84
14
48
83
0
70
38
74
24
69
16
9
42
41
39
27
0
70
85
9
43
79
77
75
74
80
42
62
8
0
36
89
15
46
69
56
42
91
71
35
72
40
16
0
21
2
1
64
47
43
92
75
68
18
1
25
96
98
47
90
2
78
37
61
31
14
4
92
38
93
28
39
18
41
44
49
1
11
19
91
82
4
60
34
56
19
32
74
16
99
30
98
8
58
93
87
11
24
35
43
52
6
4
27
8
63
26
34
39
97
47
75
33
87
49
46
16
33
76
41
97
8
75
17
64
93
44
4
41
60
30
31
21
77
90
54
87
86
37
47
66
2
73
55
25
62
26
19
28
15
14
47
69
45
92
39
42
58
49
48
44
71
48
69
9
26
84
11
71
66
66
88
82
1
39
88
93
82
7
17
56
40
70
14
68
52
69
45
16
6
85
12
99
88
40
68
36
71
17
13
25
46
75
61
70
58
42
51
75
73
70
37
28
90
55
88
40
38
95
6
16
58
61
39
56
17
33
77
63
87
75
4
16
94
55
76
60
97
1
0
75
31
55
60
75
52
6
43
14
84
14
51
1
88
53
66
5
56
32
52
40
24
86
54
54
88
61
87
54
24
40
85
17
90
22
86
77
79
94
18
0
39
89
82
41
87
91
73
4
62
55
98
63
46
28
38
72
70
13
7
15
26
76
98
51
79
15
47
47
93
73
81
26
70
95
60
70
2
82
66
34
6
65
62
74
31
36
88
52
48
79
38
55
83
66
68
29
64
16
63
16
40
18
29
93
14
9
38
4
74
15
1
93
32
1
84
69
81
10
33
80
68
30
8
3
81
48
18
14
35
28
72
5
53
34
27
93
6
44
93
85
14
35
31
69
47
57
95
85
80
1
82
45
66
44
58
31
42
23
90
14
83
31
51
80
23
64
61
16
51
99
28
19
63
93
97
78
34
18
13
50
17
28
29
10
22
83
83
53
73
7
59
82
34
15
68
68
34
82
75
37
8
94
16
24
21
8
96
53
49
38
85
27
32
96
20
29
43
69
94
26
54
23
91
34
48
23
53
94
0
59
57
69
73
27
12
42
61
21
72
88
28
78
24
1
77
67
82
5
64
51
59
79
54
46
1
59
87
60
88
76
45
19
7
1
35
94
79
25
71
26
55
60
73
9
75
5
27
27
96
38
56
45
80
40
47
35
7
85
30
92
51
79
13
99
86
15
29
63
66
62
80
24
57
43
78
49
99
95
93
55
71
78
86
64
4
2
62
50
17
35
66
32
57
99
2
6
70
82
82
94
95
81
96
77
33
67
31
60
26
41
63
62
82
36
76
31
47
75
77
29
94
27
70
95
32
38
91
37
2
65
40
53
87
95
53
42
43
89
69
93
81
40
71
31
33
73
75
90
47
97
70
81
33
46
62
92
53
46
66
45
48
94
10
69
60
42
98
59
47
44
57
4
83
89
71
68
52
46
58
98
22
62
52
2
58
77
96
86
33
58
69
97
14
51
2
63
45
58
42
6
75
81
99
28
50
57
88
25
38
71
47
53
48
79
59
29
82
90
93
81
17
14
69
25
32
39
86
89
4
67
99
28
98
88
20
42
18
60
48
69
7
41
6
39
25
15
37
78
48
15
89
73
77
38
23
21
96
11
37
84
30
58
30
98
72
45
59
77
64
41
8
19
54
4
68
53
91
67
19
40
71
77
38
9
82
3
76
20
60
42
94
66
72
18
25
61
36
50
14
72
60
14
62
85
33
16
67
93
23
33
88
18
58
51
83
23
85
56
20
79
20
30
52
19
38
98
67
26
0
56
47
83
52
10
40
48
3
23
9
77
43
15
72
77
19
73
24
7
29
4
61
50
93
39
33
19
31
9
17
28
45
8
12
70
49
63
71
12
11
77
98
3
46
15
84
19
26
70
62
34
94
30
11
25
99
33
90
16
56
4
24
71
39
19
14
23
68
45
81
61
90
21
0
22
87
82
90
38
10
93
77
84
41
64
76
25
91
94
42
79
19
76
87
18
51
1
50
37
6
45
23
0
55
91
48
95
48
45
54
69
83
68
56
86
80
69
67
71
25
50
60
79
0
44
55
46
93
2
32
92
61
76
97
13
30
27
74
8
17
42
91
98
36
69
50
57
84
49
85
21
91
44
76
13
8
92
69
82
7
73
89
64
42
39
45
80
63
15
74
16
82
94
71
91
83
62
85
48
59
11
5
11
14
75
75
4
31
72
17
89
70
19
36
22
67
83
63
2
92
37
11
99
77
56
22
84
14
71
94
44
12
41
52
91
85
43
82
40
97
42
96
47
22
1
98
78
72
93
85
18
63
65
25
44
2
22
45
59
2
54
98
56
75
52
76
20
48
97
9
10
38
5
3
50
43
84
18
6
9
72
38
6
75
15
29
11
20
95
3
46
74
99
83
91
74
86
22
74
58
36
90
8
49
65
40
61
14
81
0
58
96
1
61
59
21
60
89
82
61
80
52
65
55
32
77
69
26
42
79
11
20
38
52
15
7
65
63
96
26
29
3
79
39
30
99
5
8
19
52
40
58
54
82
3
43
93
70
99
21
17
56
64
74
1
92
61
85
78
58
61
53
74
47
5
34
81
64
77
30
66
63
35
93
46
42
45
87
75
87
26
41
70
34
21
32
90
36
85
65
87
21
87
71
53
27
74
1
8
93
98
61
88
90
10
83
38
85
34
24
74
49
12
28
74
78
58
45
87
79
67
14
47
31
77
59
60
71
25
67
81
98
54
67
17
21
1
88
21
77
95
91
12
15
82
22
16
66
25
41
29
29
73
27
81
63
53
23
81
86
78
71
28
75
98
62
79
16
8
7
22
81
87
83
65
62
49
70
57
63
33
40
91
23
13
80
6
42
66
30
67
35
94
41
36
52
12
43
86
97
53
65
64
3
61
20
22
57
25
71
72
68
20
49
67
87
16
41
66
18
12
54
1
15
42
6
37
8
2
5
45
85
71
56
99
67
78
2
76
50
30
53
91
81
65
92
23
46
72
40
24
62
11
23
78
96
67
65
8
15
4
80
27
60
7
54
48
16
57
94
30
62
43
92
58
19
23
38
51
47
95
61
99
86
53
89
11
52
58
54
85
74
72
82
72
32
43
81
34
47
47
40
53
45
8
83
3
90
16
28
53
27
59
4
33
92
89
44
71
50
89
98
78
82
91
31
91
47
9
73
69
36
45
91
95
37
61
83
69
11
3
76
43
22
90
98
94
24
39
1
33
90
55
7
39
15
78
3
41
66
80
27
45
4
32
5
45
9
44
33
79
46
24
59
65
46
38
23
39
25
97
41
46
47
27
56
98
82
41
38
51
79
88
18
95
64
78
96
49
64
40
36
97
40
32
49
62
10
37
4
79
81
91
5
87
3
50
80
86
89
17
12
80
21
6
32
40
13
98
37
21
76
14
59
49
30
33
80
51
66
20
38
21
53
4
48
24
13
31
12
84
46
61
24
34
98
45
99
27
51
91
32
3
50
57
4
60
90
86
9
11
92
99
77
57
14
2
70
69
69
91
79
93
58
0
20
7
85
82
79
58
95
58
3
85
55
70
29
97
46
53
37
30
28
86
50
24
31
95
1
2
36
59
99
55
85
0
23
64
82
62
31
86
57
72
73
42
91
84
85
90
69
82
21
89
68
68
76
31
58
8
90
13
30
78
88
33
99
42
12
92
8
82
18
97
62
74
4
12
29
97
67
56
18
6
72
95
54
53
88
16
73
29
33
88
86
19
97
4
9
57
89
14
5
26
49
11
14
80
83
75
27
30
52
74
29
59
90
14
77
4
7
75
27
16
30
90
83
14
51
42
70
