overall_acc,0.79
loss,[10.782586374664307, 6.172198916625977, 4.167362895812988, 3.247303466720581, 2.8056990007019045, 2.5976893617248535, 2.4765030767822265, 2.4204478385162354, 2.3847758032226563, 2.355993648529053, 2.3431551594543456, 2.330713104858398, 2.3209870707702636, 2.3125870210266113, 2.3104489822387695, 2.306570625, 2.3161391680145265, 2.311691775894165, 2.3085226457214354, 2.31091792678833, 2.3120668395996096, 2.319586049041748, 2.3189516351318358, 2.318009545440674, 2.324318112106323, 2.3251747038269044, 2.3299629512023925, 2.33421515663147, 2.336004940338135, 2.3495964660644533, 2.344768310394287, 2.351672739715576, 2.3675063496398927, 2.3682795977783204, 2.3782059982299804, 2.379714718322754, 2.3926954861450196, 2.405229208984375, 2.407688392028809, 2.4211952006530764, 2.4336250163269044, 2.4376784477233886, 2.459610874938965, 2.4593508768463135, 2.4641592184448244, 2.4619104138946533, 2.4725146772003175, 2.482367389450073, 2.491449790496826, 2.5046280480957033, 2.5133824628448487, 2.5094764642333987, 2.5220497161865234, 2.5202179997253418, 2.527178535003662, 2.535255259857178, 2.5283813140869142, 2.534218865814209, 2.5443642781066895, 2.539178379058838, 2.009705052871704, 1.6313116415405273, 1.4127623208618163, 1.2600442095947266, 1.1693482584381103, 1.1148594968414307, 1.080874953804016, 1.0745857773208618, 1.0675361252212525, 1.06536207157135, 1.0761872180366516, 1.073787808151245, 1.08618393989563, 1.0711124570274353, 1.0808413042831422, 1.0835628847503662, 1.090779042892456, 1.0999544623565674, 1.0893137241363526, 1.0997416242980957, 1.103279478302002, 1.1184283503723145, 1.1224614408111573, 1.1232243310546874, 1.1336791429138184, 1.1347904412078857, 1.129139545326233, 1.1257210572433471, 1.137815047569275, 1.1307518952178954, 1.141069677658081, 1.1430793989562988, 1.1417626699066161, 1.140011232032776, 1.1593499844741821, 1.1526424428939819, 1.15632298538208, 1.1707930712509156, 1.1533324481964111, 1.1632362828826903, 1.1603737858963012, 1.1708944233322143, 1.1840066337585449, 1.1671740822601318, 1.1705065222549438, 1.1822650845718383, 1.1758752268218995, 1.1672673168182373, 1.1665406732177734, 1.1652008618545533, 1.1830451477813722, 1.192639434967041, 1.1769868224716187, 1.1871339519500732, 1.17592216381073, 1.1758524921417237, 1.1869106643295289, 1.196129811782837, 1.1952223861312867, 1.197182382926941, 1.0583770858001709, 0.9720626470184326, 0.9349400648307801, 0.9034782649421692, 0.8746584101295471, 0.8468630691337585, 0.8204269815826416, 0.7950202668952941, 0.7707617261123657, 0.7467817703056335, 0.7242015093231201, 0.702118650894165, 0.6804750085449218, 0.6596257315826416, 0.6397068566703796, 0.6201762437820435, 0.6019608073425293, 0.5837555711364746, 0.5657943098449707, 0.5486703290939331, 0.5319857308197021, 0.5159593895721436, 0.5004289674949646, 0.4852991007232666, 0.47070704162597654, 0.45628848236083985, 0.4425876668930054, 0.4292611890697479, 0.41642581513404847, 0.40411748628616334, 0.39186624937057496, 0.3802671264362335, 0.36875843955993654, 0.35774445697784424, 0.34707343984603883, 0.33666048683166505, 0.3267472655200958, 0.31724646633148196, 0.30778787742614744, 0.29865924061775206, 0.29307464223861696, 0.29113574025154115, 0.2892162069416046, 0.28742605582237246, 0.285692372713089, 0.2839249705600739, 0.2822609257507324, 0.2804952784347534, 0.27874278689384463, 0.2770929965209961, 0.27544979288101196, 0.27378879643440246, 0.27212174149513246, 0.27042941417694094, 0.2687760310268402, 0.2671166026878357, 0.2656054864501953, 0.2639911194419861, 0.26234844362258913, 0.2607649736881256, 0.25919679884910585, 0.2576077304172516, 0.2560529534626007, 0.25451239022254946, 0.2529511233329773, 0.25149748940467836, 0.249973485956192, 0.24843820853233337, 0.24695254890918733, 0.2455032017660141, 0.24398945713996886, 0.2425245706987381, 0.2410849155664444, 0.2396149894285202, 0.23817067443847656, 0.23675015568256377, 0.23530803641319276, 0.2338681977033615, 0.2324952186012268, 0.2311211271762848]
0,0.9565217391304348
1,0.9032258064516129
2,0.8260869565217391
3,0.8620689655172413
4,0.7096774193548387
5,0.7916666666666666
6,0.9130434782608695
7,0.9230769230769231
8,1.0
9,0.9473684210526315
10,0.4
11,0.6190476190476191
12,0.75
13,0.6086956521739131
14,0.7777777777777778
15,0.875
16,0.9230769230769231
17,0.9047619047619048
18,0.7058823529411765
19,0.88
20,0.8333333333333334
21,0.8947368421052632
22,0.8823529411764706
23,0.8076923076923077
24,0.9130434782608695
25,0.625
26,0.75
27,0.8333333333333334
28,0.8
29,0.7241379310344828
30,0.7407407407407407
31,0.68
32,0.6818181818181818
33,0.5172413793103449
34,0.8
35,0.5454545454545454
36,0.8571428571428571
37,0.7368421052631579
38,0.8076923076923077
39,1.0
40,0.7142857142857143
41,0.9090909090909091
42,0.8695652173913043
43,0.8260869565217391
44,0.6956521739130435
45,0.6578947368421053
46,0.4090909090909091
47,0.6956521739130435
48,1.0
49,0.8823529411764706
50,0.6818181818181818
51,0.7142857142857143
52,0.85
53,0.9310344827586207
54,0.9545454545454546
55,0.5714285714285714
56,0.8636363636363636
57,0.6428571428571429
58,0.9142857142857143
59,0.7083333333333334
60,0.8518518518518519
61,0.7586206896551724
62,0.8846153846153846
63,0.75
64,0.7368421052631579
65,0.6363636363636364
66,0.8461538461538461
67,0.5652173913043478
68,0.9523809523809523
69,0.9
70,0.8333333333333334
71,0.8571428571428571
72,0.5454545454545454
73,0.625
74,0.5151515151515151
75,0.9285714285714286
76,0.9047619047619048
77,0.7058823529411765
78,0.6842105263157895
79,0.8214285714285714
80,0.7931034482758621
81,0.9523809523809523
82,0.918918918918919
83,0.8
84,0.8888888888888888
85,0.9666666666666667
86,0.8928571428571429
87,0.9
88,0.9523809523809523
89,0.8571428571428571
90,0.9166666666666666
91,0.8974358974358975
92,0.64
93,0.8095238095238095
94,0.8260869565217391
95,0.5862068965517241
96,0.7391304347826086
97,0.6666666666666666
98,0.6153846153846154
99,0.9130434782608695
16
7
91
43
14
92
6
89
13
85
96
27
81
63
59
10
61
81
53
17
27
43
10
54
25
79
68
3
69
64
83
41
23
86
96
20
87
90
52
26
83
93
20
20
7
83
27
45
68
93
86
12
69
73
99
18
62
44
26
58
88
64
88
19
3
71
19
11
44
48
58
16
63
80
71
4
67
15
98
32
14
87
38
96
8
45
92
31
62
10
89
92
78
83
26
85
28
37
54
72
95
7
59
24
94
7
94
94
11
42
65
52
40
38
55
80
82
11
75
51
50
34
5
85
30
74
22
95
81
92
27
52
18
44
62
65
69
84
0
43
48
67
62
89
53
79
13
19
8
68
75
3
53
62
39
0
40
51
58
3
12
90
81
61
41
77
52
66
68
80
4
11
5
27
35
36
88
7
75
53
3
5
98
82
7
81
61
7
91
36
5
17
72
41
94
33
67
79
39
23
6
31
63
71
67
45
84
2
74
49
77
72
50
2
51
27
36
3
41
96
54
87
37
75
74
71
14
0
9
44
57
83
45
22
52
42
89
22
85
39
7
25
98
4
70
70
49
70
87
90
41
79
97
36
83
82
77
46
7
26
80
2
9
78
40
36
91
91
99
73
40
83
42
62
90
50
82
24
42
16
28
39
7
63
10
51
96
77
29
66
53
30
84
44
5
26
53
74
3
38
15
44
25
66
77
55
48
73
18
64
77
3
13
18
92
55
13
51
29
91
91
61
75
58
71
54
98
52
94
89
90
59
57
43
60
31
30
59
78
6
80
80
54
83
60
76
54
18
14
26
9
81
85
32
63
43
56
87
44
54
99
70
8
90
65
80
41
17
39
53
66
48
5
88
13
74
87
37
41
91
16
27
37
86
89
5
76
83
74
85
24
72
32
76
45
37
52
46
72
40
58
84
6
91
38
98
66
7
79
0
23
14
38
86
75
45
6
22
33
76
52
81
90
22
34
45
48
7
30
11
1
23
3
22
5
80
93
27
99
79
62
53
54
3
18
84
65
8
59
8
88
62
29
30
73
2
33
39
63
3
45
83
58
73
18
84
4
5
2
18
23
29
85
88
97
16
86
99
95
45
10
0
87
35
44
86
92
44
85
82
91
82
17
47
58
12
26
54
28
58
79
1
4
44
57
3
29
23
91
32
1
1
35
32
19
88
11
29
56
0
54
61
20
25
17
53
89
18
81
6
96
41
26
26
25
60
22
72
4
47
24
79
74
17
7
0
87
26
73
14
56
18
12
54
21
79
8
43
39
61
40
53
98
4
31
8
57
33
18
35
6
94
86
65
22
16
64
57
2
97
88
72
58
26
36
13
91
84
9
5
9
65
85
70
52
48
2
59
79
70
34
97
86
49
18
55
70
32
38
34
61
69
37
96
24
3
78
51
33
35
1
84
22
86
4
91
13
90
68
60
84
0
80
54
32
92
14
96
35
86
3
89
7
15
66
35
50
12
41
31
34
93
84
26
74
93
50
57
54
35
67
44
66
60
79
58
82
67
98
89
28
55
95
76
60
76
91
37
2
3
62
43
91
48
63
34
42
34
53
3
28
8
40
44
96
61
60
73
61
29
63
63
49
92
92
45
55
12
18
20
55
0
85
65
75
23
77
95
81
58
73
60
21
62
19
87
47
6
90
75
73
15
41
39
99
46
94
45
91
36
77
3
75
62
94
61
50
38
12
1
0
30
84
98
29
7
18
48
81
91
84
63
62
31
40
55
30
43
86
96
96
65
25
14
28
75
2
81
61
44
79
5
88
56
81
15
84
69
30
6
68
70
81
74
7
18
23
60
5
14
48
83
0
70
38
74
24
69
16
9
42
41
39
27
0
70
85
9
43
79
77
75
74
80
42
62
8
0
36
89
4
46
69
56
42
22
71
35
72
40
16
0
21
2
1
64
47
43
92
19
68
18
1
25
96
98
96
90
2
77
37
61
31
77
4
92
38
93
28
39
18
41
44
49
70
11
19
91
82
4
60
34
56
19
32
63
16
99
73
98
8
58
93
87
11
24
35
43
52
6
4
27
8
63
26
34
39
97
37
75
33
87
49
98
16
33
76
41
97
8
75
17
80
93
44
4
41
60
67
31
21
77
90
54
87
86
37
47
66
2
73
55
25
62
26
19
28
15
14
52
69
45
92
39
42
13
49
48
44
71
48
69
9
7
37
11
71
66
66
88
82
1
39
88
93
82
7
17
56
40
70
1
68
52
69
45
16
62
85
12
99
88
40
68
36
23
17
87
25
46
75
61
70
58
97
51
75
73
70
37
28
90
55
88
68
38
73
7
16
58
61
39
56
17
96
77
63
87
75
4
16
94
55
76
60
97
1
0
75
31
72
71
75
52
6
43
14
84
14
44
1
88
53
66
5
56
32
52
40
24
86
54
54
88
61
87
54
24
40
85
17
90
22
86
77
79
76
45
0
39
89
82
41
87
91
73
4
62
55
98
10
46
28
38
9
70
13
44
15
24
76
98
51
79
15
47
47
93
73
81
26
70
95
60
70
2
82
66
34
6
65
62
74
31
36
88
47
48
79
38
55
57
66
68
74
64
16
63
16
86
18
29
63
53
9
44
4
33
15
1
45
80
1
84
69
81
10
33
80
68
30
8
3
81
48
18
14
35
28
74
5
53
34
27
93
18
44
93
85
14
46
31
69
47
86
95
85
80
1
82
45
66
44
58
31
42
23
90
18
83
31
51
80
23
64
61
16
51
99
28
19
63
7
97
78
34
72
13
74
17
28
29
10
40
83
83
53
73
7
59
82
34
15
68
68
34
82
75
37
8
94
16
24
21
8
96
53
49
63
85
27
32
96
20
29
43
69
5
26
54
60
91
34
48
71
53
25
0
59
57
69
73
27
12
42
61
21
95
88
28
15
24
1
77
67
82
5
64
51
52
79
70
46
1
59
87
60
33
76
45
15
7
1
35
94
79
5
71
26
55
60
73
9
75
5
72
44
96
38
56
4
80
87
47
2
7
85
30
92
51
79
89
99
86
15
29
63
66
62
80
24
57
43
78
49
99
95
93
72
12
78
86
64
45
11
62
50
37
98
21
32
57
61
11
6
92
82
82
94
95
81
96
1
49
67
31
60
99
6
63
62
82
36
12
31
47
75
77
29
94
27
70
95
32
38
91
37
36
65
40
53
87
95
53
42
43
89
69
93
81
84
71
31
33
91
75
90
47
97
1
13
24
46
62
92
53
46
66
45
48
94
10
69
60
27
98
59
52
44
57
4
83
89
71
68
52
46
58
46
22
62
52
2
58
77
96
86
33
58
69
97
14
51
2
4
45
58
42
6
75
81
99
28
36
57
88
25
38
71
47
53
48
79
59
29
82
90
93
81
17
14
69
25
32
39
10
89
4
67
99
28
98
88
20
4
18
60
48
69
18
41
6
39
87
15
37
2
48
2
89
73
77
38
23
21
96
11
94
84
30
58
30
35
72
83
59
77
50
41
8
19
54
4
68
9
91
67
19
40
71
77
38
9
82
3
76
20
60
42
94
66
72
6
25
61
36
4
14
10
60
77
62
85
75
16
27
93
23
33
88
18
58
51
83
23
85
56
20
79
20
30
47
19
55
98
67
26
0
56
47
83
52
83
51
3
3
95
9
77
43
15
72
77
19
73
24
7
29
4
61
50
30
39
33
19
17
9
17
28
45
16
12
70
49
63
71
12
11
77
98
68
46
15
84
19
66
70
62
34
5
30
11
44
99
96
90
16
56
4
24
71
3
19
14
23
68
45
81
10
90
21
57
22
87
82
12
38
10
93
7
84
41
64
76
25
91
94
42
79
19
76
87
18
51
1
50
84
6
45
23
0
55
91
48
95
48
45
54
69
51
68
56
86
80
56
67
71
39
50
60
79
0
44
55
11
80
2
32
83
61
69
97
13
30
27
74
8
17
42
91
11
36
69
50
57
84
76
85
3
91
79
76
13
8
92
69
82
7
73
89
74
42
39
45
80
32
15
50
16
62
94
60
91
83
62
85
48
59
11
5
2
91
75
75
6
3
72
17
89
92
19
36
93
73
83
63
2
62
37
11
99
77
56
22
84
14
71
94
44
12
41
52
91
85
43
82
40
80
42
96
47
22
1
6
78
72
93
85
18
63
65
25
44
2
86
44
59
2
54
11
56
75
47
76
20
48
97
9
62
38
5
3
50
43
84
18
6
40
72
38
6
75
15
29
35
20
95
3
58
74
44
83
91
74
86
91
4
58
36
90
8
49
65
40
54
14
81
0
58
96
1
61
59
21
60
89
82
61
80
52
65
55
32
77
69
26
42
79
11
20
38
47
15
7
65
63
96
26
29
3
79
39
30
99
5
8
19
52
40
58
54
82
3
96
93
70
99
21
17
56
64
74
1
92
61
85
78
58
10
53
74
47
5
34
81
64
77
30
66
63
35
95
46
14
45
87
63
87
26
41
70
34
21
32
90
36
85
57
87
21
87
71
83
27
74
1
8
93
98
61
88
90
10
83
4
85
34
24
74
49
76
28
64
6
58
45
87
79
67
14
47
3
77
52
60
71
5
67
81
11
54
67
17
21
1
88
21
77
95
91
12
15
82
22
16
66
67
1
29
29
73
27
81
63
53
23
81
86
42
71
28
75
98
62
79
16
8
7
22
81
87
83
65
62
49
70
57
7
18
40
91
23
13
80
6
42
66
30
67
35
94
41
36
52
12
43
86
97
53
50
97
95
61
20
22
57
25
71
72
68
20
49
67
87
16
41
66
72
10
54
1
15
42
6
85
8
2
5
45
93
71
56
99
67
72
2
76
50
30
53
91
81
65
92
23
46
72
40
80
62
11
23
78
96
67
50
8
15
4
80
27
60
7
54
48
16
57
94
30
92
43
62
58
19
23
38
40
96
95
22
99
86
53
89
11
52
58
54
85
74
72
82
72
95
43
37
34
47
52
40
53
45
8
83
3
90
40
28
53
27
59
4
33
92
89
44
69
55
89
98
78
82
91
31
91
47
9
73
69
36
24
91
95
37
61
83
69
46
4
76
55
82
90
98
94
24
39
1
33
72
55
7
39
15
99
3
41
66
80
27
45
4
32
5
45
9
93
33
28
46
24
59
65
11
38
23
39
25
97
58
46
47
29
56
98
82
44
38
51
45
19
18
73
64
78
96
49
64
40
36
97
40
32
49
62
10
33
4
77
81
91
5
87
3
50
72
86
89
17
12
80
4
24
32
40
13
98
59
21
76
14
59
49
30
33
80
51
66
87
38
21
53
98
48
24
13
31
46
84
46
61
24
34
46
45
99
27
51
91
0
72
50
57
44
60
90
86
9
11
92
99
77
57
14
2
70
69
69
32
79
93
58
0
20
7
24
82
79
58
72
58
3
85
55
70
44
97
46
53
37
86
28
86
50
24
29
95
1
2
36
59
99
91
85
0
23
64
82
62
31
86
57
72
73
42
91
84
85
90
69
82
21
89
68
68
76
31
58
8
90
13
30
78
88
33
99
42
12
92
8
82
78
97
62
74
4
12
29
38
80
56
18
77
72
95
54
0
45
16
73
29
33
6
86
19
97
4
9
53
89
14
58
26
49
11
14
80
83
3
27
73
52
74
29
52
90
14
77
4
7
75
27
16
30
64
83
65
51
42
70
