overall_acc,0.7952
loss,[10.877757648010254, 6.255577898864746, 4.208126407318115, 3.263707893600464, 2.8281373780822756, 2.5957165576171874, 2.487613265762329, 2.423825157470703, 2.3838356596374513, 2.361143075714111, 2.3375063836669923, 2.325805988006592, 2.3309329544067383, 2.3067537131500244, 2.3059322230911254, 2.3104987479400636, 2.309857676849365, 2.306524337463379, 2.3000418646621705, 2.306347847251892, 2.3020421740722656, 2.304211019935608, 2.3108658349609374, 2.311334743347168, 2.311648226776123, 2.3228350941467286, 2.3317854866027834, 2.3279785417938235, 2.3375270820617677, 2.3429394356918336, 2.3532200063323976, 2.350629635925293, 2.35692243560791, 2.3677438386917116, 2.38378419631958, 2.393748513793945, 2.390463504180908, 2.3983127893066407, 2.4175244525146486, 2.4212677828216553, 2.430932677307129, 2.4427117726135252, 2.454997455444336, 2.4602843711853026, 2.4585260316467283, 2.458887940444946, 2.487863496322632, 2.4925207345581053, 2.499844419555664, 2.5013583856201174, 2.5052866189575194, 2.512210573120117, 2.52663462638855, 2.5270280645751955, 2.536826261291504, 2.534209117279053, 2.5330132302856447, 2.5356389739990233, 2.5516678713989256, 2.5549611781311037, 2.042389720840454, 1.6499461236572266, 1.4248574172973634, 1.2712704945373534, 1.1625256856918336, 1.1088647144317627, 1.068780804977417, 1.072842645149231, 1.0641370035743714, 1.0650980587768555, 1.061849522304535, 1.0700885177230834, 1.07804259847641, 1.0711055503845215, 1.0805152839660646, 1.0878599542999268, 1.093408935508728, 1.0893933014678956, 1.0976357735061646, 1.097924373626709, 1.1063152770614624, 1.1185431413459779, 1.1111211336898803, 1.1141639061546327, 1.1127434827423095, 1.140475628967285, 1.1378233543014526, 1.1249440315246582, 1.1241196547698975, 1.1259832454681395, 1.1297213961791992, 1.1387586627960204, 1.1597297665405273, 1.1552337575149536, 1.1538214462280274, 1.1560966939163209, 1.1493167722320556, 1.149581873550415, 1.166377137374878, 1.1659939157104493, 1.161554776725769, 1.1634881743621825, 1.1541083107757568, 1.1758235845184326, 1.1647455917358398, 1.1737104469299315, 1.1643040256500243, 1.1671491300964356, 1.1924892458724976, 1.181564813079834, 1.1854622624969482, 1.1793678227233886, 1.1787014177322388, 1.178614650993347, 1.1804955522155762, 1.1737868355560304, 1.1814589229965209, 1.1962746156311035, 1.186573738746643, 1.1801784317016601, 1.0480082987594606, 0.9644790866279602, 0.9267885998916626, 0.8958742658042907, 0.8666258127212524, 0.83946790391922, 0.8138035650634765, 0.7885538656234741, 0.7644625957679748, 0.7409677536582947, 0.718137216091156, 0.6960680544471741, 0.6752798468017578, 0.6544824927139282, 0.6345103141975403, 0.6154732992172242, 0.5966810406684876, 0.5787085554885865, 0.5611041724777222, 0.5439557635879516, 0.5275156513786315, 0.5116308180236816, 0.49616486834526063, 0.4812182987976074, 0.4667589646434784, 0.45268641434669493, 0.43892114115715025, 0.42596735307693484, 0.4131623875045776, 0.4007990261268616, 0.38864306599617005, 0.37701233472824097, 0.3658195512294769, 0.35503995909690855, 0.3441448578071594, 0.3340108421325684, 0.3242188615036011, 0.3143562402153015, 0.30512495725631716, 0.29600234817504883, 0.29033785464286804, 0.2885264618396759, 0.2866908167743683, 0.28501796226501463, 0.283297056350708, 0.2814922628211975, 0.279816932220459, 0.27812553458213807, 0.2764894401264191, 0.2747783269691467, 0.2731227379322052, 0.27144585311889646, 0.26982885375022886, 0.2681793177986145, 0.2665688852882385, 0.2648934252929688, 0.26329541326522826, 0.2617580876159668, 0.2601294974517822, 0.2586203685760498, 0.2570186973285675, 0.2554595295238495, 0.25389500337600707, 0.25242853078842165, 0.25092086421966553, 0.24939569104671477, 0.2478907234096527, 0.2463571129465103, 0.24492191278457642, 0.2434101296043396, 0.2419838735818863, 0.24051114343643187, 0.2390822600221634, 0.23759267937660217, 0.23621347123146058, 0.23478690759658813, 0.23337072246551513, 0.2319702723789215, 0.23054825746059418, 0.22920201197624207]
0,0.9565217391304348
1,0.967741935483871
2,0.8695652173913043
3,0.7931034482758621
4,0.9032258064516129
5,0.75
6,0.8695652173913043
7,0.8461538461538461
8,1.0
9,0.9473684210526315
10,0.5
11,0.5238095238095238
12,0.85
13,0.6521739130434783
14,0.7407407407407407
15,0.8333333333333334
16,0.9615384615384616
17,0.9523809523809523
18,0.7352941176470589
19,0.84
20,0.8888888888888888
21,0.8421052631578947
22,0.9411764705882353
23,0.8461538461538461
24,0.8260869565217391
25,0.6666666666666666
26,0.7916666666666666
27,0.75
28,0.8
29,0.7931034482758621
30,0.7777777777777778
31,0.76
32,0.6363636363636364
33,0.6896551724137931
34,0.76
35,0.5454545454545454
36,0.8571428571428571
37,0.7368421052631579
38,0.7307692307692307
39,1.0
40,0.8214285714285714
41,0.9545454545454546
42,0.9130434782608695
43,0.8260869565217391
44,0.5652173913043478
45,0.7631578947368421
46,0.45454545454545453
47,0.6086956521739131
48,1.0
49,0.7647058823529411
50,0.6818181818181818
51,0.7142857142857143
52,0.85
53,0.9310344827586207
54,0.9545454545454546
55,0.6190476190476191
56,0.9090909090909091
57,0.7857142857142857
58,0.9714285714285714
59,0.625
60,0.8148148148148148
61,0.8275862068965517
62,0.8076923076923077
63,0.6666666666666666
64,0.631578947368421
65,0.7272727272727273
66,0.8461538461538461
67,0.6086956521739131
68,0.8571428571428571
69,0.9
70,0.8
71,0.7619047619047619
72,0.4090909090909091
73,0.59375
74,0.5757575757575758
75,0.9285714285714286
76,0.9047619047619048
77,0.6470588235294118
78,0.8421052631578947
79,0.8571428571428571
80,0.8275862068965517
81,0.8095238095238095
82,0.972972972972973
83,0.7333333333333333
84,0.8518518518518519
85,0.9666666666666667
86,0.7857142857142857
87,0.9
88,0.9523809523809523
89,0.8928571428571429
90,0.875
91,0.8717948717948718
92,0.6
93,0.7619047619047619
94,0.9565217391304348
95,0.7241379310344828
96,0.6521739130434783
97,0.7916666666666666
98,0.6153846153846154
99,0.9130434782608695
16
7
91
43
14
92
6
89
13
85
47
27
81
63
59
10
78
18
53
17
27
43
10
54
94
79
68
31
69
64
83
41
23
46
96
20
87
90
52
26
83
41
20
20
7
83
27
45
68
93
86
12
69
45
99
1
62
93
26
58
88
42
88
19
3
23
19
48
1
48
58
16
64
3
71
4
91
15
98
32
14
87
38
33
8
45
92
31
62
61
89
92
78
83
45
85
28
37
54
55
95
7
59
24
94
7
94
94
11
42
65
52
40
38
55
80
82
46
75
93
74
34
5
85
30
74
22
95
81
92
44
52
51
44
62
65
69
84
0
43
48
67
62
89
83
44
37
19
8
68
30
3
53
70
39
0
95
51
58
19
12
90
81
61
41
66
52
66
68
80
4
46
25
27
35
50
88
14
75
53
3
5
98
82
7
87
61
7
91
1
5
17
72
41
94
33
67
8
39
23
28
31
63
71
67
45
84
35
74
33
77
65
50
11
51
85
36
3
41
47
54
87
37
75
55
71
14
0
9
44
57
83
45
22
52
42
89
22
85
39
7
25
98
98
70
54
49
70
87
89
41
79
97
36
83
82
6
11
7
74
80
2
9
91
40
36
91
78
99
73
76
83
42
62
90
50
82
24
38
16
40
39
7
63
10
51
47
77
29
66
53
30
25
15
5
91
53
74
72
38
15
44
25
66
28
55
48
95
75
64
77
3
13
18
92
55
13
72
29
91
91
61
75
58
71
70
46
52
94
89
90
56
57
43
60
29
30
96
78
74
80
80
54
99
60
76
54
18
14
26
9
90
85
32
63
43
56
87
44
54
99
70
8
90
65
80
41
17
39
53
66
48
5
88
98
80
87
37
40
91
16
27
33
16
89
5
76
83
74
85
24
3
32
76
77
5
52
46
21
40
58
84
6
91
4
98
66
41
79
0
23
14
3
86
75
45
6
22
33
76
52
81
90
22
34
45
48
7
30
2
1
23
3
22
5
80
93
27
39
69
62
53
54
63
18
84
65
8
59
8
88
62
29
73
73
2
33
39
4
61
45
83
58
73
18
84
4
5
57
18
23
29
85
34
42
16
86
99
95
45
97
0
41
2
44
86
54
29
85
82
91
82
17
33
58
12
26
54
28
58
79
1
4
99
57
3
33
23
91
73
1
1
35
1
19
88
11
29
56
0
54
61
20
13
17
53
89
18
13
6
96
41
26
26
25
60
22
93
4
87
24
79
78
17
7
0
87
26
73
14
56
44
12
54
21
79
8
43
39
78
40
53
98
4
31
8
57
33
82
35
6
94
87
65
22
16
63
57
2
38
88
72
58
27
36
13
91
84
9
89
9
65
85
70
96
90
2
59
79
70
34
97
16
49
18
55
70
64
38
34
61
69
37
55
24
15
78
51
33
35
1
84
22
86
4
91
13
90
68
60
84
0
34
70
32
92
14
49
35
86
3
89
44
15
66
35
50
12
41
31
5
93
84
26
74
78
50
57
54
35
67
44
66
60
45
58
82
67
98
89
28
55
95
76
60
76
91
37
2
3
62
43
91
48
27
34
82
34
53
3
28
8
40
44
47
61
60
73
61
29
78
4
49
92
92
6
57
12
18
20
4
0
85
80
18
23
66
95
81
58
73
60
21
62
19
87
47
79
90
75
4
15
41
39
99
33
94
45
91
36
77
19
75
62
94
61
50
38
12
1
0
30
84
98
29
7
18
48
87
91
84
4
62
31
40
55
30
22
86
96
59
98
25
14
28
75
11
81
61
44
79
5
96
56
81
31
84
69
30
6
68
92
81
74
7
67
23
60
10
14
48
18
0
70
38
26
24
69
16
9
42
41
39
27
0
70
85
9
43
79
77
75
74
80
42
83
8
0
36
89
4
46
69
96
42
10
71
98
72
40
16
0
21
2
1
31
47
43
83
65
68
18
1
39
96
46
96
90
2
28
37
61
31
9
4
92
38
93
28
39
18
41
44
49
1
11
19
91
82
4
60
34
56
19
32
63
76
99
73
98
8
58
93
87
35
79
35
43
52
6
4
27
8
63
26
34
39
97
52
75
33
87
60
46
16
33
76
41
97
8
75
17
80
93
44
4
41
60
30
65
21
77
90
54
87
86
37
59
66
2
73
55
25
62
26
19
28
15
1
52
69
45
92
39
42
58
49
48
44
71
48
69
9
26
94
46
71
66
66
88
82
1
39
88
93
82
7
17
56
40
70
1
49
52
69
45
16
62
85
12
99
88
40
68
36
23
17
28
25
11
75
61
70
58
88
51
75
73
54
37
28
90
55
88
68
38
95
7
16
58
61
39
56
17
33
77
50
87
75
4
16
94
55
76
60
97
1
0
75
31
72
71
75
52
6
43
14
84
14
51
1
88
53
66
5
56
32
52
40
24
86
54
54
88
61
87
54
24
40
85
17
90
22
86
77
79
94
45
0
39
89
82
41
87
91
73
4
62
55
98
10
46
28
38
72
70
13
7
15
24
76
98
67
79
15
47
47
93
67
81
26
70
95
60
70
2
82
66
34
6
65
62
74
31
36
88
52
48
79
74
55
57
66
68
97
64
16
93
16
84
18
29
63
57
9
77
3
74
15
1
93
96
1
84
92
81
10
33
80
68
30
8
3
81
45
18
20
35
28
72
5
53
34
27
67
18
44
93
85
14
46
31
69
47
57
95
85
80
1
82
45
66
44
58
31
42
23
90
18
83
19
51
80
23
64
61
40
51
99
28
19
63
93
97
78
34
71
13
74
17
28
29
10
61
83
83
53
73
7
59
82
34
15
68
68
34
82
75
37
8
94
16
24
21
8
96
53
67
63
85
27
32
96
20
29
43
69
94
26
54
60
91
97
48
23
53
25
0
59
57
69
73
27
12
42
61
21
95
88
10
15
24
1
77
67
82
5
64
51
52
79
70
11
1
59
87
60
88
76
45
19
7
1
35
94
80
16
71
26
55
60
73
9
75
5
55
14
96
65
51
45
80
75
52
2
7
85
30
83
51
79
87
99
86
15
29
63
66
62
80
24
57
43
78
49
99
95
93
72
12
78
86
64
4
23
62
50
17
2
66
32
57
61
2
6
1
82
82
94
95
81
96
1
33
73
31
60
24
90
63
62
82
36
12
31
47
75
77
29
94
27
70
95
32
38
32
37
2
65
40
53
87
95
53
42
43
89
69
93
81
84
71
31
33
73
75
85
47
97
1
13
42
46
62
92
53
46
66
45
48
94
10
69
60
37
35
59
52
44
57
4
83
89
71
58
52
32
58
98
22
62
52
2
58
77
96
86
33
58
69
97
14
51
2
4
64
58
42
6
80
81
99
28
50
57
88
25
38
73
47
53
48
79
59
29
82
90
93
81
17
14
69
25
32
39
1
89
4
67
99
28
98
88
20
45
18
71
48
69
18
41
6
39
25
15
37
77
48
35
89
73
77
38
23
21
96
11
41
84
30
58
30
46
72
45
59
77
4
41
8
19
54
4
68
53
91
67
3
40
71
57
38
9
82
3
76
20
60
42
94
66
72
6
25
61
36
4
24
51
60
14
70
85
38
16
27
93
23
33
88
18
58
51
83
23
85
56
20
7
20
30
96
19
4
98
3
26
0
56
47
57
52
83
29
46
3
30
9
77
43
15
55
77
19
73
77
7
85
4
61
50
30
39
45
19
17
9
17
28
45
16
12
41
49
63
71
12
11
51
98
3
65
15
84
19
66
70
62
34
94
30
11
91
99
33
90
16
56
4
24
71
3
15
14
23
12
45
81
61
90
21
57
22
87
82
12
38
10
93
37
84
41
64
76
25
91
94
42
79
19
76
87
18
51
1
50
94
6
45
23
0
55
91
89
95
48
45
54
69
51
68
56
39
80
69
67
71
25
50
60
79
0
30
55
46
80
2
32
83
61
69
97
13
30
27
74
8
17
42
91
35
4
69
50
57
84
76
85
3
91
79
76
13
8
92
69
82
7
73
89
19
42
39
26
80
32
15
50
16
92
94
71
91
48
62
85
48
59
11
5
2
91
75
75
4
3
31
17
89
92
19
36
22
67
83
63
2
92
37
35
99
77
56
22
84
14
71
94
44
37
41
96
91
85
43
82
40
97
42
96
47
22
1
98
78
72
93
85
12
63
65
25
44
2
86
26
59
2
54
11
56
75
52
76
20
48
97
9
10
38
5
3
36
43
37
18
6
9
72
38
6
75
15
29
35
20
95
3
58
74
14
83
91
74
86
10
74
58
36
90
8
49
80
40
14
14
81
0
58
96
1
61
59
21
60
89
82
61
80
52
65
55
32
77
69
99
42
79
11
20
38
47
15
79
65
63
52
26
29
3
79
39
30
99
5
8
19
52
40
58
54
82
31
82
93
70
99
21
17
56
64
74
1
92
61
85
78
58
10
53
74
47
5
34
81
64
77
30
66
27
45
30
46
18
45
87
63
87
26
41
70
22
21
32
90
36
85
65
87
21
87
71
53
27
74
1
8
93
98
61
88
90
10
83
93
85
3
24
74
49
12
28
3
6
58
45
87
79
63
14
47
31
77
52
60
71
25
67
81
2
54
67
17
21
1
88
21
77
95
91
12
15
82
22
16
66
25
41
29
29
73
67
81
63
53
23
81
86
78
71
28
75
46
62
79
16
8
7
22
13
87
10
65
62
49
70
57
63
77
40
91
23
13
80
6
42
35
30
30
35
94
41
36
52
12
43
86
97
53
50
64
3
61
20
22
57
25
71
74
68
20
49
67
87
16
41
66
27
87
64
1
15
42
6
12
8
2
5
45
85
71
56
99
67
78
2
76
50
30
53
91
81
65
70
23
35
95
40
71
62
11
23
78
96
67
36
8
15
4
80
63
60
7
54
48
16
57
94
30
92
43
92
58
19
23
38
40
96
95
16
99
86
53
89
11
52
58
54
85
74
72
82
72
69
43
81
34
47
52
40
53
45
8
14
3
90
40
28
53
27
59
4
33
70
89
44
12
55
89
98
78
82
91
31
91
47
9
73
69
36
24
91
95
37
61
83
69
11
15
76
80
82
90
98
94
24
39
1
33
90
55
79
39
15
99
3
41
66
80
27
45
4
32
5
45
9
93
33
65
30
24
59
65
11
38
23
39
25
97
58
16
47
29
56
98
82
41
38
51
79
88
18
95
64
78
96
49
64
40
36
97
40
45
49
62
10
56
4
79
81
91
5
87
3
50
80
86
89
17
12
80
21
6
32
40
13
98
37
21
76
14
59
49
30
60
80
51
66
87
38
63
53
4
48
24
13
31
29
84
46
61
24
34
46
45
99
27
51
91
0
15
50
57
4
60
90
66
9
46
92
99
77
57
62
2
70
69
69
91
79
93
58
0
20
7
48
82
79
58
72
58
3
85
55
70
29
97
98
53
37
30
28
86
78
24
96
95
1
2
3
96
99
55
85
0
71
64
82
62
31
86
57
72
73
42
91
84
85
90
69
82
21
89
68
68
76
31
58
8
90
13
30
78
88
47
99
42
12
92
8
82
78
97
62
74
4
90
29
31
77
56
18
77
72
95
54
0
45
16
73
29
33
6
86
19
97
4
9
57
89
54
25
26
49
11
18
80
83
3
27
73
52
74
29
52
90
14
77
65
7
75
27
16
30
72
83
14
51
42
70
