overall_acc,0.784
loss,[10.850661752929687, 6.222303810424805, 4.195848983688355, 3.2540210413360597, 2.809283523864746, 2.5954538104248046, 2.4754700090026858, 2.4227552935791015, 2.381052489776611, 2.357236123123169, 2.3456212033081054, 2.338985523452759, 2.3205523239135744, 2.314440314102173, 2.3090380321502684, 2.308492107925415, 2.294988906326294, 2.296781717376709, 2.298400832519531, 2.299346835021973, 2.303036689605713, 2.3030137519836424, 2.3036532859802246, 2.316207681121826, 2.3050386991882323, 2.31987567199707, 2.315627052612305, 2.325010496749878, 2.3300450674438475, 2.3352452504730223, 2.348061048736572, 2.3488304972076417, 2.369766357421875, 2.37062516204834, 2.3869453539276124, 2.3895109365081786, 2.3966792353820803, 2.4010112201690674, 2.4117341886138917, 2.412118014450073, 2.4224819326782225, 2.4355177833557127, 2.4358588396453857, 2.451005930480957, 2.463808956756592, 2.467510707702637, 2.473376432876587, 2.474683145599365, 2.4972692065429687, 2.5105723834991456, 2.4955897369384767, 2.526286567840576, 2.5016783892822265, 2.51555500289917, 2.532618509902954, 2.5288916510009765, 2.547840483779907, 2.5325207106018066, 2.5574436071777344, 2.556738155670166, 2.0232590993118285, 1.639039451675415, 1.414556224784851, 1.2592051968383788, 1.1580647756195068, 1.1064531397628785, 1.0762689317321776, 1.0667420967864991, 1.0694195812225342, 1.0576217056274415, 1.068529254989624, 1.0743605778884888, 1.0640827476501464, 1.0736334991455079, 1.0658144008636474, 1.0778179304885864, 1.0885320064926147, 1.0921608670043945, 1.0890126609802246, 1.1054498195648192, 1.0993348705673218, 1.1019031677627564, 1.1112540899276733, 1.1082456961822509, 1.1161622216796876, 1.1143963222503661, 1.1250905157852173, 1.1246449216079712, 1.126892494392395, 1.134074967136383, 1.1436768786621094, 1.13516498752594, 1.1544437655639648, 1.1478537312316894, 1.1495218613815308, 1.1492401636886598, 1.1492048052978516, 1.1441309922409058, 1.1637186769104004, 1.1608889973449708, 1.1557472653961183, 1.1721258250427247, 1.16753904296875, 1.157858674812317, 1.1686178371429443, 1.175753042526245, 1.1692898517990111, 1.1727800575256349, 1.1716429637527466, 1.1731339463043213, 1.184907721977234, 1.1782209168243407, 1.1781548279571534, 1.173295390663147, 1.1856473757934571, 1.1969337759017944, 1.1872772519683839, 1.1805568587875366, 1.186839928817749, 1.2006827562713622, 1.062655422973633, 0.9730461658096313, 0.9365220638084412, 0.904057065372467, 0.8746987981414794, 0.8479259339523315, 0.8210295978546143, 0.7963535472488403, 0.7712341950225831, 0.7474434038925171, 0.7247019619369507, 0.7026683528900146, 0.6814147304344177, 0.6606841244125367, 0.6406496234321595, 0.6215368557357788, 0.6026603428840637, 0.5842177259254455, 0.5664052244758606, 0.5491528877830505, 0.5328026925849915, 0.516802294216156, 0.5009069591903687, 0.48590696948051454, 0.4711036754989624, 0.4569176330757141, 0.4434268335914612, 0.4300293480014801, 0.417205782623291, 0.40458802006721495, 0.39230472747802736, 0.3806366892337799, 0.3692388921737671, 0.35848272340774534, 0.3477819366931915, 0.33745047163963315, 0.3278796138381958, 0.3179543999385834, 0.3079786560153961, 0.29917221702575686, 0.29365155779838564, 0.29152616300582884, 0.2898055152130127, 0.28792591732978823, 0.2862998165512085, 0.2844143762016296, 0.2826529395008087, 0.28092565693855287, 0.2792368089199066, 0.27751550464630126, 0.2758868923187256, 0.2741667102241516, 0.27252362097740174, 0.2708886391067505, 0.26921784459114073, 0.26762946551322936, 0.26597590026855467, 0.26443012137413024, 0.26279978533744813, 0.26115634016990663, 0.25967023734092715, 0.25800531947135924, 0.2565251875591278, 0.2549456776332855, 0.25339849281311033, 0.2518213764190674, 0.25035604112148285, 0.24883605332374573, 0.247353119597435, 0.24589728180885315, 0.24435029200077057, 0.2428654878473282, 0.2414379408454895, 0.23999998816490173, 0.23851132442951203, 0.23706717741012573, 0.23567786281108857, 0.23420835730552672, 0.23285627286434174, 0.23141825840473176]
0,0.9565217391304348
1,0.8709677419354839
2,0.7391304347826086
3,0.8275862068965517
4,0.6451612903225806
5,0.75
6,0.9130434782608695
7,0.8076923076923077
8,0.9615384615384616
9,0.9473684210526315
10,0.5
11,0.5714285714285714
12,0.9
13,0.6086956521739131
14,0.7777777777777778
15,0.875
16,0.8846153846153846
17,0.8095238095238095
18,0.6176470588235294
19,0.76
20,0.8333333333333334
21,0.8947368421052632
22,0.8823529411764706
23,0.8076923076923077
24,0.8260869565217391
25,0.625
26,0.8333333333333334
27,0.7916666666666666
28,0.76
29,0.7586206896551724
30,0.8518518518518519
31,0.76
32,0.6818181818181818
33,0.6206896551724138
34,0.92
35,0.36363636363636365
36,0.9047619047619048
37,0.8947368421052632
38,0.8076923076923077
39,0.9565217391304348
40,0.75
41,0.9090909090909091
42,0.8695652173913043
43,0.782608695652174
44,0.6086956521739131
45,0.631578947368421
46,0.4090909090909091
47,0.782608695652174
48,1.0
49,0.8823529411764706
50,0.7272727272727273
51,0.6666666666666666
52,0.9
53,0.896551724137931
54,0.9545454545454546
55,0.5714285714285714
56,0.8636363636363636
57,0.6428571428571429
58,0.9714285714285714
59,0.7083333333333334
60,0.8518518518518519
61,0.7931034482758621
62,0.8461538461538461
63,0.625
64,0.631578947368421
65,0.6363636363636364
66,0.8076923076923077
67,0.782608695652174
68,0.9523809523809523
69,0.8666666666666667
70,0.9
71,0.8571428571428571
72,0.5454545454545454
73,0.6875
74,0.6060606060606061
75,0.9285714285714286
76,0.9047619047619048
77,0.5588235294117647
78,0.631578947368421
79,0.8928571428571429
80,0.7241379310344828
81,0.9047619047619048
82,0.972972972972973
83,0.8
84,0.8518518518518519
85,1.0
86,0.7857142857142857
87,0.9
88,0.9523809523809523
89,0.8571428571428571
90,0.875
91,0.8461538461538461
92,0.6
93,0.7619047619047619
94,0.9130434782608695
95,0.6206896551724138
96,0.5652173913043478
97,0.6666666666666666
98,0.6538461538461539
99,0.8695652173913043
16
7
91
43
14
92
6
89
13
85
96
27
81
63
59
61
61
18
53
17
27
43
61
54
94
79
68
31
69
64
83
41
23
2
47
20
87
90
52
26
83
67
20
20
7
83
27
45
68
93
86
12
69
73
99
18
70
44
26
58
88
32
88
19
34
71
19
48
44
48
58
16
64
75
71
4
32
15
98
32
14
87
38
12
8
45
92
31
92
61
89
92
78
83
45
85
28
37
54
30
95
7
59
24
94
7
94
94
11
42
65
52
40
38
55
80
82
98
75
93
74
34
5
85
30
74
22
95
81
70
27
52
6
18
62
65
69
84
0
43
48
67
62
7
53
44
37
19
48
68
95
3
83
70
83
0
95
51
58
3
12
90
81
61
41
66
52
66
68
80
4
46
5
27
35
50
88
14
75
53
3
5
11
82
7
87
61
7
91
1
5
37
72
41
94
33
67
33
39
23
6
31
63
71
67
64
84
35
74
49
77
65
50
98
10
27
36
3
41
47
54
87
37
75
63
71
14
24
9
44
57
83
45
61
52
63
89
22
85
39
7
25
98
5
70
54
49
70
87
89
41
84
97
36
83
82
77
46
7
74
99
2
9
26
40
36
91
91
99
73
40
83
42
62
90
50
82
24
42
16
40
39
7
63
10
51
47
77
29
66
53
30
84
44
5
10
53
74
72
15
15
44
25
66
20
55
48
73
66
4
77
3
13
18
92
55
13
72
29
91
91
61
75
58
71
70
98
52
94
89
90
56
57
3
60
55
30
47
78
6
80
80
54
99
60
76
65
18
14
26
9
81
85
32
63
43
73
87
18
26
99
70
8
90
65
80
41
17
39
53
66
48
5
88
8
67
87
37
4
91
16
27
33
16
89
5
76
83
74
85
24
72
32
76
33
5
52
46
21
40
58
84
54
91
30
46
66
7
79
0
23
14
15
86
75
45
6
22
33
76
52
81
90
22
34
45
99
7
30
11
1
23
3
22
5
80
93
27
39
79
92
53
54
63
18
84
65
8
59
8
88
62
29
30
73
2
33
39
63
61
45
83
58
73
18
84
4
5
57
18
23
29
85
34
42
16
86
99
95
45
97
0
87
32
44
86
54
29
85
82
91
82
17
27
58
12
26
54
28
58
79
1
42
99
16
3
33
23
91
73
1
1
98
1
19
88
11
29
56
0
54
61
20
13
17
53
89
18
81
6
52
41
26
26
25
60
22
93
4
87
24
90
78
17
7
0
87
26
73
14
56
39
12
54
21
79
8
43
39
51
40
53
98
4
31
8
57
33
82
11
6
94
87
16
22
16
42
57
2
38
88
72
58
27
36
13
91
84
9
89
9
65
85
70
59
7
36
59
79
70
34
97
16
49
18
55
70
27
38
34
61
69
37
33
24
3
78
75
63
35
1
84
22
86
55
91
58
90
68
60
84
0
34
70
32
92
14
52
35
86
3
89
7
15
66
35
50
12
41
31
34
93
84
26
74
80
50
57
54
11
67
44
66
60
26
58
82
67
98
89
28
55
95
76
60
76
91
37
2
3
62
43
91
48
63
34
88
34
53
3
28
8
40
44
47
61
60
73
84
29
63
63
49
92
92
6
72
68
18
20
4
0
85
75
76
23
78
95
81
58
73
60
21
62
19
87
47
79
90
75
27
15
41
39
99
33
94
45
91
36
77
65
75
92
94
61
36
38
12
1
0
30
84
98
29
7
18
48
87
91
84
4
62
31
40
55
30
10
86
96
96
55
25
14
28
75
11
81
10
73
79
5
18
56
81
31
84
69
30
6
68
70
81
74
7
3
55
60
5
14
48
18
0
70
38
4
24
69
86
9
42
41
39
27
0
70
85
9
43
79
77
75
74
80
42
45
8
0
36
89
43
46
69
56
42
91
71
35
72
40
16
0
21
2
1
64
47
43
92
65
68
18
1
25
63
98
47
90
2
28
37
61
31
14
4
92
38
93
28
39
18
41
44
49
92
11
42
91
82
4
60
34
56
19
32
74
16
99
73
98
8
58
93
87
11
24
35
43
52
6
30
33
8
4
26
34
39
97
52
75
33
87
49
46
16
33
76
41
97
8
75
17
55
93
74
4
41
60
30
65
21
53
90
54
87
86
37
47
66
2
73
55
25
62
26
19
28
15
73
47
17
45
92
39
42
58
49
48
44
71
48
69
9
26
25
11
71
66
66
88
82
1
39
88
93
82
7
69
56
40
70
18
68
52
69
45
16
6
85
12
99
88
40
68
36
23
17
98
25
46
75
61
70
58
34
51
75
73
70
37
28
90
72
88
68
38
95
7
16
58
61
39
56
17
33
93
63
87
63
4
16
94
55
76
60
97
1
0
75
31
97
71
75
52
6
43
14
84
14
51
1
88
53
66
5
56
32
52
40
24
86
54
54
88
61
87
54
24
84
85
17
90
22
86
77
79
94
45
0
39
89
82
41
87
91
73
55
62
72
98
10
46
28
38
50
70
13
44
15
7
76
98
67
79
15
47
47
93
73
81
26
70
95
60
70
2
82
33
34
6
65
62
74
31
36
88
96
48
79
74
55
57
66
68
74
64
16
63
16
25
18
29
84
53
9
77
4
74
15
1
42
91
1
84
69
81
10
33
80
68
30
8
3
81
48
18
55
35
58
72
5
53
34
27
93
6
44
93
37
14
35
31
69
47
86
95
85
80
1
82
79
66
77
58
31
42
23
90
6
83
19
51
80
23
64
61
40
51
99
28
19
63
93
97
61
34
71
13
50
17
28
29
10
22
83
83
53
73
7
59
82
34
15
68
68
34
82
75
37
8
94
86
24
21
8
96
53
49
38
85
27
32
96
20
29
43
69
5
26
82
23
91
34
48
71
53
5
0
59
57
69
73
50
12
42
61
21
95
88
10
15
24
1
77
67
82
5
64
51
52
79
70
46
1
59
87
60
88
76
45
19
79
1
35
94
79
25
71
26
55
60
73
9
75
5
72
14
96
38
56
79
80
40
47
98
7
85
30
92
51
79
89
99
86
15
29
63
66
62
80
24
57
43
78
49
99
95
93
63
71
78
86
64
4
11
62
50
37
98
21
32
57
61
11
6
1
82
82
94
95
81
96
93
49
67
31
60
99
64
63
62
82
36
12
31
47
75
77
29
94
27
70
95
32
38
32
37
36
36
40
53
87
95
53
42
43
89
69
93
81
40
71
19
56
73
75
85
47
97
70
13
80
46
62
92
53
46
66
45
48
94
16
69
60
37
98
59
47
44
57
4
83
89
71
58
52
46
58
35
22
62
52
2
58
77
96
86
33
58
69
97
14
51
2
63
45
58
18
6
75
81
99
28
50
57
88
25
38
71
47
53
48
79
59
29
82
90
93
81
17
14
69
25
32
39
86
89
4
67
99
28
98
88
20
4
18
60
48
69
14
90
6
39
19
15
37
77
48
46
89
67
79
38
23
21
96
11
16
84
30
58
30
98
31
45
59
77
4
41
8
19
54
4
68
9
91
67
19
40
71
77
38
9
82
3
76
20
60
42
94
66
72
6
25
61
36
50
14
10
60
77
62
85
33
16
67
93
23
33
88
18
58
51
83
23
85
56
20
79
20
30
56
19
55
35
80
26
0
56
47
83
47
10
51
3
3
73
9
77
43
15
72
77
19
73
24
7
29
4
61
50
30
39
70
51
17
81
17
28
45
16
12
83
49
63
60
12
2
77
98
80
46
15
84
19
34
70
62
34
94
73
11
4
99
33
90
16
56
4
24
71
3
19
14
23
68
45
81
10
90
21
57
22
87
82
12
38
10
93
14
84
41
64
76
25
91
94
42
79
19
76
87
18
51
1
50
37
6
45
23
0
55
91
89
95
48
62
54
69
82
68
56
39
80
96
67
71
25
50
60
76
0
73
55
46
80
2
32
83
61
69
88
13
30
27
74
8
17
42
91
35
36
69
50
57
84
49
85
3
91
79
76
13
8
92
69
82
7
73
89
19
42
39
26
80
4
15
50
16
62
94
60
91
83
62
85
48
59
11
5
2
55
75
75
4
31
72
17
89
92
19
36
10
67
83
63
2
62
37
11
99
77
56
22
84
14
71
94
44
12
41
52
91
85
43
82
40
4
42
96
47
22
1
11
78
99
93
85
12
27
65
25
32
2
22
45
59
2
54
11
56
75
47
76
20
48
97
9
45
38
5
3
36
42
84
18
6
9
72
38
6
75
15
29
11
20
95
3
58
74
44
83
91
74
86
10
74
58
36
90
8
49
65
40
61
14
37
0
58
96
1
61
59
21
60
89
82
61
80
52
65
55
32
77
69
26
42
79
11
20
38
52
15
79
65
63
96
26
29
3
79
39
30
99
5
8
38
52
40
58
54
82
3
82
93
70
99
21
17
56
64
74
1
92
61
85
78
58
10
53
74
47
5
34
81
64
77
73
66
27
98
30
46
42
45
87
63
87
26
41
70
57
21
32
90
36
85
34
87
21
87
71
83
27
74
1
8
6
21
61
88
90
10
83
27
85
34
24
74
49
12
28
4
78
58
45
87
79
67
14
47
31
77
52
60
71
25
67
81
98
54
67
17
21
1
88
21
77
95
91
12
15
82
22
16
66
5
1
29
29
73
27
81
63
53
23
81
86
78
71
28
75
98
62
79
16
8
7
22
81
87
83
65
62
49
70
57
77
78
40
91
23
13
80
6
42
66
30
72
35
25
41
36
52
12
43
86
97
53
50
97
3
61
20
22
57
25
71
72
68
20
49
67
87
16
41
66
27
87
54
92
15
42
6
85
8
2
20
45
93
71
56
99
67
55
2
76
50
30
53
91
81
65
70
23
11
72
40
71
62
11
23
78
96
67
42
8
15
4
80
27
60
7
54
48
16
57
94
30
92
43
62
58
19
23
38
98
96
95
10
99
86
53
89
11
52
58
54
85
74
72
82
72
95
43
37
34
47
52
40
53
45
8
83
3
90
87
28
53
27
59
4
33
92
89
44
12
55
89
98
78
82
18
31
91
47
9
73
69
36
26
73
95
37
61
83
69
11
4
76
80
22
90
98
94
24
39
1
33
27
55
79
39
15
25
3
41
66
80
27
45
72
32
5
8
9
93
33
94
35
24
59
65
11
38
23
39
25
97
66
25
47
29
56
98
82
41
38
51
45
34
18
73
64
78
96
49
64
40
36
97
40
14
49
62
10
49
4
79
81
91
5
87
3
50
80
86
89
17
12
80
21
79
32
25
13
98
37
21
76
14
59
49
30
33
80
51
66
87
38
76
53
4
48
24
13
31
49
84
46
61
24
34
98
45
99
27
51
91
0
72
50
57
4
60
90
86
9
46
92
99
77
57
14
2
70
69
69
91
79
44
58
0
20
7
85
82
79
58
67
58
3
85
14
70
29
97
98
53
37
30
28
86
50
24
96
95
1
2
36
59
99
55
85
0
60
64
6
62
31
86
57
72
73
42
29
84
85
90
69
82
21
89
68
68
76
31
58
8
90
13
30
78
88
96
99
27
12
92
8
82
78
97
62
74
4
12
29
38
32
56
18
77
72
95
54
57
45
16
73
44
33
14
86
19
97
4
9
57
89
14
25
26
49
11
14
55
83
3
27
30
52
74
29
52
90
14
77
4
7
75
27
16
30
64
83
65
51
42
70
