overall_acc,0.8004
loss,[10.872818474731446, 6.242893922424316, 4.200088303222656, 3.261811147613525, 2.8164319332122805, 2.5932039381408694, 2.4857610356903077, 2.4167499434661863, 2.3724171992492677, 2.363255971069336, 2.3442154013061525, 2.327593352890015, 2.324523644104004, 2.317417707977295, 2.3078570878601075, 2.3093944834899904, 2.298815411682129, 2.3035123781585694, 2.2980840115356447, 2.3077983288574218, 2.3024588835144044, 2.3125981242370606, 2.3126471617889406, 2.3116210887146, 2.3195398082733156, 2.308259521408081, 2.3215810849761964, 2.3272617916870115, 2.329117178955078, 2.343065538406372, 2.352395260772705, 2.3477533002471924, 2.3660725482940674, 2.3720702993774414, 2.3877992990112307, 2.3832717874145506, 2.3862935665893557, 2.4049350302886965, 2.410907633666992, 2.41455672416687, 2.419592565155029, 2.4250933618927, 2.4305452108764647, 2.4596795248413086, 2.4527482817077635, 2.4572823612976076, 2.482427783508301, 2.4747556267166138, 2.480508502960205, 2.503404097442627, 2.4985053605651855, 2.49981666305542, 2.508944694366455, 2.5207096113586425, 2.52082929397583, 2.5354011142730712, 2.526107209777832, 2.536611968841553, 2.539528755722046, 2.5436127505493165, 2.016820820083618, 1.632723017501831, 1.4197560443878174, 1.2641868701171874, 1.1595246955108642, 1.1000565578460693, 1.0876466383361816, 1.077459674243927, 1.0647152520370484, 1.0578095984649658, 1.064707836227417, 1.0657459999465941, 1.0671947951507568, 1.081093075942993, 1.0805498162460327, 1.083973480949402, 1.090734768257141, 1.098292583656311, 1.097538775253296, 1.090318682975769, 1.1198529692840575, 1.1092798421096801, 1.115498452796936, 1.1161823962402344, 1.1252173304748536, 1.1077601391601561, 1.1181774449920654, 1.1320730013656617, 1.1355402602005005, 1.1196076889419555, 1.1385934984588624, 1.1430004064941406, 1.1425897595214844, 1.1394715201568604, 1.1433659003829957, 1.13975262966156, 1.1534346201324464, 1.1641411583709718, 1.1642092515945435, 1.1631166397094728, 1.1633694290924073, 1.16188431350708, 1.156437688999176, 1.165778858604431, 1.1662472357177733, 1.1684826020812988, 1.164161410446167, 1.1796313348388672, 1.1764848492813111, 1.190423895111084, 1.1760971854019164, 1.1700960858154297, 1.1819256134796143, 1.18339750705719, 1.1919257431793213, 1.199119953842163, 1.184909046974182, 1.1815326371002197, 1.1940198517608642, 1.1970045748901368, 1.0595157542037963, 0.9727478994369507, 0.9358238006782532, 0.9048279694366456, 0.8752022113800049, 0.8481973866271972, 0.8212896839904785, 0.7960241455459595, 0.7712680400848388, 0.7480177537918091, 0.7250046325683593, 0.7027554050445557, 0.6813857715034485, 0.6609198778915405, 0.6409727678108216, 0.6213816160583496, 0.6024245668983459, 0.5841793737030029, 0.5664996195220947, 0.5496370059967041, 0.5327772288322449, 0.5166122654724121, 0.5008660876464843, 0.4859490682888031, 0.47134982929229735, 0.4570685251903534, 0.44338825735092163, 0.43001966660499574, 0.41702898880004885, 0.40450924457550047, 0.3924846265792847, 0.3806689252090454, 0.3692687707424164, 0.3583794484424591, 0.34857448042869565, 0.33781394598007203, 0.3276126947116852, 0.31782971534729004, 0.3082080990219116, 0.29920376876831056, 0.2934750459861755, 0.2915105726337433, 0.289706771736145, 0.2880112566661835, 0.2861503472137451, 0.28446537923812865, 0.28267926745414734, 0.2809655480670929, 0.27921626747131345, 0.27753658475875853, 0.2759528501987457, 0.2741722922229767, 0.27259099838256834, 0.27093987277030945, 0.269252534236908, 0.2676099903297424, 0.2660417794704437, 0.264419026927948, 0.26287190900802615, 0.26124632402420045, 0.2596602476978302, 0.258078967628479, 0.25649676935195925, 0.2550011861038208, 0.25344564492225646, 0.2518866323852539, 0.25040414638519287, 0.24885369748592376, 0.24743260365962982, 0.24589413679122923, 0.2444133970785141, 0.24295153041839598, 0.2415127046251297, 0.24002043213367463, 0.23860629443645479, 0.23719035547733308, 0.23568463875293733, 0.23433402614593507, 0.23289427713394165, 0.23153904295921326]
0,0.9565217391304348
1,0.9354838709677419
2,0.782608695652174
3,0.8275862068965517
4,0.8709677419354839
5,0.7916666666666666
6,0.7391304347826086
7,0.8461538461538461
8,1.0
9,1.0
10,0.35
11,0.6190476190476191
12,0.85
13,0.6086956521739131
14,0.8518518518518519
15,0.8333333333333334
16,0.8846153846153846
17,0.9047619047619048
18,0.7058823529411765
19,0.8
20,0.8333333333333334
21,0.8947368421052632
22,0.9411764705882353
23,0.8846153846153846
24,0.8260869565217391
25,0.6666666666666666
26,0.875
27,0.75
28,0.84
29,0.7241379310344828
30,0.8148148148148148
31,0.84
32,0.7727272727272727
33,0.5862068965517241
34,0.84
35,0.5909090909090909
36,0.9047619047619048
37,0.7894736842105263
38,0.8461538461538461
39,0.9565217391304348
40,0.7857142857142857
41,0.9545454545454546
42,0.782608695652174
43,0.8260869565217391
44,0.6086956521739131
45,0.6578947368421053
46,0.5
47,0.7391304347826086
48,1.0
49,0.9411764705882353
50,0.7272727272727273
51,0.7619047619047619
52,0.85
53,0.9310344827586207
54,0.9545454545454546
55,0.7619047619047619
56,0.9090909090909091
57,0.6785714285714286
58,0.8571428571428571
59,0.7916666666666666
60,0.7777777777777778
61,0.8275862068965517
62,0.8076923076923077
63,0.7083333333333334
64,0.631578947368421
65,0.6363636363636364
66,0.7307692307692307
67,0.6521739130434783
68,0.9523809523809523
69,0.8666666666666667
70,0.9
71,0.9047619047619048
72,0.4090909090909091
73,0.6875
74,0.5454545454545454
75,1.0
76,0.9047619047619048
77,0.6470588235294118
78,0.7368421052631579
79,0.7857142857142857
80,0.7586206896551724
81,0.8571428571428571
82,1.0
83,0.9333333333333333
84,0.8518518518518519
85,0.9333333333333333
86,0.8214285714285714
87,0.9
88,0.9523809523809523
89,0.8928571428571429
90,0.8333333333333334
91,0.9230769230769231
92,0.68
93,0.8095238095238095
94,0.9565217391304348
95,0.6206896551724138
96,0.5652173913043478
97,0.75
98,0.6153846153846154
99,0.9130434782608695
16
7
91
43
14
92
6
89
13
85
47
27
81
63
59
61
78
18
53
17
27
43
10
54
25
79
68
31
69
64
83
41
23
2
47
20
87
90
52
26
83
67
20
20
7
83
27
45
68
93
86
12
60
25
99
1
62
80
26
58
88
64
88
19
3
23
19
48
91
48
58
16
63
75
55
4
32
15
98
32
14
87
38
12
8
45
92
31
62
61
89
92
78
83
26
85
28
37
54
30
95
7
59
24
94
7
94
94
11
42
65
52
40
97
55
43
82
80
75
51
50
34
5
85
30
74
22
95
81
92
27
52
18
44
92
65
69
84
0
43
48
67
62
7
83
44
90
19
8
68
72
3
83
70
83
0
95
51
58
42
89
90
81
61
41
66
52
66
68
80
4
46
25
27
35
50
88
14
75
53
3
5
35
82
7
81
61
7
91
1
5
17
72
41
94
33
67
8
39
23
28
31
63
71
67
83
91
9
74
49
77
26
50
15
51
55
36
3
41
47
54
87
37
75
63
71
7
24
9
78
57
83
45
10
52
42
89
22
85
39
7
25
98
50
70
70
49
70
87
89
41
79
97
36
83
82
77
46
7
74
80
2
9
91
40
36
91
91
99
73
40
83
42
62
90
50
82
24
65
16
40
39
7
63
10
51
96
77
29
66
53
30
84
44
5
26
53
74
72
15
15
44
25
66
77
55
48
73
63
64
77
3
13
18
92
55
13
51
29
91
91
61
75
13
71
70
98
52
94
89
90
56
57
43
60
81
30
59
78
6
80
80
54
99
60
76
92
18
14
26
9
90
85
32
63
43
73
87
44
26
99
70
8
90
65
80
41
17
39
53
66
48
5
88
12
50
87
37
40
91
16
27
33
16
89
5
76
83
74
85
24
72
32
76
45
5
52
32
74
40
58
84
54
91
38
35
66
41
79
0
23
14
15
86
75
45
6
22
96
76
52
41
49
22
34
45
48
45
30
2
1
23
3
22
5
80
93
18
39
79
62
53
54
63
18
84
12
8
59
8
88
62
29
73
73
2
33
39
4
22
45
83
58
73
18
84
4
5
26
18
23
29
85
34
64
16
86
26
95
45
97
0
41
93
44
86
54
29
85
82
91
82
17
80
58
12
26
54
28
58
79
1
4
99
57
3
33
23
91
73
1
1
35
22
19
88
11
29
56
0
54
61
20
13
17
53
89
18
81
6
96
41
26
26
25
60
22
73
4
47
24
90
78
17
7
0
87
26
73
14
56
46
12
54
21
79
8
43
39
51
40
53
98
4
31
8
57
33
82
35
6
94
87
64
22
16
63
57
2
4
88
55
58
27
36
13
91
84
9
85
9
65
85
70
59
90
2
59
79
70
34
97
16
49
18
55
70
27
38
34
61
69
37
33
24
3
78
75
33
2
1
84
22
86
4
91
58
90
68
60
84
0
34
54
32
92
14
49
35
86
3
89
44
15
66
35
50
12
41
31
34
93
84
26
74
80
50
57
54
11
67
44
66
60
26
58
82
50
98
89
28
55
95
76
60
76
91
37
2
4
62
43
91
48
27
44
33
34
53
3
28
8
29
44
47
61
60
73
61
26
63
66
49
92
92
6
55
87
18
20
55
0
85
75
18
23
66
95
81
58
73
60
21
14
19
87
47
79
90
75
27
15
41
39
99
46
94
45
91
36
77
3
75
62
94
61
50
38
12
1
0
30
84
98
29
7
18
48
89
91
84
29
62
31
40
55
30
43
86
96
18
65
20
14
28
75
2
81
10
44
79
5
33
56
81
15
84
69
30
6
68
70
94
74
7
80
55
60
84
14
48
18
0
70
38
4
24
69
86
9
42
41
39
27
0
70
85
9
43
79
77
75
74
80
42
45
8
0
36
89
4
46
69
56
42
22
71
98
55
40
16
0
21
2
1
64
47
43
83
75
68
18
1
25
96
46
47
90
2
28
37
61
31
14
4
92
38
93
28
39
18
41
44
49
92
11
85
91
82
4
60
34
56
19
32
74
16
99
49
98
8
58
93
87
35
79
35
43
52
6
4
27
8
63
26
34
39
97
52
75
33
87
49
46
16
33
76
41
97
8
75
17
80
93
44
4
41
49
30
31
21
77
90
54
87
86
37
47
66
2
73
55
83
62
26
19
28
15
14
47
17
45
92
39
42
58
49
48
44
71
48
69
9
26
16
46
23
66
66
88
82
1
39
88
93
82
7
17
56
40
70
54
68
52
69
45
16
62
85
12
99
88
40
68
36
23
17
87
25
46
75
61
70
58
88
51
75
73
70
37
28
90
55
88
68
38
93
6
16
58
61
39
56
17
33
77
50
87
75
4
16
94
55
76
60
97
1
0
75
31
55
71
75
52
6
43
14
84
14
39
1
88
53
66
5
56
32
52
40
24
86
54
54
88
61
87
54
24
40
85
17
90
22
86
77
79
94
45
0
39
89
82
41
87
91
73
4
62
55
98
77
11
28
38
27
70
13
7
15
24
76
98
51
79
15
47
47
93
73
81
26
70
95
60
70
11
82
37
34
6
65
62
74
31
36
88
52
48
79
74
55
83
66
68
74
64
16
61
16
84
18
29
63
53
9
38
74
74
15
1
78
72
1
84
69
81
10
33
80
68
30
8
3
81
57
18
45
35
28
74
5
53
34
27
93
18
44
93
37
91
35
31
69
47
57
95
85
80
1
82
45
66
57
58
31
42
23
90
6
83
31
51
80
23
64
61
40
51
99
28
19
63
93
97
78
34
71
13
74
17
28
29
10
53
83
83
53
73
7
59
82
34
15
68
68
34
82
75
37
8
94
16
24
21
8
52
53
49
38
85
27
32
96
20
29
43
69
94
26
92
23
91
34
48
71
53
25
0
59
57
69
73
50
12
42
61
21
65
88
28
15
24
1
77
67
82
5
64
51
47
79
70
46
1
59
87
60
88
76
45
19
6
1
35
94
15
16
71
26
30
60
73
9
75
5
55
27
59
38
56
45
64
40
47
98
7
85
30
92
51
79
89
99
86
15
29
63
66
62
80
24
57
43
78
49
99
95
93
55
71
78
86
64
4
11
62
50
37
98
21
32
57
61
2
6
92
82
82
94
95
81
96
93
33
67
31
90
26
90
63
62
82
36
12
31
47
75
77
29
94
27
70
95
32
38
32
37
2
65
40
53
87
95
53
42
43
89
69
93
81
84
71
31
56
73
75
90
47
97
92
13
42
46
83
92
53
46
50
70
48
94
10
69
60
42
35
59
52
44
57
4
83
89
71
12
52
46
12
98
22
62
52
11
58
77
96
86
33
58
69
97
14
51
2
63
42
58
42
6
75
81
99
28
50
57
88
25
38
71
47
53
48
79
59
29
82
90
93
81
17
14
69
25
32
39
74
89
55
67
99
28
98
88
20
64
18
71
48
69
18
40
6
39
19
19
37
83
48
57
89
73
77
38
23
21
96
11
41
84
30
58
30
98
31
83
59
77
64
41
8
19
54
4
68
9
91
67
3
40
71
57
38
9
82
3
76
20
60
42
94
66
72
14
25
61
36
4
14
10
60
14
62
44
75
39
67
93
23
33
88
18
58
51
83
23
85
56
20
79
20
30
47
19
4
40
18
26
0
56
59
92
59
83
51
46
3
73
9
79
43
15
72
77
19
73
24
7
29
4
61
50
30
39
26
19
51
9
17
28
45
90
12
83
49
63
71
12
11
77
35
31
46
15
84
19
64
70
62
34
94
30
11
41
99
33
90
16
56
4
24
71
3
19
14
23
68
91
81
61
90
21
57
22
87
82
12
38
10
93
77
84
41
31
76
25
91
94
42
79
19
76
87
18
51
1
50
94
6
45
23
0
55
91
48
95
48
45
54
69
82
68
56
86
80
12
67
71
25
50
60
79
0
44
55
46
29
2
32
92
61
69
97
13
30
27
74
8
17
42
91
11
36
69
50
57
84
95
85
21
91
44
76
13
8
92
69
82
7
73
89
66
42
39
26
80
4
15
74
16
62
94
60
75
83
62
85
48
59
11
5
11
44
75
75
4
3
72
17
89
92
19
36
22
67
83
63
2
62
37
2
99
77
56
22
84
14
71
94
44
12
41
52
91
85
43
82
40
50
42
96
47
22
1
11
78
72
93
85
51
63
65
25
44
2
86
44
59
2
54
35
56
75
47
76
20
48
97
9
91
38
5
3
36
43
40
18
6
9
72
38
14
75
15
29
11
20
95
3
90
74
99
83
91
74
86
10
74
58
36
90
8
49
65
40
61
14
81
0
58
96
1
61
59
21
60
89
82
61
80
52
65
55
32
77
69
26
42
79
46
20
38
52
15
7
65
63
96
26
29
3
79
39
30
99
5
8
19
52
40
58
54
82
3
82
93
70
99
21
17
56
64
74
1
92
61
85
78
58
10
53
79
47
5
34
81
64
77
30
66
63
35
93
46
14
74
87
72
87
26
41
70
91
21
32
90
36
85
3
87
21
87
71
53
27
74
1
8
93
98
61
88
90
10
83
21
58
34
24
74
49
12
28
79
78
58
45
87
79
32
14
47
31
77
59
49
71
25
67
81
41
54
67
17
21
1
88
21
77
95
91
12
15
82
22
16
66
25
1
34
29
73
27
81
63
53
23
81
86
78
71
28
75
35
62
79
16
8
7
22
13
87
83
65
62
49
70
57
63
78
40
91
23
13
80
6
42
97
30
55
35
25
41
36
52
12
43
86
97
53
50
97
3
61
20
22
57
25
71
72
68
20
49
67
87
16
41
66
27
10
51
1
15
42
6
85
8
2
5
45
5
71
56
99
67
44
2
76
50
30
53
91
81
65
92
23
35
72
40
80
62
11
23
78
96
67
26
8
15
4
80
27
60
7
54
48
16
57
94
30
54
43
62
58
19
23
38
40
47
95
10
99
86
53
89
11
52
58
54
85
74
66
82
72
69
43
81
34
47
52
40
53
45
8
83
3
90
5
28
53
27
59
4
33
92
89
44
44
4
89
98
78
82
91
31
91
47
9
73
69
36
2
91
95
37
61
83
69
11
3
76
18
78
90
2
94
24
39
1
33
90
55
79
39
15
99
3
41
66
80
27
45
4
32
5
45
9
93
33
36
35
24
56
65
11
38
23
39
25
97
58
46
47
93
56
98
82
41
38
51
44
19
18
95
64
78
96
49
64
40
36
97
40
18
49
62
10
56
4
79
81
91
5
87
3
50
80
86
89
17
12
80
46
24
32
40
13
98
37
21
76
14
59
49
30
33
80
51
66
87
38
63
53
4
48
24
13
31
29
84
46
61
24
34
98
45
99
74
51
91
0
72
50
57
4
60
90
86
9
11
92
99
77
57
62
2
70
69
69
32
79
44
58
0
20
7
50
82
79
58
95
58
75
85
14
70
44
97
46
53
37
73
28
86
50
24
31
95
1
2
36
59
99
91
85
0
71
64
82
62
31
86
10
72
73
33
91
84
85
90
69
82
21
89
68
68
76
31
58
8
81
13
30
78
88
47
99
44
12
92
8
82
78
97
62
50
4
12
29
97
80
56
18
6
3
95
54
0
45
16
73
29
33
79
86
19
97
4
9
57
89
14
25
26
49
11
14
80
83
75
27
30
52
74
29
96
90
14
77
4
7
75
27
16
30
90
83
14
51
42
70
