overall_acc,0.7876
loss,[10.845375864257813, 6.220895848388672, 4.184580149765015, 3.2566857062530516, 2.8185234340667726, 2.595002523651123, 2.477518188781738, 2.4181162619781493, 2.3825078521728518, 2.3547002912902832, 2.3320085064697267, 2.3258051625823977, 2.328310318450928, 2.307869443359375, 2.300357507171631, 2.3053412861633302, 2.3040479918670655, 2.2984200804138184, 2.2932667765808104, 2.295430549240112, 2.303885489501953, 2.295099628753662, 2.3068974226379395, 2.306955432891846, 2.304562638320923, 2.3172072769165037, 2.3211509494018556, 2.3201385095977782, 2.3312724113464354, 2.327755358581543, 2.3466482836914064, 2.3418086476135254, 2.3599478855895994, 2.361667611694336, 2.35789046875, 2.3670595207977296, 2.3836776206970214, 2.383556000518799, 2.4031163479614257, 2.410280125427246, 2.41154600479126, 2.4223870473480225, 2.4350908205413817, 2.4427611378479006, 2.456495515670776, 2.4567013384246827, 2.4686729945373536, 2.481243580932617, 2.4881807817077637, 2.48793503364563, 2.4923137419128416, 2.506180006866455, 2.4991788813781737, 2.523559362030029, 2.530294899368286, 2.5384533275604246, 2.522037137451172, 2.5339772694396974, 2.5317278028869628, 2.549499447479248, 2.015559275894165, 1.6289864191436767, 1.4077190301513671, 1.2579156322479248, 1.1575226230239868, 1.093817122039795, 1.0654612821197509, 1.0536348796463013, 1.049545329017639, 1.0496309541702271, 1.0634313458251954, 1.0621622106170654, 1.065850471420288, 1.0607142772483826, 1.0615653350639342, 1.08504840259552, 1.0791103519439698, 1.0789444266510009, 1.0943932328796386, 1.1046388975906372, 1.0918735512161255, 1.097630528678894, 1.0956461782836915, 1.1012838232040405, 1.107207578315735, 1.1163014225006103, 1.1193210374832154, 1.1402660554504394, 1.1244915762329102, 1.1362841329574584, 1.1269370585250855, 1.1263400637054444, 1.1422949632644652, 1.143980777206421, 1.1385568980407714, 1.1357015506744386, 1.1458014752960206, 1.1572108340835572, 1.1458674047470092, 1.1587729428482056, 1.1561641231155395, 1.154056662902832, 1.150452126159668, 1.1439431492996215, 1.1568814512634278, 1.1689236855316163, 1.1608829542922974, 1.1765113474655151, 1.1683104809951783, 1.1717790832519532, 1.1776694271850585, 1.1658840740585328, 1.1794366339874267, 1.182777709312439, 1.1733358278656005, 1.1756478318023682, 1.195335224571228, 1.1891781917572022, 1.1826652308273315, 1.1782709962463378, 1.0492721361541748, 0.9627216285514831, 0.9259407888412475, 0.8948418780899048, 0.8659461964416504, 0.8386669995117187, 0.8127057725143433, 0.7875736768722534, 0.7626507446861267, 0.7397140994262695, 0.7168329351425171, 0.6951091409111023, 0.6740625756645202, 0.6535671737480163, 0.6335757389450073, 0.6144009869766235, 0.5957743865966797, 0.5778117986488343, 0.5601476057052612, 0.5433257929992675, 0.5269524084854126, 0.5108059016609192, 0.49528773308753965, 0.4805955931377411, 0.46645689184188843, 0.4525146940612793, 0.4387976144218445, 0.4254066180038452, 0.4127041099357605, 0.4000743263530731, 0.3881413673400879, 0.3765395917415619, 0.3652043061542511, 0.35469164704322814, 0.3442448851490021, 0.33374091017723084, 0.3235113433074951, 0.31396922716140746, 0.304654308013916, 0.2958641628265381, 0.2899911289310455, 0.2882811179351807, 0.2864629085254669, 0.28471160881996155, 0.28301858540534974, 0.28113240564346315, 0.27949124526977537, 0.277800532951355, 0.27609244897842405, 0.27442889181137087, 0.2727561424255371, 0.27110142627716066, 0.26946411356925964, 0.2678166952228546, 0.26618954600334166, 0.26461851570129397, 0.262995401096344, 0.26141761288642884, 0.2598405145740509, 0.25828664024353026, 0.2566796215820312, 0.25517858872413635, 0.2536196946620941, 0.25211502473831177, 0.25057270587921143, 0.24910146456718446, 0.2475022648000717, 0.24612162324428558, 0.2445363093805313, 0.2431193586874008, 0.24162180550575257, 0.2401696083211899, 0.23873751620292663, 0.23728844199180604, 0.23585193406581878, 0.23447352470874785, 0.23302885110855104, 0.23163614238262176, 0.2302499341440201, 0.22886362134456634]
0,0.9130434782608695
1,0.9354838709677419
2,0.7391304347826086
3,0.7241379310344828
4,0.7096774193548387
5,0.75
6,0.782608695652174
7,0.8461538461538461
8,1.0
9,1.0
10,0.3
11,0.38095238095238093
12,0.9
13,0.5652173913043478
14,0.7407407407407407
15,0.8333333333333334
16,0.8461538461538461
17,0.9047619047619048
18,0.7941176470588235
19,0.84
20,0.8888888888888888
21,0.8947368421052632
22,0.9411764705882353
23,0.8846153846153846
24,0.8695652173913043
25,0.5
26,0.7916666666666666
27,0.8333333333333334
28,0.8
29,0.6896551724137931
30,0.7407407407407407
31,0.76
32,0.6818181818181818
33,0.6206896551724138
34,0.88
35,0.45454545454545453
36,0.9523809523809523
37,0.7894736842105263
38,0.8461538461538461
39,0.9565217391304348
40,0.8571428571428571
41,0.9090909090909091
42,0.782608695652174
43,0.8695652173913043
44,0.6521739130434783
45,0.6578947368421053
46,0.5454545454545454
47,0.6956521739130435
48,1.0
49,0.8235294117647058
50,0.7272727272727273
51,0.7619047619047619
52,0.9
53,0.9310344827586207
54,0.9545454545454546
55,0.5238095238095238
56,0.8636363636363636
57,0.6428571428571429
58,0.8571428571428571
59,0.75
60,0.7777777777777778
61,0.6896551724137931
62,0.8461538461538461
63,0.75
64,0.7894736842105263
65,0.7727272727272727
66,0.8076923076923077
67,0.7391304347826086
68,0.9523809523809523
69,0.8666666666666667
70,0.8666666666666667
71,0.8095238095238095
72,0.45454545454545453
73,0.71875
74,0.6666666666666666
75,0.8928571428571429
76,0.8571428571428571
77,0.6176470588235294
78,0.7894736842105263
79,0.8571428571428571
80,0.6896551724137931
81,0.9047619047619048
82,0.972972972972973
83,0.8
84,0.8888888888888888
85,0.9333333333333333
86,0.8214285714285714
87,0.8666666666666667
88,1.0
89,0.8571428571428571
90,0.875
91,0.8717948717948718
92,0.6
93,0.8571428571428571
94,0.9565217391304348
95,0.5862068965517241
96,0.5652173913043478
97,0.7916666666666666
98,0.6153846153846154
99,0.8695652173913043
16
7
91
43
14
92
6
89
13
85
47
27
81
63
59
61
78
45
53
17
27
43
10
54
87
79
68
99
69
64
83
41
23
35
47
20
87
90
52
26
83
64
20
20
7
83
27
45
68
93
86
12
69
78
99
44
62
44
26
58
88
64
88
19
34
23
19
48
91
48
58
16
63
3
71
4
32
55
98
32
14
87
38
12
8
45
92
31
92
10
89
92
78
83
26
85
28
37
54
37
95
7
59
24
94
7
94
94
11
42
65
52
40
38
55
80
82
46
75
51
74
34
5
85
30
74
22
95
81
92
27
52
6
44
62
65
69
84
0
43
48
67
62
48
53
44
37
19
8
68
64
3
83
70
83
0
95
51
58
42
81
90
81
61
41
66
52
66
68
80
43
46
5
4
35
50
88
19
75
53
3
5
98
82
7
81
61
7
91
1
5
37
72
41
94
33
67
39
39
23
86
31
63
71
67
37
10
84
74
33
77
65
50
55
51
55
36
3
41
47
54
81
37
75
74
71
14
19
9
78
57
83
45
10
52
63
89
22
85
39
7
25
98
24
70
70
49
70
87
89
41
27
97
36
83
82
6
11
7
74
80
2
9
91
40
36
32
91
99
73
79
83
42
62
90
50
82
24
42
16
40
39
7
63
10
51
96
77
29
66
53
30
84
44
5
26
53
74
72
15
15
44
5
63
16
55
48
73
63
64
77
3
13
18
92
55
13
93
29
91
91
99
75
58
71
70
98
52
94
89
90
56
57
43
60
84
30
47
78
6
80
80
54
99
60
69
54
18
14
26
9
81
85
32
63
43
73
87
44
26
99
70
8
90
65
80
41
17
39
53
66
48
20
88
8
97
87
37
40
91
16
4
33
16
89
5
76
83
74
85
24
3
32
76
45
84
52
46
72
40
58
84
6
91
63
98
66
41
79
0
23
14
15
86
75
45
6
22
33
76
52
81
90
22
34
45
48
55
30
2
1
23
3
22
5
80
93
27
39
69
62
53
54
63
18
84
66
8
59
8
88
62
29
73
73
2
33
39
63
22
45
83
58
73
18
84
4
5
57
18
23
29
85
34
85
16
86
26
95
45
97
0
86
98
44
86
54
29
85
82
91
82
17
4
85
12
26
54
28
58
79
1
45
99
57
80
56
23
91
73
1
1
35
1
19
88
11
29
56
0
54
61
20
37
17
53
89
18
81
6
47
41
26
26
25
60
22
73
4
47
24
44
78
17
7
0
87
26
73
14
56
18
12
54
21
79
8
43
39
51
40
53
98
4
31
8
57
33
88
35
6
94
94
65
22
16
64
57
2
38
88
72
58
27
36
13
91
84
9
89
9
65
85
70
59
90
2
59
79
70
34
97
86
49
18
55
70
27
38
34
61
69
37
64
24
3
78
51
74
2
1
84
22
86
55
91
13
90
68
60
84
0
34
54
32
92
14
52
35
86
3
89
18
15
66
35
50
12
41
31
34
93
84
26
74
44
50
57
54
11
73
44
66
60
26
58
82
67
98
89
28
55
95
76
60
76
91
37
2
3
62
43
91
48
27
44
42
34
53
3
28
8
40
44
47
61
60
73
61
29
66
42
49
92
92
45
57
87
18
20
55
0
85
65
18
23
66
95
81
58
73
60
21
92
19
87
47
79
90
75
73
15
41
39
99
33
94
45
91
36
77
3
75
62
94
61
50
38
12
1
0
30
84
98
29
7
18
48
87
91
84
63
62
31
40
42
30
43
86
47
18
98
25
14
28
75
2
81
22
73
79
5
88
56
81
31
84
69
30
6
68
70
81
74
7
80
55
60
5
14
48
18
0
70
38
4
24
69
86
9
42
41
39
27
0
70
85
9
43
79
77
75
74
80
42
45
8
0
36
89
4
46
69
56
63
22
71
98
72
40
16
0
21
2
1
64
47
43
83
75
68
44
1
25
96
46
47
90
46
28
37
61
31
9
4
92
38
93
28
39
18
41
44
49
1
11
19
91
82
4
60
34
56
19
32
74
86
99
49
98
8
58
93
87
11
24
35
43
52
6
4
27
8
63
26
34
39
97
37
75
33
87
49
46
16
33
76
41
97
8
75
17
63
93
27
4
41
60
67
31
21
77
90
54
87
86
37
52
75
2
73
55
25
62
26
19
28
15
14
59
17
45
92
39
42
13
49
48
44
71
48
69
9
26
16
11
71
66
66
88
82
1
39
88
93
82
18
17
56
40
70
1
68
52
81
45
16
62
85
12
99
88
40
68
36
60
17
87
20
46
75
61
70
58
88
51
75
73
70
37
28
90
55
88
68
38
73
6
16
58
61
39
56
17
96
77
50
87
63
4
16
94
55
76
60
97
1
0
75
42
27
71
75
52
6
43
14
84
14
51
1
88
53
66
5
56
32
52
40
24
86
54
54
88
61
87
54
24
16
85
17
90
22
86
77
79
94
45
0
39
89
82
41
87
91
73
72
62
3
98
63
46
28
38
72
70
13
7
15
24
76
98
73
79
15
47
47
93
73
81
26
70
95
60
70
2
82
66
34
6
65
62
74
31
36
88
96
48
79
74
50
83
66
68
4
64
16
63
16
84
18
29
84
53
9
38
75
74
15
1
45
74
1
84
69
90
10
33
80
68
30
8
3
81
48
18
44
35
20
93
5
53
34
27
93
18
44
93
85
18
11
31
69
47
57
95
85
80
1
82
26
66
44
58
31
42
23
90
18
83
31
51
80
23
64
61
40
51
99
28
19
63
26
97
78
34
90
13
74
17
28
29
10
61
83
83
53
73
7
59
82
34
15
68
68
34
82
75
37
8
94
86
24
21
8
96
53
49
38
13
27
32
96
20
29
43
69
94
26
54
23
91
34
48
23
53
5
0
59
10
69
73
27
12
42
61
21
65
88
28
78
24
1
77
67
82
5
64
51
59
79
54
46
16
59
87
60
88
76
45
19
7
1
35
94
80
16
71
26
55
60
73
9
75
5
72
27
32
38
56
45
80
40
47
98
7
85
30
92
51
79
13
99
86
15
29
63
66
62
80
24
57
43
78
49
99
95
93
55
12
78
86
64
4
23
62
50
17
5
21
32
57
61
98
6
1
82
82
94
95
81
96
93
49
67
31
60
26
74
63
62
82
36
12
31
47
75
77
29
94
27
70
95
32
38
67
37
2
65
40
53
87
95
53
42
43
89
69
93
81
84
71
31
33
91
75
90
47
97
62
81
33
46
62
92
53
46
66
45
48
94
61
69
60
42
98
59
52
44
57
4
83
89
71
68
52
32
58
98
22
62
52
2
58
77
96
86
33
58
69
97
14
51
2
4
45
58
42
6
75
81
99
28
50
57
88
25
38
71
47
53
48
79
59
29
82
90
18
81
17
14
69
25
32
39
14
89
4
67
99
28
98
88
20
4
18
71
48
69
18
15
6
39
25
15
37
83
48
15
89
67
77
38
23
21
96
11
16
84
30
58
30
98
31
45
59
77
74
41
8
19
54
4
68
9
91
67
19
40
71
57
38
9
82
3
76
20
60
42
94
66
72
6
25
61
36
50
24
10
60
18
62
85
66
48
67
93
23
33
88
18
58
51
83
23
85
56
20
79
20
30
96
19
4
98
18
26
0
56
47
51
52
18
51
46
3
73
9
77
43
15
72
77
19
73
24
7
90
4
61
50
30
39
22
19
42
9
17
28
45
16
12
41
49
63
71
12
2
51
11
3
46
15
84
19
64
70
62
34
94
30
11
74
99
33
90
16
56
4
24
71
3
19
14
23
68
45
81
10
90
21
57
22
87
82
12
38
10
93
93
84
41
64
76
25
91
94
42
79
19
76
87
18
51
1
50
37
6
45
23
0
55
91
89
95
48
45
54
69
82
68
56
86
80
51
67
71
25
50
60
79
0
44
74
46
93
2
32
92
22
69
97
13
30
27
74
8
17
42
91
98
36
69
50
57
84
76
85
21
91
79
76
13
8
92
69
82
7
73
89
51
42
39
45
80
4
15
50
16
62
94
60
91
48
62
85
48
33
11
5
11
18
75
75
4
31
67
17
89
92
19
36
22
67
83
63
2
92
37
11
99
77
56
22
84
14
71
94
44
12
41
52
91
85
43
82
40
50
42
96
52
22
1
11
78
4
93
85
18
63
65
25
44
2
22
44
59
2
54
98
56
75
52
76
20
48
97
9
78
38
5
3
36
43
84
18
6
9
72
38
82
75
15
29
2
20
95
3
58
74
44
83
91
74
86
10
64
58
36
90
8
1
65
40
25
14
37
0
58
96
1
61
59
21
60
89
82
61
80
52
65
55
32
77
69
26
42
79
46
20
38
52
15
7
65
63
47
26
29
3
79
39
30
99
5
8
43
52
40
58
54
82
3
82
93
70
99
21
17
56
64
74
1
92
61
85
78
58
10
53
74
47
5
34
81
64
77
73
66
63
35
30
46
14
74
87
63
87
26
41
70
57
21
32
90
36
85
3
87
21
87
71
53
27
74
1
8
93
98
61
88
90
10
83
91
85
34
24
74
49
12
28
50
44
58
45
87
79
63
14
47
31
77
52
52
71
5
67
81
2
54
67
17
21
1
88
21
77
95
91
12
15
82
22
16
66
5
1
29
29
73
27
81
63
53
23
16
86
78
71
28
75
35
62
79
16
8
7
22
81
87
83
65
62
49
70
57
18
66
40
91
23
13
80
6
42
97
30
3
35
94
41
36
52
12
43
86
97
53
50
97
72
61
20
22
57
25
71
72
68
20
49
67
87
16
41
66
72
10
51
1
15
42
6
85
8
2
5
45
85
71
56
99
67
78
2
76
50
30
53
91
81
65
70
23
11
72
40
71
62
11
23
78
96
67
36
8
15
4
80
27
60
7
54
48
16
57
94
30
92
43
62
58
19
23
38
40
33
95
22
99
86
53
89
11
52
58
54
85
74
72
82
72
35
43
81
34
47
52
40
53
45
8
83
3
90
40
28
53
27
59
4
33
92
89
44
12
55
89
98
78
82
91
31
91
47
9
73
69
36
45
91
95
37
61
83
69
46
64
76
84
82
90
98
94
24
39
1
33
74
55
7
39
15
78
3
41
66
80
27
45
4
32
5
45
9
93
33
8
35
24
59
65
11
38
23
39
25
97
58
46
52
72
56
98
82
41
38
51
45
19
18
73
64
78
96
49
64
40
36
97
40
45
49
62
10
49
4
79
81
91
5
87
3
50
72
86
89
17
12
80
87
79
74
40
13
98
37
21
76
74
59
49
30
33
80
51
66
87
38
21
53
4
48
24
13
31
29
84
46
61
24
34
46
45
99
27
51
91
32
72
50
57
4
60
90
86
9
46
1
99
77
57
62
2
70
69
69
91
79
93
58
0
20
7
85
82
79
58
72
58
3
85
77
70
44
97
98
53
37
73
28
86
50
24
29
95
1
2
36
59
99
55
85
0
23
64
82
62
31
86
10
72
73
63
45
84
85
90
69
82
21
89
68
68
76
31
13
8
90
13
30
78
88
33
99
42
12
92
8
82
78
97
62
74
4
12
27
97
67
56
18
77
72
95
54
0
88
16
73
29
33
14
86
19
97
4
9
57
89
18
58
26
49
11
14
65
83
21
27
30
52
74
29
59
90
14
77
65
7
75
27
16
30
74
83
65
51
42
70
