overall_acc,0.7876
loss,[10.864456270141602, 6.23636861251831, 4.187088323974609, 3.2487156272888185, 2.8155772178649903, 2.5964053953552244, 2.4828970304870603, 2.4302988316345213, 2.380574116973877, 2.3602823805236817, 2.344643953857422, 2.327570249786377, 2.3194403648376465, 2.3201751708984375, 2.327742174682617, 2.32279248626709, 2.3059951219177246, 2.3051749531555177, 2.3038294388198852, 2.307425313415527, 2.313201797714233, 2.3114047129821778, 2.3158276766967774, 2.3140946044921873, 2.3373975036621095, 2.3228023370361326, 2.3302042419433593, 2.3436598654174805, 2.3472780031967164, 2.345519354400635, 2.348085690994263, 2.3576484533691406, 2.3721412159729005, 2.3684860972595216, 2.381817166290283, 2.3846010706329346, 2.4054098414611818, 2.4012872788238524, 2.418036106109619, 2.433555108795166, 2.4245740403747558, 2.4367431591033935, 2.45108270614624, 2.463969387664795, 2.4580883471679686, 2.476355673675537, 2.4938682948303224, 2.487095778503418, 2.496103031463623, 2.509868341217041, 2.5083409385681152, 2.5229342137145996, 2.51672343170166, 2.5321123724365235, 2.539982763519287, 2.5477289704132082, 2.5438870317840574, 2.5434468003845216, 2.5615055222320557, 2.5585603784942625, 2.019976961212158, 1.6391239211654662, 1.4257510132598876, 1.2699000240325928, 1.1621088347625732, 1.1126479204940796, 1.0790045520210265, 1.074981667060852, 1.0729806916809081, 1.069529190979004, 1.0779147742462158, 1.0769140257263183, 1.0960352603912353, 1.0857894847488403, 1.088964427947998, 1.0829639379119873, 1.098804562397003, 1.0954446074295043, 1.1163947718811036, 1.1104878161430358, 1.116494783554077, 1.1194226315307618, 1.1221404706192017, 1.1315794341278076, 1.1286369358444215, 1.1290430068588257, 1.1410175249099732, 1.1255660577774047, 1.1355214914703369, 1.1509766062927247, 1.1270937553405762, 1.1492417219543456, 1.159673734588623, 1.145034856300354, 1.1671881355285645, 1.162818970375061, 1.1486121871566772, 1.1673010131072998, 1.1731734238433837, 1.1581986805725097, 1.167237777557373, 1.1658357859802246, 1.1696029233932494, 1.175573240966797, 1.1747925440597533, 1.167868143043518, 1.1717163117599487, 1.1765646562957763, 1.1953030676269532, 1.18528215133667, 1.1943535166168213, 1.1873907287597656, 1.1970506484985353, 1.1903712631225587, 1.1917128884506225, 1.1884456043624878, 1.1974015849685669, 1.2014151683425904, 1.1982976222229005, 1.1879384812164306, 1.0595422730445863, 0.9718634212493896, 0.9357354044532776, 0.903621107082367, 0.8740919053077698, 0.8466985575675965, 0.820487023487091, 0.7947917123031616, 0.7703033013916015, 0.7466080395507813, 0.7239523444366455, 0.7017294244003296, 0.6804551833152771, 0.6598358541679382, 0.639705570716858, 0.6201808465003967, 0.6014321891403198, 0.5831867548561096, 0.565798895816803, 0.5484696597480774, 0.5321579664230347, 0.5157743431472779, 0.5002543810272216, 0.48496567944526675, 0.47085333216667175, 0.4564612737083435, 0.44264795223236086, 0.4295147862815857, 0.41667320541381836, 0.4041498267841339, 0.3919593371391296, 0.38027673691749575, 0.3688735035133362, 0.3579895912456512, 0.3471460433864593, 0.3368574182224274, 0.3270042273902893, 0.3171776961708069, 0.307567776927948, 0.29831752466201783, 0.29283598180770876, 0.2909073239135742, 0.28911890203475954, 0.28742876087188723, 0.28561874957084654, 0.2838404204273224, 0.28214802419662477, 0.2803980840110779, 0.27875541602134707, 0.2770812584686279, 0.27535572568893435, 0.2736740892124176, 0.27205696860313416, 0.27041936100006103, 0.2687752203655243, 0.26716281014442445, 0.265502804441452, 0.26395647945404055, 0.2623829915523529, 0.260719547624588, 0.25917887299537656, 0.2576514629840851, 0.2560476368904114, 0.25454015434265137, 0.252990498085022, 0.25138967884063723, 0.24995816088676454, 0.24849655803203582, 0.24695850363731384, 0.24540987350463866, 0.2439330939769745, 0.24248736993789674, 0.24104817303657533, 0.23963145063400268, 0.2381341212463379, 0.23669497859477998, 0.23530384984970093, 0.2338637600469589, 0.23248886509418487, 0.23105273334503174]
0,0.9565217391304348
1,0.9354838709677419
2,0.782608695652174
3,0.7931034482758621
4,0.8064516129032258
5,0.75
6,0.8260869565217391
7,0.8076923076923077
8,1.0
9,1.0
10,0.35
11,0.47619047619047616
12,0.85
13,0.6086956521739131
14,0.7777777777777778
15,0.875
16,0.8461538461538461
17,0.9047619047619048
18,0.6470588235294118
19,0.84
20,0.8333333333333334
21,0.8421052631578947
22,0.8235294117647058
23,0.7307692307692307
24,0.8260869565217391
25,0.5833333333333334
26,0.7916666666666666
27,0.875
28,0.8
29,0.7586206896551724
30,0.8518518518518519
31,0.72
32,0.6818181818181818
33,0.6206896551724138
34,0.84
35,0.5
36,0.9523809523809523
37,0.7894736842105263
38,0.8076923076923077
39,0.9565217391304348
40,0.8214285714285714
41,0.9090909090909091
42,0.782608695652174
43,0.8260869565217391
44,0.5217391304347826
45,0.6578947368421053
46,0.45454545454545453
47,0.782608695652174
48,1.0
49,0.7647058823529411
50,0.7272727272727273
51,0.8571428571428571
52,0.9
53,0.9655172413793104
54,0.8636363636363636
55,0.5238095238095238
56,0.8181818181818182
57,0.7142857142857143
58,0.9142857142857143
59,0.6666666666666666
60,0.8148148148148148
61,0.7931034482758621
62,0.8076923076923077
63,0.7916666666666666
64,0.7894736842105263
65,0.6818181818181818
66,0.7692307692307693
67,0.6086956521739131
68,0.9523809523809523
69,0.8333333333333334
70,0.8333333333333334
71,0.9047619047619048
72,0.45454545454545453
73,0.71875
74,0.6363636363636364
75,0.9285714285714286
76,0.8095238095238095
77,0.6764705882352942
78,0.7368421052631579
79,0.8928571428571429
80,0.7586206896551724
81,0.8095238095238095
82,0.918918918918919
83,0.8
84,0.8518518518518519
85,0.9666666666666667
86,0.8214285714285714
87,0.8666666666666667
88,0.9047619047619048
89,0.8928571428571429
90,0.7916666666666666
91,0.9230769230769231
92,0.6
93,0.8571428571428571
94,0.9565217391304348
95,0.6206896551724138
96,0.6956521739130435
97,0.8333333333333334
98,0.5769230769230769
99,0.8695652173913043
16
7
91
43
14
92
6
89
13
85
96
27
81
63
59
61
78
24
53
17
27
43
10
54
94
79
68
31
69
64
83
41
71
45
96
20
87
90
52
26
83
67
20
20
7
83
27
45
68
93
86
12
60
73
99
1
70
44
26
58
88
97
88
19
3
71
19
48
91
48
58
16
63
75
71
4
1
15
98
32
14
87
38
91
8
45
92
31
62
10
89
92
78
83
26
85
28
37
54
72
95
7
59
24
94
7
94
94
11
42
65
52
40
38
55
80
82
11
75
51
74
34
25
85
30
74
22
95
81
92
91
52
51
18
92
65
69
84
0
43
48
67
62
89
53
44
37
19
8
68
3
3
83
62
83
0
95
51
58
19
89
90
81
61
41
27
52
66
68
80
4
46
25
27
35
50
88
14
75
53
3
5
98
82
7
86
61
7
91
1
5
37
72
41
94
33
67
79
39
23
27
31
63
71
67
45
84
46
74
49
77
26
50
4
51
85
36
3
41
47
54
87
37
75
4
71
14
0
9
44
57
83
45
61
52
63
89
22
85
39
18
25
98
5
70
70
49
70
87
89
41
4
97
36
83
82
77
11
7
26
80
2
9
91
40
36
91
91
99
73
79
83
42
62
90
50
82
24
65
16
5
39
7
63
10
51
96
51
29
66
53
30
84
44
5
91
53
74
3
15
15
93
5
66
77
55
48
73
63
64
77
3
13
18
92
55
13
72
29
91
91
61
75
58
71
70
98
52
94
89
90
56
57
43
60
41
30
47
78
74
65
80
54
99
60
69
54
18
61
26
9
90
85
32
63
43
73
87
44
54
99
70
8
90
65
80
48
17
39
53
66
48
5
34
98
67
98
37
40
91
16
27
33
16
89
5
69
83
74
85
24
3
32
76
45
84
52
46
21
40
58
84
6
91
38
98
66
41
79
0
23
14
15
86
75
45
6
22
33
76
52
81
90
22
34
45
48
7
30
11
1
23
3
22
5
80
93
27
39
79
92
53
92
63
18
84
12
8
59
8
88
62
18
30
73
2
33
39
4
22
45
83
58
73
18
84
4
5
57
18
23
29
85
34
64
16
86
26
95
45
97
0
87
11
44
86
54
29
85
82
91
82
17
50
58
12
26
54
28
58
79
1
33
30
57
3
33
23
91
73
1
1
35
32
19
88
11
29
56
0
54
61
20
84
17
53
89
18
81
6
96
41
26
26
25
60
22
46
4
47
24
79
78
17
7
0
87
26
73
14
56
65
12
54
21
79
8
43
39
51
40
53
98
4
31
8
57
33
7
35
6
94
94
65
22
16
64
57
2
97
88
72
58
27
36
13
91
84
9
5
9
65
85
70
96
93
2
59
79
70
34
97
16
49
18
55
70
41
38
34
61
69
37
27
24
3
78
72
63
35
1
84
22
86
4
91
13
90
68
60
84
0
34
14
32
92
7
52
35
86
3
89
44
15
66
35
50
12
41
31
36
93
84
26
74
44
50
57
54
35
73
44
66
60
26
58
82
50
46
89
28
55
95
76
60
76
91
37
2
4
62
43
91
48
63
34
42
34
53
3
28
8
40
44
47
61
60
73
61
29
63
42
49
92
92
6
55
76
18
20
3
0
85
65
18
23
42
95
81
58
73
60
21
70
19
87
47
79
90
75
27
15
41
39
99
48
94
45
91
36
77
68
75
62
94
61
50
38
12
1
0
30
84
98
29
7
18
48
87
91
79
4
62
31
40
55
30
43
86
96
18
98
25
14
28
75
35
81
10
73
79
5
88
56
81
15
84
69
30
6
68
70
76
74
7
80
55
60
5
14
48
83
0
70
38
4
24
69
16
9
42
41
39
27
0
70
85
9
43
79
77
75
74
80
42
62
8
0
36
89
4
46
69
56
42
22
71
35
72
40
16
0
21
2
1
64
47
43
83
65
68
18
1
25
96
98
47
90
2
77
37
61
31
9
4
92
38
93
28
39
18
41
44
49
92
11
19
91
82
4
60
34
56
19
32
74
16
99
49
98
8
58
93
87
35
79
35
43
52
6
4
27
8
63
26
34
39
97
37
75
33
87
49
11
16
33
76
41
97
8
75
17
80
93
27
4
41
60
67
31
21
77
90
54
87
86
37
47
19
2
73
55
25
62
26
19
28
15
14
47
17
45
92
39
42
13
49
48
44
71
48
69
9
56
16
46
71
66
66
28
82
1
39
88
93
82
14
17
56
40
70
14
68
52
69
45
16
62
85
12
99
88
40
68
36
60
17
87
25
46
75
61
92
58
88
51
75
73
70
37
28
90
55
88
68
38
95
7
16
58
16
39
56
17
96
77
42
87
75
4
16
94
55
76
60
97
1
0
75
31
72
71
75
52
6
43
14
84
14
80
1
88
53
66
5
52
32
52
40
24
86
54
54
88
61
87
54
24
28
85
17
90
22
86
77
79
94
45
0
39
89
82
41
87
91
73
4
62
55
46
10
46
28
38
74
70
13
7
15
24
76
98
51
79
15
47
47
93
73
81
26
70
95
60
70
11
82
66
34
6
65
62
74
31
36
88
52
48
79
50
19
57
66
68
74
64
16
63
16
84
18
29
84
53
9
77
4
74
15
1
51
96
1
84
69
81
10
33
80
68
30
8
3
81
45
99
14
35
28
72
5
53
34
27
93
18
44
93
37
91
11
31
69
47
86
30
85
80
1
82
79
66
44
58
31
42
23
90
6
83
31
51
80
23
64
61
40
51
99
28
19
63
93
97
78
34
33
13
74
17
28
29
10
57
83
83
53
73
7
59
82
34
15
68
68
34
82
75
37
8
94
86
24
21
8
96
53
76
63
85
27
32
96
20
29
43
69
94
26
54
23
91
34
48
71
53
5
0
59
57
69
73
50
12
42
61
21
95
88
28
15
24
1
77
67
82
5
64
51
52
79
70
46
1
59
87
60
88
76
45
19
7
1
35
94
79
16
71
26
55
60
73
9
75
5
72
27
32
38
14
45
36
40
47
98
7
85
30
14
51
79
89
99
86
15
29
63
66
62
80
24
57
43
78
49
99
95
93
55
71
45
86
64
4
3
62
55
17
98
72
32
57
99
2
6
1
82
82
94
95
81
96
93
33
67
31
60
26
18
63
62
82
36
12
31
47
75
77
29
94
27
70
95
32
38
32
37
36
65
40
53
87
95
53
42
43
89
69
93
81
40
71
31
33
73
75
85
47
97
70
81
34
46
62
92
53
46
66
45
48
94
10
69
60
42
35
59
52
44
57
4
83
89
71
68
52
46
58
11
40
62
52
2
58
77
96
86
33
58
69
97
14
51
2
63
45
58
97
6
75
81
99
28
50
57
88
25
38
71
47
53
48
79
59
29
82
90
93
81
17
14
69
25
32
39
10
89
38
67
99
28
98
88
20
4
18
60
48
69
18
48
6
39
72
15
37
2
48
78
89
73
79
38
23
21
96
11
13
84
73
58
30
98
16
45
59
77
74
41
8
19
54
4
68
9
91
67
38
40
71
57
38
9
82
3
76
20
60
42
94
66
72
6
25
61
36
4
14
61
60
77
62
44
33
22
27
93
23
33
88
18
58
51
83
23
85
56
20
79
20
30
56
19
4
98
38
26
0
56
47
83
52
83
51
3
3
71
9
77
43
15
93
77
19
73
77
7
29
4
61
64
30
39
70
19
51
9
17
28
45
8
12
83
49
63
71
12
2
77
98
55
46
15
84
19
1
70
62
34
94
30
2
4
99
33
90
16
56
4
24
71
3
19
14
23
68
45
81
10
90
21
57
22
87
82
12
38
10
93
77
84
41
64
76
25
91
94
42
79
19
76
87
18
51
1
50
37
6
45
23
0
55
91
48
30
48
45
54
69
86
68
56
98
80
41
67
71
25
50
60
79
0
44
74
46
80
2
32
83
61
76
97
13
30
27
74
8
17
42
91
35
36
69
50
57
84
76
85
3
91
79
76
13
8
92
69
82
7
73
89
80
42
39
45
80
63
15
50
16
70
94
71
91
48
62
85
48
33
11
5
35
91
75
75
4
31
72
17
89
92
19
36
22
67
83
63
2
62
37
2
99
77
56
22
84
14
71
94
44
90
41
52
91
85
43
82
40
97
42
96
47
86
1
11
78
72
93
85
12
63
65
25
44
2
86
44
59
2
54
35
56
75
47
76
20
48
97
9
1
38
5
3
36
43
84
18
6
9
72
38
6
75
15
29
11
20
95
3
58
74
14
83
91
74
86
28
44
58
36
90
8
1
78
95
80
14
90
0
58
96
1
61
59
21
60
89
82
61
80
52
65
55
32
77
69
26
42
79
46
20
38
52
15
7
65
63
96
26
29
3
79
39
30
99
5
8
67
52
40
58
54
82
3
82
93
70
99
21
17
56
64
74
1
92
61
85
78
58
10
53
74
47
5
34
81
64
77
67
66
63
45
30
46
18
45
87
63
87
26
41
70
51
21
32
90
36
85
3
87
21
87
71
53
27
74
1
8
93
98
61
88
41
10
83
93
85
34
24
74
49
12
28
74
26
58
45
87
79
63
14
47
3
77
52
49
71
69
67
81
98
54
67
17
21
1
88
21
77
95
91
12
15
82
22
16
66
25
1
29
29
73
27
81
63
53
23
81
86
42
71
28
75
35
62
79
16
8
7
22
13
87
83
65
62
49
70
57
63
18
40
91
23
13
80
6
42
21
30
30
35
94
41
36
52
12
43
86
97
53
50
97
21
61
20
22
57
25
71
75
68
20
49
67
87
16
41
66
72
87
51
1
15
42
6
85
8
2
5
45
93
71
56
99
67
65
2
76
50
30
53
91
81
65
62
23
46
72
40
30
62
11
23
78
96
67
50
8
15
4
80
27
60
7
54
48
16
57
94
30
92
43
62
58
19
23
38
40
96
95
10
99
86
53
89
11
52
58
56
85
74
72
82
72
69
43
81
34
47
52
40
53
45
8
83
3
81
40
28
53
27
59
4
33
92
89
44
12
55
89
98
78
82
91
31
91
47
9
73
69
36
26
91
95
37
61
83
69
11
46
76
3
61
12
98
94
24
39
1
33
4
55
79
39
15
25
3
41
66
80
27
45
72
32
5
33
9
44
33
22
35
24
59
65
11
38
23
39
25
97
58
16
47
29
56
98
82
41
38
51
79
34
18
73
64
78
96
49
64
40
36
97
40
44
49
62
28
37
4
79
81
91
5
87
3
50
80
86
89
17
12
80
4
24
27
40
13
98
59
21
76
14
59
49
30
33
80
51
66
87
38
63
53
4
48
24
13
31
49
84
46
61
24
34
98
45
99
27
51
91
0
72
50
57
4
60
90
86
9
46
92
99
77
57
62
2
70
69
69
32
79
93
58
0
20
7
50
82
79
58
95
58
3
85
55
92
29
97
46
53
37
30
28
86
50
24
34
95
1
2
36
59
99
91
85
0
60
64
54
62
31
86
57
72
73
63
91
84
48
90
69
82
21
89
68
68
76
31
58
8
90
13
30
78
14
47
73
3
12
92
8
82
78
97
70
74
4
12
29
97
77
56
18
6
3
95
54
0
88
5
73
29
33
14
86
19
97
4
9
53
89
18
25
26
49
11
14
80
83
3
27
30
52
74
29
59
90
14
77
4
7
75
27
16
30
19
83
14
51
42
70
