overall_acc,0.7864
loss,[10.890244301757813, 6.247860446472168, 4.1992987814331055, 3.2753534996032716, 2.827887909011841, 2.6063074045562744, 2.491038399658203, 2.4225236488342285, 2.3894587951660156, 2.3672601412963865, 2.3444345166778566, 2.3311036833953858, 2.3238217849731444, 2.322509636001587, 2.3111691792297364, 2.307282522659302, 2.309391186332703, 2.3138302822875976, 2.300613981628418, 2.3082622535705566, 2.3084899372863767, 2.314124737625122, 2.313256110229492, 2.32030611618042, 2.3097334187316894, 2.3194309797668455, 2.3325205728149414, 2.333294995880127, 2.3375796006774903, 2.341456883392334, 2.3577682497406007, 2.3629465185546876, 2.3718202764892578, 2.3750539604187013, 2.3968341387939454, 2.390358943939209, 2.4120356549072266, 2.418373154144287, 2.426147677383423, 2.4360787368774415, 2.4406671301651, 2.4362576456451417, 2.4622059980010986, 2.4783497032165527, 2.4817197579956054, 2.486287430419922, 2.4997541732788084, 2.4977391317749023, 2.5169255307006835, 2.5233840032958983, 2.524859340209961, 2.541019261627197, 2.526124432220459, 2.5482483374786375, 2.5459851864624023, 2.5417367503356934, 2.5482550042724608, 2.567509083404541, 2.5526837622833254, 2.560338810043335, 2.0224823229599, 1.634570630722046, 1.4207737138366698, 1.2611851668930054, 1.1668573554611206, 1.1144467621994019, 1.0884306853103638, 1.0737435850524901, 1.0728284194374085, 1.0703119442367555, 1.0705516208839416, 1.072963966140747, 1.0705990855789185, 1.079182094306946, 1.0909105297470092, 1.0966758268737793, 1.0926118092727661, 1.0998513635635376, 1.1075856718063355, 1.1098299262809754, 1.1162936292266845, 1.1050150531768799, 1.1232809930610657, 1.1241629472732544, 1.1188926468658447, 1.1371292408752443, 1.1556662332916259, 1.1327411679077148, 1.1459756555175782, 1.14733215801239, 1.1514863997650147, 1.1564107408905029, 1.1426459289932251, 1.1573147263717651, 1.1518048778915406, 1.1601460985183716, 1.1656921461486816, 1.1787470964431763, 1.1577493298721313, 1.1788651871490479, 1.1787529542160033, 1.164724560699463, 1.1681708555603028, 1.1691910166549682, 1.1754451293563843, 1.184441135673523, 1.1822467556762695, 1.1797070658874511, 1.1804778664398194, 1.1917555296325684, 1.1932084034347534, 1.1879740782928467, 1.1879881299591064, 1.182997296142578, 1.1873931229400634, 1.1898131624221802, 1.2069801264953612, 1.1955512936401367, 1.204072848739624, 1.183090559577942, 1.0518058917236328, 0.9692088849830628, 0.933284228477478, 0.9020524828720092, 0.8724126374816894, 0.8451034726333618, 0.8189226335716248, 0.7935671027565002, 0.7691335548019409, 0.7458093978881836, 0.7229883966827393, 0.700865514755249, 0.6794812456512451, 0.6590806192970275, 0.6388263248062134, 0.6192307665252685, 0.6006178553771973, 0.582291370010376, 0.5647269478416442, 0.5474799190330505, 0.5309576474761963, 0.5150562990760803, 0.4997622873497009, 0.4842788527870178, 0.4697924988651276, 0.45554298186302183, 0.4419154480457306, 0.4285712701225281, 0.41574129557609557, 0.40317096797943114, 0.39113753573417664, 0.37936587730407717, 0.3679782307243347, 0.35694812021255495, 0.3463431374359131, 0.3360612049484253, 0.32638222477912904, 0.3165611583328247, 0.30714332980155945, 0.29810592215538023, 0.29238715240478513, 0.29041007616996767, 0.28865174417495726, 0.286879229516983, 0.28511214031219484, 0.2832726030254364, 0.2815865919876099, 0.2799026132488251, 0.278226934299469, 0.2765262486743927, 0.2748145038986206, 0.2732037050437927, 0.27144677095413206, 0.2698358405590057, 0.2681646650695801, 0.2665635966205597, 0.26500257866859434, 0.2634182612991333, 0.2618230068683624, 0.26022248710632323, 0.2586546103286743, 0.2570809409809113, 0.25558825941085817, 0.2540193636608124, 0.25246408022880557, 0.2509334842967987, 0.24945048264980316, 0.24790979816913605, 0.24645372116088868, 0.24492234946250915, 0.243478881521225, 0.2419813211297989, 0.2405186347579956, 0.23908837082862855, 0.23767094974040986, 0.23624592682361603, 0.23484452966213226, 0.23343515046596527, 0.23199394112586974, 0.23061838693141937]
0,1.0
1,0.9354838709677419
2,0.8260869565217391
3,0.6896551724137931
4,0.7096774193548387
5,0.7083333333333334
6,0.8695652173913043
7,0.8076923076923077
8,1.0
9,0.9473684210526315
10,0.5
11,0.42857142857142855
12,0.8
13,0.6086956521739131
14,0.7407407407407407
15,0.875
16,0.9230769230769231
17,0.9047619047619048
18,0.6176470588235294
19,0.76
20,0.8888888888888888
21,0.8421052631578947
22,0.8823529411764706
23,0.7692307692307693
24,0.8695652173913043
25,0.6666666666666666
26,0.75
27,0.7916666666666666
28,0.84
29,0.7931034482758621
30,0.7777777777777778
31,0.68
32,0.7727272727272727
33,0.7586206896551724
34,0.84
35,0.5909090909090909
36,0.8095238095238095
37,0.7894736842105263
38,0.8461538461538461
39,0.9130434782608695
40,0.8214285714285714
41,0.9545454545454546
42,0.782608695652174
43,0.9130434782608695
44,0.4782608695652174
45,0.6578947368421053
46,0.5
47,0.782608695652174
48,1.0
49,0.8823529411764706
50,0.7272727272727273
51,0.7619047619047619
52,0.7
53,0.896551724137931
54,0.9545454545454546
55,0.6666666666666666
56,0.7727272727272727
57,0.7142857142857143
58,0.8571428571428571
59,0.6666666666666666
60,0.8518518518518519
61,0.8275862068965517
62,0.8846153846153846
63,0.7083333333333334
64,0.631578947368421
65,0.5909090909090909
66,0.8461538461538461
67,0.6521739130434783
68,0.9523809523809523
69,0.8333333333333334
70,0.8666666666666667
71,0.8095238095238095
72,0.5909090909090909
73,0.65625
74,0.6363636363636364
75,0.8928571428571429
76,0.8095238095238095
77,0.6764705882352942
78,0.8421052631578947
79,0.8214285714285714
80,0.6896551724137931
81,0.9047619047619048
82,0.972972972972973
83,0.7666666666666667
84,0.8518518518518519
85,0.9333333333333333
86,0.7857142857142857
87,0.8666666666666667
88,0.9523809523809523
89,0.8571428571428571
90,0.8333333333333334
91,0.8974358974358975
92,0.76
93,0.8095238095238095
94,0.9130434782608695
95,0.6206896551724138
96,0.5652173913043478
97,0.7916666666666666
98,0.6153846153846154
99,0.8695652173913043
16
7
91
43
14
92
6
89
13
85
52
51
81
63
59
10
78
24
53
17
27
43
10
54
25
79
68
99
69
64
83
41
23
46
96
20
87
90
52
26
83
67
20
20
7
83
27
45
68
93
86
12
69
45
99
18
70
77
26
58
88
97
88
19
3
23
19
48
91
48
58
16
63
75
71
4
1
19
98
32
14
87
38
12
8
45
92
31
62
61
89
92
78
83
45
85
28
37
54
97
95
7
59
24
94
7
94
94
11
42
65
52
40
38
55
80
82
46
75
51
74
34
5
85
30
74
22
19
81
92
27
52
6
44
62
65
69
84
0
43
48
67
62
89
83
99
81
19
8
68
64
3
53
70
83
0
99
51
58
19
89
90
81
61
41
33
52
66
68
80
43
46
25
74
35
50
88
14
75
53
3
5
35
82
7
87
61
7
91
1
5
37
72
41
94
33
67
8
39
23
6
31
63
71
67
37
10
84
74
49
77
65
50
15
51
55
36
3
41
47
54
87
37
75
55
71
24
0
9
78
57
83
45
22
47
42
89
10
85
39
7
25
98
57
70
70
49
70
87
89
41
19
97
36
83
82
77
98
7
74
80
2
9
78
40
36
91
91
99
73
40
83
42
62
90
50
82
24
42
16
40
39
7
63
10
51
96
74
29
66
53
30
84
44
5
91
53
74
72
15
15
44
5
66
77
55
48
73
72
64
77
3
13
18
92
55
13
74
29
91
91
61
75
13
71
70
46
52
94
89
90
56
57
43
60
15
30
59
78
6
80
80
54
83
60
17
54
18
14
26
9
81
85
32
63
43
73
87
44
26
99
70
8
90
65
80
41
17
39
53
66
48
5
88
12
67
98
37
40
91
16
27
33
16
89
5
69
83
74
85
24
72
32
76
33
5
52
46
95
40
58
84
6
91
38
98
66
41
79
0
23
14
80
86
75
45
6
22
33
76
52
41
49
22
34
45
72
7
30
2
1
23
3
22
5
80
93
27
5
79
92
53
54
63
18
84
66
8
59
8
88
62
29
30
73
2
33
39
63
61
45
44
58
73
18
84
4
5
57
18
23
29
85
34
64
16
86
99
95
45
97
0
66
93
44
86
62
29
85
82
91
82
17
38
58
12
26
54
28
58
79
1
45
44
16
3
33
23
91
73
1
1
35
22
19
88
11
29
56
0
54
61
20
13
17
53
89
18
81
6
59
41
26
26
25
60
22
93
74
47
24
79
78
17
7
0
87
26
73
14
56
39
12
54
21
79
8
43
39
61
40
53
98
55
31
8
57
33
56
35
6
94
87
65
22
16
64
57
2
55
88
2
58
26
36
13
91
84
9
89
9
62
85
70
52
41
2
59
79
70
97
97
16
49
18
55
70
64
38
34
61
69
37
66
24
3
78
75
33
35
1
84
22
86
4
91
13
90
68
60
84
0
34
54
32
92
14
52
35
28
3
89
44
15
66
35
50
12
41
31
34
93
84
26
74
93
50
57
54
11
73
44
66
60
79
58
82
67
98
89
28
55
95
76
60
76
91
37
2
4
62
43
91
48
27
34
33
34
53
3
28
8
40
44
47
61
60
73
61
29
63
63
49
92
92
48
57
87
18
20
55
0
85
65
18
23
78
95
81
58
73
60
21
62
19
87
47
79
90
75
73
15
41
39
99
33
94
45
91
36
77
30
75
92
94
61
50
38
12
1
0
30
84
98
29
7
18
48
87
91
84
63
62
31
40
55
30
61
86
47
33
98
20
14
28
75
2
81
10
44
79
5
33
56
81
15
84
69
30
6
68
70
76
74
7
67
55
60
84
14
48
18
0
70
38
24
24
69
16
9
42
41
39
27
0
70
85
9
43
79
77
75
74
80
42
62
8
0
36
89
4
46
69
56
42
22
71
35
72
40
16
0
21
2
1
64
47
43
83
75
68
18
1
25
96
46
47
90
2
28
37
61
31
14
4
92
38
93
28
39
6
41
44
49
1
11
19
91
82
4
60
34
56
19
32
74
86
99
49
98
8
58
93
87
11
24
35
43
52
6
4
27
8
63
26
34
39
97
52
75
33
87
49
46
16
33
76
41
97
8
75
17
55
93
18
4
41
60
67
65
21
77
90
54
87
86
37
47
66
2
73
55
25
62
26
65
28
15
14
96
17
45
92
39
42
13
49
48
42
71
48
69
40
26
84
46
71
66
66
88
82
1
39
88
93
82
14
17
56
40
70
1
68
52
69
45
16
62
85
12
99
88
40
68
36
60
17
87
25
46
75
61
70
58
43
51
75
73
70
37
28
90
72
88
68
38
73
6
16
58
61
39
56
17
33
77
63
87
63
4
16
94
55
76
60
97
1
0
75
42
97
71
75
52
6
43
14
84
14
51
1
88
53
66
5
56
32
52
40
24
86
54
54
88
61
87
54
24
40
85
17
90
22
86
77
79
94
45
0
39
89
82
41
87
91
73
4
62
72
98
10
46
28
38
93
70
13
7
15
24
76
98
67
79
15
47
47
93
73
81
26
70
95
60
70
2
82
66
34
6
65
62
74
31
36
88
52
48
79
74
55
57
66
68
4
64
16
63
16
84
18
29
93
53
9
38
43
74
15
1
63
96
1
84
69
81
10
33
80
68
30
8
3
81
79
18
20
35
28
72
5
53
34
27
93
6
44
93
37
77
98
31
69
47
57
30
85
80
1
82
45
66
77
58
31
42
23
90
6
83
31
51
80
23
64
61
40
51
99
28
19
63
83
97
78
34
18
13
50
17
28
29
10
62
83
83
53
73
7
59
82
34
15
68
68
34
82
75
37
8
94
16
24
21
8
96
53
49
38
86
27
32
96
20
29
43
69
5
26
82
60
91
34
48
23
53
5
0
59
57
69
73
27
12
80
61
21
72
88
28
15
24
1
77
67
82
5
64
51
59
79
92
46
1
59
87
60
88
76
45
15
6
1
35
94
55
16
71
26
55
60
73
9
75
5
72
27
32
38
56
79
80
25
47
98
7
85
30
92
51
79
13
99
86
15
29
63
66
62
80
24
57
43
78
49
99
95
93
55
71
78
86
64
19
3
62
50
17
35
66
32
57
61
11
6
1
82
82
94
95
81
96
93
33
67
31
60
20
74
63
62
82
36
76
31
47
75
77
29
94
27
70
95
32
38
32
37
2
65
40
53
87
95
53
42
43
89
69
93
81
40
71
19
33
73
75
85
47
97
92
81
33
46
62
92
53
46
66
45
48
94
10
40
60
27
35
59
52
44
57
4
83
89
71
68
52
11
58
98
22
62
52
2
58
77
96
86
33
58
69
97
14
51
2
63
45
58
42
6
80
81
99
28
50
57
88
25
38
71
47
53
48
79
59
29
82
90
93
81
17
14
69
25
32
39
62
89
4
67
99
28
98
88
20
42
18
60
48
69
18
87
6
39
72
15
37
77
48
2
89
67
79
38
23
21
96
11
87
84
30
13
30
46
31
45
59
77
74
41
8
19
54
4
68
9
91
67
3
40
71
57
38
9
82
3
76
20
60
42
94
66
72
6
25
61
36
4
14
2
60
77
62
85
33
10
27
93
23
33
88
18
58
0
83
23
85
96
20
79
20
30
47
19
4
98
18
26
0
56
47
83
47
10
40
97
3
71
9
77
43
15
72
77
19
73
77
7
29
4
61
50
30
39
33
19
51
9
17
28
45
16
12
41
49
63
60
12
11
51
11
68
46
15
84
19
29
70
62
34
94
30
35
25
99
33
90
16
47
4
24
71
3
19
14
23
68
45
81
61
90
21
57
22
87
82
12
38
10
93
77
84
41
36
76
25
91
94
42
79
19
76
87
18
51
1
50
94
6
45
23
0
55
91
48
95
48
45
54
69
82
68
56
86
50
69
67
71
25
50
60
79
0
1
55
46
55
2
32
92
27
69
97
13
30
27
74
8
17
42
91
35
15
69
50
57
84
49
85
21
91
79
76
13
8
92
69
82
7
73
89
32
42
39
45
88
32
15
50
16
82
94
60
91
83
62
85
48
33
11
5
2
55
75
75
4
31
72
17
89
70
19
36
22
67
83
63
2
92
37
98
99
77
56
22
84
14
71
94
44
12
41
52
91
85
43
82
40
97
42
96
47
22
1
11
78
72
93
85
12
63
65
25
44
2
86
44
59
2
54
11
56
75
52
76
20
48
97
9
90
38
5
3
50
43
84
18
6
9
72
38
6
75
15
29
11
25
95
3
58
74
14
83
91
74
86
10
74
58
36
90
8
49
80
40
10
14
37
0
58
96
1
61
59
21
60
89
82
99
80
52
65
55
32
77
69
26
42
79
11
20
38
47
15
79
65
63
52
26
29
3
79
39
30
99
5
8
38
52
40
58
54
82
31
82
93
70
99
21
17
56
64
74
1
92
61
85
78
58
10
53
74
47
5
34
81
14
77
73
66
63
35
93
46
14
45
87
63
87
26
41
70
51
21
32
90
36
85
65
87
21
87
71
83
27
74
1
8
93
98
61
88
46
10
83
55
85
34
24
74
49
12
28
50
78
58
45
87
79
63
14
47
31
77
52
60
71
25
73
81
2
54
73
17
21
1
88
21
77
95
91
12
15
82
22
16
66
25
41
29
29
73
27
81
63
53
23
81
86
42
71
28
75
46
62
79
16
8
7
22
81
87
83
65
62
49
70
57
75
63
40
91
23
13
80
6
42
66
30
55
35
94
41
36
52
12
43
86
97
53
50
64
3
61
20
22
57
25
71
72
68
20
49
67
87
16
41
66
27
87
54
1
15
42
6
12
8
2
25
45
85
71
56
99
67
78
2
76
50
30
53
91
81
65
92
23
98
95
40
71
62
11
23
78
96
67
50
8
15
4
80
27
60
7
54
48
16
57
94
30
92
43
62
58
19
23
38
40
96
95
10
99
86
53
89
11
52
58
54
85
74
72
82
72
69
43
37
34
47
52
40
53
45
8
92
3
90
40
28
53
27
59
4
33
92
89
44
44
55
89
98
78
82
91
31
91
47
9
73
69
36
26
91
95
37
61
83
69
46
15
76
80
22
90
98
94
24
86
1
33
33
55
79
39
15
39
3
41
66
80
27
45
55
32
5
45
9
26
33
46
35
24
56
65
11
34
23
39
25
97
73
25
47
29
56
98
82
41
78
51
45
88
18
95
64
78
96
49
64
40
36
97
40
45
49
62
28
33
4
79
81
91
5
87
3
74
80
86
48
17
12
80
3
6
32
40
13
98
59
21
76
32
59
49
30
49
80
51
66
87
38
21
53
4
48
24
13
31
29
84
46
61
24
34
46
45
99
27
51
91
0
72
50
57
4
60
90
86
9
35
92
99
77
57
62
2
70
69
69
32
79
93
58
0
20
7
85
82
79
58
95
58
3
85
27
92
44
97
46
53
37
30
28
86
50
24
31
95
1
2
36
59
99
55
85
0
71
64
82
62
31
86
57
72
73
38
91
84
85
90
69
82
21
89
68
68
76
31
58
8
90
13
30
78
88
33
99
42
12
92
8
82
78
97
62
74
4
90
29
38
4
56
18
6
72
95
54
0
24
16
73
29
33
14
86
19
97
4
9
57
89
55
86
26
49
11
14
80
83
21
27
30
59
74
29
52
90
14
77
4
7
75
27
16
30
72
83
65
51
42
70
