overall_acc,0.7868
loss,[10.863019396362304, 6.229852150726319, 4.184229791107177, 3.256431162490845, 2.8202692769622804, 2.600447574005127, 2.479127786026001, 2.4214071339416505, 2.378620381240845, 2.360668858795166, 2.3404569261169432, 2.339386401062012, 2.329297462158203, 2.320133652191162, 2.3107482245635986, 2.3070924670410156, 2.309882362060547, 2.3036819873046874, 2.311024543533325, 2.307446986846924, 2.3113182931518557, 2.3163387656402588, 2.3114623527526854, 2.3265772277069092, 2.3249847911071777, 2.328848218307495, 2.3342739924621583, 2.3404512129211428, 2.349497386779785, 2.3517826851654053, 2.3694825653839113, 2.376654433288574, 2.3778819194030762, 2.393061831665039, 2.400244376983643, 2.402098371963501, 2.422951080169678, 2.43152259475708, 2.439500715637207, 2.4523148432922364, 2.454236170501709, 2.4628893534851075, 2.4799429460144045, 2.4885477444458006, 2.510391361694336, 2.50912775970459, 2.5112560089111327, 2.5199408432769776, 2.5381765185546876, 2.546053773803711, 2.5446061299133302, 2.550516844024658, 2.5542931829071045, 2.5441432791900636, 2.5653721710968016, 2.568478612365723, 2.5626467835998534, 2.565693372955322, 2.5839940016174316, 2.579674695739746, 2.0512597679138183, 1.670761081199646, 1.44011853225708, 1.2843335829925537, 1.1807435766601562, 1.1136126189041138, 1.088173035259247, 1.0794571136474609, 1.0831180757141112, 1.0774017950057984, 1.0800887430763244, 1.0872731316375732, 1.1077090947341919, 1.088459523086548, 1.0878185907745361, 1.099587640762329, 1.1035149918365479, 1.1110430141830445, 1.1103036690330506, 1.1293578037643432, 1.1168793022918702, 1.1254069131851197, 1.1355790948104858, 1.1295593283843994, 1.1441175203704834, 1.1460948738861083, 1.1470152262878417, 1.162180143623352, 1.1725820023727418, 1.1562150715255737, 1.1663135746002198, 1.1740082290267944, 1.1511357614135742, 1.1550508051300048, 1.1727595832443238, 1.1798321580886841, 1.1687933822250367, 1.1817568132019043, 1.1849397343826293, 1.1839638835525512, 1.182995334815979, 1.1863610221099854, 1.1795282058715821, 1.205488062171936, 1.1885998914718627, 1.1893054243087768, 1.197581390686035, 1.1890492093658447, 1.2025305067062377, 1.1999522686767579, 1.182999719467163, 1.189374596939087, 1.2126208933258056, 1.194791179008484, 1.2109908849334716, 1.189811290397644, 1.2117203003311157, 1.1951116989135742, 1.195055749206543, 1.1998473210525513, 1.0731198705673217, 0.978677147769928, 0.9413916826438904, 0.9092776626968384, 0.8798213358688355, 0.8518854458808899, 0.8254811702346802, 0.8003817301940918, 0.7751668681144714, 0.7515076999855042, 0.729039754371643, 0.7061591407012939, 0.6847979842185974, 0.663822783088684, 0.643905505619049, 0.6243567944717408, 0.6051533291435242, 0.5872762840652466, 0.5692943481445313, 0.5523911642837525, 0.5353978151702881, 0.5191435324668884, 0.5034547099494934, 0.48822207859039307, 0.4734351842498779, 0.4592983556556702, 0.4456413737678528, 0.43218416412353516, 0.4195018305492401, 0.4070438335990906, 0.39460909015655515, 0.38364718428611755, 0.37172811374664305, 0.36081833501815797, 0.3499615027809143, 0.33987771792411803, 0.3291171979141235, 0.3192896644687653, 0.30979964228630064, 0.3009564813232422, 0.29516636472702024, 0.29321650226593016, 0.29129014709472656, 0.28953019864082336, 0.28774653277397155, 0.28593900953292845, 0.28424624512672425, 0.2825269642543793, 0.28087051837921145, 0.27910619689941407, 0.2774901393890381, 0.27574583052635193, 0.2740593243026733, 0.2723849291706085, 0.2707550396156311, 0.26912726446151736, 0.2674823128890991, 0.26584925417900085, 0.26426424580574037, 0.26264389509201047, 0.26102858367919923, 0.2595153211688995, 0.25792762150764464, 0.25639991077423097, 0.25484828546524046, 0.2532867365455627, 0.2517397661781311, 0.2502005866765976, 0.24870955997943878, 0.2472698602962494, 0.24574100215435027, 0.24425565356731416, 0.24281703589439393, 0.24134692250728607, 0.2398555492925644, 0.2384268285894394, 0.23702499743938446, 0.2355642537879944, 0.23412752148628235, 0.23274249630451202]
0,0.9565217391304348
1,0.9354838709677419
2,0.782608695652174
3,0.7586206896551724
4,0.7419354838709677
5,0.75
6,0.8695652173913043
7,0.7692307692307693
8,1.0
9,0.8947368421052632
10,0.5
11,0.5238095238095238
12,0.75
13,0.6521739130434783
14,0.7777777777777778
15,0.875
16,0.9230769230769231
17,0.9047619047619048
18,0.6470588235294118
19,0.8
20,0.7777777777777778
21,0.8421052631578947
22,0.8823529411764706
23,0.8461538461538461
24,0.8260869565217391
25,0.5833333333333334
26,0.875
27,0.7916666666666666
28,0.84
29,0.7241379310344828
30,0.7407407407407407
31,0.6
32,0.7272727272727273
33,0.7241379310344828
34,0.88
35,0.5454545454545454
36,0.8571428571428571
37,0.7368421052631579
38,0.7307692307692307
39,1.0
40,0.7857142857142857
41,0.9090909090909091
42,0.782608695652174
43,0.8695652173913043
44,0.6521739130434783
45,0.6578947368421053
46,0.4090909090909091
47,0.782608695652174
48,1.0
49,0.8823529411764706
50,0.7272727272727273
51,0.7142857142857143
52,0.85
53,0.9655172413793104
54,0.9545454545454546
55,0.6666666666666666
56,0.9090909090909091
57,0.6071428571428571
58,0.8857142857142857
59,0.5833333333333334
60,0.8148148148148148
61,0.7931034482758621
62,0.8846153846153846
63,0.7916666666666666
64,0.7368421052631579
65,0.6363636363636364
66,0.7307692307692307
67,0.6086956521739131
68,0.9523809523809523
69,0.9
70,0.9
71,0.7619047619047619
72,0.45454545454545453
73,0.59375
74,0.5757575757575758
75,0.9642857142857143
76,0.8571428571428571
77,0.7058823529411765
78,0.7894736842105263
79,0.8214285714285714
80,0.7241379310344828
81,0.9047619047619048
82,0.918918918918919
83,0.7666666666666667
84,0.8518518518518519
85,1.0
86,0.7142857142857143
87,0.8666666666666667
88,1.0
89,0.9285714285714286
90,0.875
91,0.8717948717948718
92,0.76
93,0.7619047619047619
94,0.9565217391304348
95,0.6551724137931034
96,0.6956521739130435
97,0.7916666666666666
98,0.6153846153846154
99,0.8260869565217391
16
7
91
43
14
92
6
89
13
85
96
27
81
63
59
61
78
18
53
17
27
43
61
54
87
79
68
21
69
64
83
41
23
46
47
20
87
90
52
26
83
93
20
20
7
83
27
45
68
93
22
12
60
45
99
1
70
38
26
58
88
64
88
19
34
23
19
48
44
48
58
16
63
75
55
4
1
15
98
32
14
87
29
33
8
45
92
31
62
61
89
92
78
83
26
85
28
37
54
30
95
7
59
24
94
7
94
94
11
42
65
47
40
38
72
80
82
46
75
51
74
34
5
85
30
74
22
95
81
92
91
52
51
44
62
65
69
84
0
43
48
67
62
89
53
44
90
19
8
68
93
3
53
70
39
0
95
51
58
27
89
90
81
61
41
27
52
66
68
80
4
46
5
27
35
50
88
14
75
53
3
5
11
82
7
81
61
7
91
1
5
17
72
41
94
33
67
33
39
23
6
31
63
71
67
10
10
9
74
33
77
26
50
55
51
27
36
3
41
47
54
81
37
75
4
71
14
46
9
44
57
83
45
22
52
63
89
61
85
39
7
25
98
50
70
92
49
70
87
90
41
79
97
36
83
82
77
11
7
74
80
2
9
78
40
36
91
91
78
73
79
83
42
62
90
50
82
24
65
16
40
39
7
63
10
51
96
77
29
66
53
30
84
44
5
91
53
74
3
15
15
44
25
66
16
55
48
73
18
64
77
4
13
18
92
55
13
72
29
1
91
61
75
58
71
70
98
52
94
89
90
56
57
43
60
25
30
59
78
6
80
80
54
99
60
17
92
18
8
26
9
81
85
32
63
43
73
87
44
26
99
70
8
90
65
80
48
17
39
53
26
48
5
88
12
67
46
37
40
91
16
27
33
16
89
5
76
83
74
85
24
72
32
76
44
5
52
46
27
40
58
84
54
91
63
98
66
41
79
53
23
14
72
86
75
45
6
22
33
76
52
81
49
22
34
45
78
7
30
11
1
23
3
22
5
80
93
27
39
69
92
53
54
63
18
84
12
8
96
8
88
62
18
73
73
2
33
39
63
22
45
83
58
73
18
84
4
5
57
18
23
29
85
34
73
16
86
99
95
45
97
0
66
11
44
86
54
44
85
82
91
82
17
4
58
12
26
54
28
58
79
1
1
99
57
3
33
23
91
73
1
1
98
32
19
88
11
29
56
0
54
61
7
13
17
53
89
18
81
6
96
41
26
26
25
60
22
1
4
47
24
79
78
17
7
0
87
26
73
14
56
46
12
54
21
79
8
43
39
51
40
53
98
55
31
8
57
33
7
35
6
94
16
65
22
16
63
57
2
72
88
72
58
27
36
13
91
84
9
85
9
65
85
70
96
48
11
59
79
70
34
97
99
49
18
55
70
27
38
34
61
69
37
64
24
3
78
51
33
35
1
84
8
86
55
91
13
90
68
60
84
0
34
54
32
92
14
52
35
86
3
89
44
15
66
35
50
12
41
31
5
93
84
26
74
39
50
57
54
35
73
44
66
60
45
58
82
67
98
89
28
55
95
76
60
76
91
37
2
3
62
43
91
48
63
34
42
34
53
3
28
8
40
44
47
61
60
73
61
26
63
63
49
92
92
6
55
76
18
20
55
0
85
65
55
23
78
95
81
58
73
60
21
70
19
87
47
79
90
75
32
15
41
39
99
46
94
45
91
36
77
3
75
92
94
61
50
38
69
1
0
30
84
98
29
7
18
48
89
91
84
63
62
31
40
55
30
43
86
47
96
98
20
14
28
75
2
81
22
73
79
5
88
56
81
15
84
69
30
6
68
70
81
74
7
80
55
60
5
14
48
83
0
70
38
4
24
69
16
9
42
41
39
27
0
70
85
9
43
79
77
75
74
80
42
45
8
0
36
89
4
46
69
56
63
22
71
98
63
40
16
0
21
2
1
64
47
43
83
4
68
18
1
25
96
98
47
90
46
28
37
61
31
14
4
92
38
93
28
39
18
41
44
49
70
11
48
91
82
4
60
34
56
19
32
74
87
99
49
98
8
58
93
87
11
24
35
43
52
6
4
27
8
63
26
34
39
97
59
75
33
87
49
98
16
33
76
41
97
8
75
17
80
93
4
63
41
60
67
19
21
77
90
54
87
86
37
52
19
2
73
55
25
62
26
19
28
15
14
47
69
45
92
39
42
58
49
48
44
71
48
69
9
93
84
11
71
66
66
88
82
1
39
88
93
82
7
17
56
40
70
1
68
52
69
45
16
6
85
12
99
88
40
68
36
23
17
87
25
46
75
61
70
58
42
51
75
73
70
37
28
90
55
88
68
38
73
7
16
58
61
39
56
17
33
77
64
87
75
4
16
94
90
76
60
97
1
0
75
31
97
71
75
52
6
43
14
84
14
6
1
88
53
66
5
56
32
52
40
24
86
54
54
88
10
87
54
24
40
85
17
90
22
86
77
79
94
45
0
39
89
82
41
87
91
73
4
62
72
98
10
11
28
38
50
70
13
29
15
26
76
98
74
79
15
47
47
93
67
81
26
70
95
60
70
11
82
66
34
6
65
62
74
31
36
88
52
48
79
50
55
57
66
68
97
64
16
63
16
84
18
29
84
53
9
38
43
74
15
1
63
96
1
84
69
81
10
33
80
68
30
8
3
81
45
18
44
35
28
63
5
53
34
27
93
18
44
93
85
91
46
31
69
47
57
95
85
80
1
82
14
66
77
58
31
42
23
90
6
83
31
51
80
23
64
61
40
51
99
28
19
63
83
97
78
34
60
13
50
17
28
29
10
53
83
83
53
73
7
59
82
34
15
68
68
34
82
75
37
8
94
16
24
21
8
96
53
49
4
85
27
32
96
20
29
43
69
94
26
54
23
91
34
48
23
53
5
0
59
83
69
73
27
12
42
61
21
95
88
28
15
24
1
77
67
82
5
64
51
52
79
70
46
1
59
87
60
88
76
45
15
6
1
35
94
80
25
71
26
72
60
73
9
75
5
27
27
32
38
56
31
80
40
47
35
27
85
30
92
51
79
25
99
86
15
29
63
66
62
80
24
57
43
78
49
99
95
93
72
71
77
86
64
4
23
62
65
37
35
72
32
57
61
2
6
70
82
82
94
95
81
96
77
33
67
31
60
99
90
63
62
82
36
12
31
47
75
77
29
94
63
70
95
32
38
42
37
2
65
40
53
87
95
53
42
43
89
69
93
81
40
71
19
33
91
75
85
47
97
70
13
33
46
62
92
53
46
66
45
48
94
10
40
60
42
35
59
52
44
57
4
83
89
71
68
52
46
58
98
22
62
52
2
58
77
96
86
33
58
69
97
14
51
2
4
45
58
42
6
75
81
99
28
50
57
88
25
38
23
47
53
48
79
59
29
82
90
26
81
17
14
69
25
32
39
1
89
4
67
99
28
98
88
20
42
18
60
48
69
18
41
6
39
65
15
37
83
48
35
89
73
79
38
23
21
96
11
41
84
23
13
30
98
72
45
69
77
4
41
8
19
54
4
68
57
91
67
75
40
71
77
38
9
82
3
76
20
60
42
94
66
72
14
25
61
36
4
78
26
60
14
62
85
33
16
67
93
23
33
88
18
58
51
83
23
85
56
20
79
20
30
96
19
55
35
80
26
0
56
47
83
59
10
40
3
3
30
9
77
43
15
74
77
19
73
80
7
29
4
61
50
30
39
45
19
17
9
17
28
45
16
12
41
49
63
60
12
2
77
98
68
19
15
84
19
34
70
62
34
94
30
11
5
99
96
90
16
56
4
24
71
3
19
14
23
68
45
81
61
90
21
57
22
87
82
12
38
10
93
77
84
41
64
76
25
91
94
42
79
19
76
87
18
51
1
50
94
6
45
23
0
55
91
48
95
48
45
54
69
51
68
56
86
80
37
67
71
25
50
60
79
0
44
55
11
93
2
32
92
50
69
97
13
30
27
74
8
17
42
91
35
4
69
50
57
84
73
85
3
91
79
76
13
8
92
69
82
7
73
89
32
42
39
26
80
4
15
50
16
82
94
71
91
83
62
85
48
59
11
5
2
44
75
75
4
31
72
17
89
92
19
36
22
67
83
63
2
92
37
11
99
77
56
22
84
14
71
94
44
41
41
52
91
85
43
82
40
97
42
96
47
22
1
11
78
4
93
85
12
63
65
25
44
2
22
26
59
2
54
98
56
75
52
76
20
48
97
9
62
38
5
3
36
43
84
18
6
9
72
42
6
75
15
29
35
20
95
3
58
74
14
83
91
74
86
21
44
58
36
90
8
49
65
40
25
14
90
0
58
96
1
61
59
21
60
89
82
61
80
52
65
55
32
77
69
26
42
79
11
20
38
47
15
79
19
63
96
26
29
3
79
39
30
99
5
8
19
52
40
58
54
82
31
96
93
70
99
21
17
56
64
74
1
92
61
85
78
58
10
53
26
47
5
34
81
64
77
30
66
63
45
93
46
18
45
87
63
87
26
41
70
33
21
32
90
36
85
57
87
21
87
71
53
27
74
1
8
11
98
61
88
90
10
83
38
85
34
24
74
49
12
28
64
78
58
45
87
79
67
14
47
3
77
52
69
71
25
67
81
98
54
32
17
21
1
88
21
77
95
91
12
15
82
22
16
66
25
1
29
29
73
67
81
63
53
23
81
86
42
71
28
75
35
83
79
16
8
7
22
81
87
10
65
62
49
70
57
63
44
40
91
23
13
80
6
42
21
30
67
35
94
41
36
52
12
43
86
97
53
50
51
3
61
20
22
57
25
71
72
68
20
49
67
87
16
41
66
72
10
54
92
15
42
6
85
8
2
25
45
93
71
56
99
67
18
2
76
50
30
53
91
81
65
70
25
46
95
40
30
62
11
23
78
96
67
64
8
15
4
80
27
60
7
54
48
16
57
94
30
92
43
62
58
19
23
38
40
96
95
10
99
86
53
89
11
52
58
54
85
74
3
82
72
95
43
37
34
47
52
40
53
45
8
83
3
90
16
28
53
27
59
4
33
92
89
44
44
55
89
98
78
82
18
31
91
47
9
73
69
36
78
91
95
37
61
83
69
11
4
76
79
10
90
98
94
24
39
1
33
96
64
79
39
15
18
3
41
66
80
27
45
55
32
5
45
9
44
33
22
35
24
56
65
11
38
23
39
25
97
58
5
47
29
56
98
82
48
44
51
44
19
18
95
64
78
96
49
64
40
36
97
40
32
49
62
28
56
4
79
81
91
5
87
3
50
3
86
89
17
12
80
46
24
32
25
13
98
56
21
76
14
59
49
30
33
80
51
66
87
38
63
53
4
48
24
13
31
29
84
46
61
24
34
46
45
99
27
51
91
0
72
50
57
4
60
90
86
81
98
92
99
77
57
47
2
70
69
69
32
79
93
58
0
20
7
85
82
79
58
72
87
75
85
27
70
44
97
46
53
37
30
28
36
78
24
12
95
1
2
36
52
99
55
85
0
60
64
82
62
31
86
10
72
73
63
91
84
85
90
69
82
21
89
68
68
76
31
58
8
90
13
95
78
88
33
99
27
12
92
8
82
78
97
62
74
4
12
29
43
27
56
18
77
72
95
54
83
45
16
73
29
33
14
86
19
97
4
9
53
89
14
25
26
49
11
14
80
83
21
27
73
52
74
29
52
90
14
77
63
7
75
27
16
30
64
83
14
51
42
70
