overall_acc,0.8032
loss,[10.872595943908692, 6.2383729835510255, 4.197058173217774, 3.262477900314331, 2.8275985738372804, 2.612632670211792, 2.4989361616516113, 2.4286719927215574, 2.398679241333008, 2.366521291275024, 2.3578553981781005, 2.3513877545166015, 2.3352824833679198, 2.323593068161011, 2.3221953744506836, 2.3281318978118897, 2.317317102279663, 2.3194183823394776, 2.3207345374298094, 2.3208502803039552, 2.3192295040893556, 2.3119909176635742, 2.3281080323028562, 2.3300942178344726, 2.341903236999512, 2.337387819595337, 2.357600986557007, 2.3575432109069823, 2.3495235723876955, 2.3708836768341066, 2.369229918136597, 2.383865101623535, 2.3823294889068602, 2.389868807144165, 2.403736797027588, 2.4139689641571045, 2.4368392139434816, 2.4422012467193603, 2.452412091140747, 2.4534794033813476, 2.462070597229004, 2.4613560252380373, 2.486134081878662, 2.489471836242676, 2.4970463970947265, 2.513713346786499, 2.5220935555267334, 2.519467240600586, 2.531762827682495, 2.532507448196411, 2.5399633990478514, 2.5466284539794923, 2.5516226390075682, 2.5569910266113283, 2.561003707962036, 2.5660211324310302, 2.560854903945923, 2.5723378097534177, 2.5865402856445314, 2.5776672344207765, 2.04534668926239, 1.6779604264068604, 1.4679646321868896, 1.315467163619995, 1.2161643852996826, 1.1595865629577637, 1.1304671369934083, 1.1165579708862305, 1.1153925102615356, 1.1169883574295043, 1.1201590754699706, 1.1291401209640504, 1.1239981246566773, 1.125999346923828, 1.1344711479568481, 1.128208985824585, 1.1332266609954833, 1.1457509273529052, 1.154366195678711, 1.1641523161697387, 1.1523044665527344, 1.1612451862335205, 1.1711196502685546, 1.1758320495605468, 1.1728395352935792, 1.1838239165878295, 1.175745177116394, 1.179749635848999, 1.2061392045211792, 1.2003691377639771, 1.1989324137496948, 1.1989131560134887, 1.2063853087615968, 1.2038107564544678, 1.2133552021026612, 1.2074004193115235, 1.2117850477600098, 1.214747650718689, 1.2287613358688354, 1.2163944063568115, 1.232032510032654, 1.2349703686904907, 1.2400401499938964, 1.2316212685012817, 1.223644352760315, 1.2352615983581543, 1.236131872253418, 1.2415507785034179, 1.2367278448867798, 1.2382569013977052, 1.228194693069458, 1.241218104171753, 1.2525196371841432, 1.2502791438293457, 1.2399184422683716, 1.2474011117172241, 1.264649303855896, 1.2508827843093873, 1.2569201712799072, 1.2430318193817138, 1.1035497320175172, 1.0146953847694398, 0.9736396681022644, 0.9400865437698365, 0.909647962589264, 0.8810315754699707, 0.8539139183425903, 0.8261994331741332, 0.8017182961273194, 0.7768713056564331, 0.7535023093414307, 0.7299889756202698, 0.708414499206543, 0.6860723730659485, 0.6657986650466919, 0.6458035267639161, 0.6264850914382935, 0.6075233309745789, 0.5896290623474121, 0.5717628122901917, 0.5546555628013611, 0.5384283204460144, 0.5220802310943603, 0.506781212682724, 0.4912258125782013, 0.4765201224517822, 0.4626304235458374, 0.44908465510368345, 0.4353573461437225, 0.42304603916168215, 0.41006455706596373, 0.39794286271095275, 0.3871479790019989, 0.37534848848342894, 0.3643739577102661, 0.35465473851203916, 0.34367395900726316, 0.3347239778614044, 0.3247685283756256, 0.3164099036598206, 0.3095910082626343, 0.30707302097320555, 0.3049474890995026, 0.30280468564987184, 0.30084292137145996, 0.299092470407486, 0.2973221903324127, 0.2952944792366028, 0.293574465303421, 0.2915359736919403, 0.2900260464000702, 0.2882165161323547, 0.2865002269363403, 0.28467479257583617, 0.2828320470905304, 0.28127783390045163, 0.27945627842903137, 0.277741700630188, 0.2761210595035553, 0.27443466980934145, 0.27275281764984133, 0.27126725440979005, 0.26955486552238467, 0.2677579754638672, 0.26630038630485536, 0.264648522939682, 0.26294302722930907, 0.26154198989868166, 0.2597719945049286, 0.2581245122337341, 0.25677641860961914, 0.2553170149326324, 0.25361742429733275, 0.25224898657798767, 0.25053938967704775, 0.24920835728645324, 0.2475675581073761, 0.24623500361919404, 0.24462845839977265, 0.2431889668560028]
0,0.9565217391304348
1,0.9354838709677419
2,0.8260869565217391
3,0.8620689655172413
4,0.7419354838709677
5,0.75
6,0.9130434782608695
7,0.9230769230769231
8,1.0
9,0.9473684210526315
10,0.5
11,0.38095238095238093
12,0.8
13,0.7391304347826086
14,0.8888888888888888
15,0.875
16,0.8461538461538461
17,0.9047619047619048
18,0.7352941176470589
19,0.84
20,0.8333333333333334
21,0.7368421052631579
22,0.8823529411764706
23,0.8076923076923077
24,0.8260869565217391
25,0.625
26,0.75
27,0.7916666666666666
28,0.84
29,0.6551724137931034
30,0.8888888888888888
31,0.84
32,0.7272727272727273
33,0.6206896551724138
34,0.88
35,0.5909090909090909
36,0.8095238095238095
37,0.7368421052631579
38,0.8461538461538461
39,1.0
40,0.7142857142857143
41,0.9090909090909091
42,0.8695652173913043
43,0.8695652173913043
44,0.6521739130434783
45,0.7368421052631579
46,0.45454545454545453
47,0.7391304347826086
48,1.0
49,0.8823529411764706
50,0.7272727272727273
51,0.8571428571428571
52,0.75
53,0.9310344827586207
54,0.9090909090909091
55,0.7619047619047619
56,0.9090909090909091
57,0.6428571428571429
58,0.9142857142857143
59,0.6666666666666666
60,0.8518518518518519
61,0.8620689655172413
62,0.8846153846153846
63,0.7916666666666666
64,0.6842105263157895
65,0.7727272727272727
66,0.8076923076923077
67,0.6086956521739131
68,0.9523809523809523
69,0.7666666666666667
70,0.8666666666666667
71,0.8095238095238095
72,0.5454545454545454
73,0.71875
74,0.5757575757575758
75,0.9285714285714286
76,0.8571428571428571
77,0.7647058823529411
78,0.8421052631578947
79,0.8571428571428571
80,0.7931034482758621
81,0.9047619047619048
82,0.918918918918919
83,0.8
84,0.8888888888888888
85,1.0
86,0.7142857142857143
87,0.8666666666666667
88,0.9523809523809523
89,0.9642857142857143
90,0.875
91,0.8717948717948718
92,0.64
93,0.8095238095238095
94,0.9565217391304348
95,0.6551724137931034
96,0.6956521739130435
97,0.75
98,0.6538461538461539
99,0.8260869565217391
16
7
91
43
14
92
6
89
13
85
47
27
81
63
59
10
78
18
53
17
27
43
10
54
25
79
68
31
69
64
83
41
71
46
96
20
87
90
52
26
83
67
20
20
7
83
27
45
68
93
86
13
60
45
99
1
62
55
26
58
88
64
88
19
34
23
19
48
44
48
58
16
63
38
55
4
32
15
98
32
14
87
38
12
8
45
92
31
62
61
89
92
78
83
45
85
28
37
54
30
95
7
59
24
94
7
94
94
11
42
65
52
40
38
55
80
82
46
75
51
50
34
5
85
30
74
22
95
81
92
44
52
51
44
62
65
69
84
0
43
48
67
62
89
53
18
37
19
8
68
3
3
53
70
39
0
95
51
58
19
89
90
81
61
41
77
52
66
68
80
4
46
25
66
35
50
88
14
75
53
3
5
98
82
7
87
61
7
91
1
5
37
72
41
94
33
67
12
39
23
6
31
63
71
67
45
84
32
74
49
77
65
50
55
51
27
36
3
41
47
54
81
37
75
27
71
14
0
9
44
57
83
45
61
52
63
89
61
85
39
7
25
98
36
70
70
49
70
87
89
41
65
97
36
83
82
77
11
7
74
80
2
9
78
40
36
91
91
78
73
40
83
42
62
90
50
82
24
65
16
57
39
7
63
10
51
96
51
29
66
53
30
84
27
5
91
53
74
72
15
15
44
5
66
77
55
48
73
63
66
77
3
13
18
92
55
13
51
29
91
91
61
75
58
71
70
98
52
94
89
90
56
57
43
60
90
30
59
78
6
80
80
54
83
60
76
92
18
14
26
9
90
85
32
63
43
56
87
44
26
99
70
8
90
65
80
41
17
39
53
66
48
20
88
98
38
87
37
40
91
16
33
33
16
89
5
69
83
74
85
24
72
32
76
77
46
52
46
3
40
58
84
6
91
38
98
66
41
79
0
23
14
15
86
75
45
6
22
96
76
52
81
90
22
34
45
48
7
30
11
1
23
3
22
5
80
93
27
39
79
62
53
92
4
18
84
65
8
59
8
88
62
29
30
73
2
33
39
63
61
45
83
58
73
18
84
4
5
53
18
23
29
85
34
42
16
86
99
95
45
61
0
87
2
44
86
54
72
85
82
91
82
17
27
85
12
26
54
28
58
79
1
4
99
16
3
33
23
91
73
1
1
35
67
19
88
11
29
56
0
54
61
20
13
17
53
89
18
81
6
96
41
26
26
25
60
22
73
4
87
24
90
78
17
7
0
87
26
73
14
56
18
12
54
80
79
8
43
39
51
40
53
98
4
31
8
57
33
32
35
6
94
94
64
22
16
64
57
98
63
88
72
58
27
36
13
91
84
9
85
9
65
85
70
96
15
2
59
79
70
34
97
16
49
18
55
70
64
38
34
61
69
37
27
24
3
78
51
96
35
1
84
22
86
55
91
13
90
68
60
84
0
34
70
32
92
14
52
35
28
3
89
44
15
66
35
50
12
41
31
5
93
84
26
74
78
50
57
54
35
67
44
66
60
45
58
82
67
98
89
28
55
95
76
60
76
91
66
2
3
62
43
91
48
27
34
42
34
53
3
28
8
40
44
47
61
60
73
61
29
63
97
49
92
92
78
57
12
18
20
55
0
85
65
75
23
66
95
81
58
73
60
21
14
19
87
47
79
90
75
73
15
41
39
99
46
94
45
91
36
77
3
75
62
94
61
50
38
12
1
0
30
84
98
29
7
18
48
89
91
84
4
62
31
40
55
30
61
86
96
96
98
20
14
28
75
2
81
10
44
79
5
88
56
81
31
84
69
30
6
68
92
12
74
7
67
55
60
5
14
48
83
0
70
38
4
24
69
86
9
42
41
39
27
0
70
85
9
43
79
77
75
74
80
42
62
8
0
36
89
43
46
69
56
42
22
71
98
55
40
16
0
21
2
1
64
47
43
83
55
68
18
1
25
96
46
47
90
2
28
37
61
31
77
4
92
38
93
28
39
18
41
44
49
1
11
19
91
82
4
60
34
56
19
32
74
76
99
49
98
8
58
93
87
35
79
35
43
52
6
4
27
8
63
26
34
39
97
37
75
33
87
49
11
16
33
76
41
97
8
75
17
80
93
44
4
41
60
30
31
21
77
90
54
87
86
37
47
19
2
73
55
25
62
26
19
28
15
14
47
17
45
92
39
42
58
49
48
44
71
48
69
48
26
37
46
71
66
66
88
82
1
39
88
93
82
7
17
56
40
70
1
68
52
69
45
16
6
85
12
99
88
40
68
36
60
17
87
25
46
75
61
70
58
97
51
75
73
70
37
28
90
55
88
68
38
73
7
16
58
16
39
56
17
33
77
63
87
75
4
22
94
55
76
60
97
1
0
75
31
97
71
75
52
6
43
14
84
14
80
1
88
53
66
5
56
32
52
40
24
86
54
54
88
61
87
54
24
84
85
17
90
22
86
77
79
94
45
0
39
89
82
41
87
91
73
4
62
72
46
10
46
28
38
74
70
13
7
15
24
76
98
51
79
15
47
47
93
73
13
26
70
95
60
70
2
82
66
34
6
65
62
74
17
36
88
96
48
79
38
15
57
66
68
97
64
16
10
16
40
18
29
93
14
9
38
4
74
15
1
93
42
1
84
69
90
10
33
80
68
30
8
3
81
45
99
14
35
28
72
5
53
34
27
93
18
44
93
85
14
98
31
69
47
57
95
85
80
1
82
45
66
44
58
31
42
23
90
6
83
31
51
80
23
64
61
16
51
99
28
19
63
26
97
78
34
71
13
74
17
28
29
10
61
83
83
53
73
7
59
82
34
15
68
68
34
82
75
37
8
94
16
24
21
8
96
53
49
38
85
27
32
96
20
29
43
69
94
26
96
23
91
34
48
23
53
5
0
63
92
69
73
27
12
42
61
21
95
88
28
15
24
1
77
67
82
5
64
51
52
79
70
46
1
59
87
60
33
76
45
19
7
1
35
94
79
55
71
26
72
60
73
9
75
5
27
27
96
38
56
45
50
40
47
35
7
85
30
83
51
79
13
99
86
15
29
63
66
62
80
24
57
43
78
49
99
95
93
55
71
99
86
64
19
54
62
50
17
98
27
32
57
61
2
6
92
82
82
94
95
81
96
93
33
67
31
60
20
99
63
62
82
36
12
31
47
75
77
29
94
27
70
95
32
74
29
37
2
65
40
53
87
95
53
42
43
89
69
93
81
84
71
31
33
73
75
85
47
97
1
13
18
46
62
92
53
46
66
45
48
94
10
40
60
42
35
59
47
44
57
4
83
89
71
68
96
11
58
98
22
62
52
2
58
77
96
86
33
58
69
97
14
51
2
63
45
58
42
6
75
81
99
28
50
57
88
25
38
71
47
53
48
79
59
29
82
90
93
81
17
14
69
25
32
39
10
89
3
67
99
28
98
88
20
50
18
60
48
69
18
87
6
39
25
15
37
78
48
2
89
67
77
38
23
21
96
11
13
84
30
58
73
98
31
45
59
77
74
41
8
19
54
4
68
9
91
67
3
40
71
57
38
9
82
3
76
20
23
42
94
66
72
6
25
61
36
4
14
72
60
77
62
85
75
16
27
93
23
33
88
18
58
51
83
23
85
56
20
79
20
30
96
19
85
35
65
26
0
56
47
83
52
10
51
3
3
23
9
77
43
15
72
77
19
73
77
7
56
4
61
50
30
39
45
19
51
9
17
28
45
16
17
83
49
63
60
12
2
77
35
55
46
15
84
19
66
70
62
34
94
30
11
45
99
33
90
16
56
4
24
71
3
19
14
23
68
62
81
61
90
21
0
22
87
82
85
38
10
93
7
84
41
64
76
25
91
94
42
79
19
76
87
18
51
1
50
37
6
45
23
0
55
91
89
95
48
45
54
69
16
68
56
98
80
37
67
71
25
50
60
79
0
44
55
46
80
2
32
83
10
76
97
13
30
27
74
8
17
42
91
35
4
69
50
57
84
76
85
3
91
44
76
13
8
92
85
82
7
73
89
32
42
39
45
80
32
15
50
16
62
94
60
91
83
62
85
48
59
11
5
11
55
75
75
4
31
72
17
89
92
19
36
77
44
83
63
2
92
37
11
99
77
56
22
84
14
71
94
44
12
41
52
91
85
43
82
69
97
42
96
47
22
1
11
78
72
93
85
18
63
65
25
7
2
22
44
59
2
54
98
56
75
52
76
20
48
97
9
48
38
5
3
4
43
84
18
6
9
72
38
6
75
15
29
11
20
95
3
58
74
78
83
32
74
86
16
50
58
36
90
8
49
65
40
61
14
81
0
58
96
1
61
59
21
60
89
82
61
80
52
65
55
32
77
69
26
42
79
11
20
38
52
15
7
65
63
52
26
29
3
79
39
30
99
5
8
89
52
40
58
54
82
3
82
93
70
99
21
17
56
64
74
36
92
61
85
78
58
10
53
26
47
5
34
81
64
77
30
66
63
45
93
46
27
74
87
63
87
26
41
70
51
21
32
90
36
85
65
87
21
87
71
53
27
74
1
8
93
98
61
88
90
10
83
27
85
34
24
74
49
12
28
74
99
58
45
87
79
63
14
47
31
77
59
60
71
25
73
81
98
54
67
17
21
1
88
3
77
95
91
12
15
82
22
16
66
25
1
44
29
73
27
81
63
53
23
16
86
78
71
28
75
35
62
79
16
8
7
22
81
87
83
65
62
49
70
57
63
63
40
91
23
13
80
6
42
66
30
30
35
94
41
36
59
12
43
86
97
53
50
64
30
61
20
22
57
25
71
72
68
20
49
67
87
16
41
66
44
12
63
92
15
42
6
85
8
2
5
45
93
71
56
99
67
27
2
76
50
30
53
91
81
65
70
23
35
95
40
30
62
11
23
78
96
67
64
8
15
4
80
27
60
7
54
48
16
57
94
30
92
43
62
58
19
23
38
40
96
95
48
99
86
53
89
11
52
58
54
85
74
72
82
72
32
43
37
34
47
47
40
53
45
8
92
3
90
87
28
53
27
59
4
33
92
89
44
12
65
89
98
78
82
91
31
91
47
9
73
69
36
57
91
95
37
61
83
69
11
15
76
43
10
90
98
94
24
39
1
33
90
55
7
39
15
99
3
41
66
80
27
45
63
32
5
45
9
93
33
32
40
24
56
65
46
38
23
39
25
97
58
25
47
85
56
98
82
41
38
51
79
19
18
95
64
78
96
49
64
40
36
97
40
45
49
62
10
40
4
77
81
91
5
87
3
50
80
86
89
17
12
80
46
6
27
25
13
98
59
21
76
14
59
49
30
33
80
51
66
87
38
63
53
4
48
24
13
31
29
84
46
61
24
34
46
45
99
27
51
91
0
72
50
57
4
60
90
86
9
8
92
99
77
57
14
2
70
69
69
91
79
93
58
0
20
7
85
82
79
58
72
58
55
85
55
70
29
97
46
53
37
30
28
41
50
24
55
95
1
2
36
47
99
55
85
0
71
64
6
62
31
86
92
72
73
4
91
84
85
90
69
82
21
89
68
68
76
31
58
8
90
13
30
78
88
33
23
42
12
92
8
82
78
97
62
50
4
12
29
38
77
56
18
77
72
95
54
0
88
16
73
54
33
18
86
19
97
4
9
83
89
18
25
26
49
35
14
80
83
3
27
30
59
74
29
52
90
14
77
65
7
75
27
16
30
74
83
14
51
42
70
