overall_acc,0.7972
loss,[10.842707252044677, 6.215216768798828, 4.197180586471558, 3.2621318462371827, 2.8245987860870363, 2.6017694876861572, 2.491194677429199, 2.4246062062072755, 2.381846553573608, 2.3607921906280516, 2.345661102294922, 2.3326626358032225, 2.3185612423706057, 2.3089602436065673, 2.305279401550293, 2.3011662478637693, 2.307779212188721, 2.2928458758544923, 2.295872248840332, 2.294220273284912, 2.2947371418762206, 2.2914653928375244, 2.3118859643554686, 2.3062936001586913, 2.3086206859588625, 2.309071032028198, 2.3190628845214842, 2.3187771936798094, 2.326185694961548, 2.331256979522705, 2.341875166244507, 2.3407720291137695, 2.3499471643829346, 2.3610303805541992, 2.357279363479614, 2.3705393743896486, 2.364428273162842, 2.3953258410644533, 2.398140506362915, 2.3951545002746584, 2.3996711460113525, 2.41064192527771, 2.421815716018677, 2.4301834856414795, 2.4255584243774413, 2.4382149913787843, 2.4524590519714358, 2.452547382507324, 2.463502832107544, 2.4673618464660643, 2.4736074630737304, 2.479978949279785, 2.4903034172058107, 2.483186337738037, 2.505979787979126, 2.5062006651306152, 2.5102174914550783, 2.5060185641479493, 2.5172693997955324, 2.525360819320679, 2.0103829889678955, 1.6381773832321167, 1.4373798209381103, 1.2893084700393678, 1.197027777671814, 1.1375937004089356, 1.1150508654785156, 1.094499794998169, 1.096755913887024, 1.089830740776062, 1.0876689144515992, 1.0964723163986205, 1.0955013640975952, 1.0958861429977418, 1.1209029623413085, 1.1148876559829712, 1.1097223767852784, 1.1246865580368042, 1.129868928375244, 1.134952371788025, 1.1281334688186646, 1.1345568070220948, 1.1377030688858032, 1.1564850016403199, 1.1567822981262208, 1.1573403710174561, 1.1528686603927611, 1.1620853693008424, 1.1703138872528076, 1.1709896020889283, 1.1708835190963744, 1.1776399111175537, 1.181571067199707, 1.1845658707809448, 1.1804235754013062, 1.1807866970062255, 1.1799217807006837, 1.1808496726989746, 1.1955428631591798, 1.2002505918121338, 1.2053961698150635, 1.2043550523757935, 1.204725895767212, 1.199224532585144, 1.2104702155303955, 1.2198869783020019, 1.2060613821792603, 1.2103507413101195, 1.207136662788391, 1.2114774075317383, 1.2099717388153075, 1.2236999295425415, 1.228339310874939, 1.2233376859664917, 1.219576633644104, 1.2197668695831299, 1.2222119982910156, 1.2254637495422362, 1.22204000541687, 1.21834373752594, 1.079460662651062, 0.9908195515441894, 0.9509514985466003, 0.9187420561790466, 0.8884935243415832, 0.8605118209266662, 0.8333151175498963, 0.8074718336486817, 0.7831151325035095, 0.7589677759170532, 0.736201760635376, 0.7137023368072509, 0.6922720407104492, 0.6712194207954407, 0.6513979662895203, 0.6314597108459473, 0.6128063276290894, 0.5944554426956177, 0.5766298215675354, 0.5589170413398743, 0.542719100189209, 0.5258252007865906, 0.5103923595428467, 0.49557477515220644, 0.4811070925998688, 0.4664367687702179, 0.4528379224872589, 0.43948327249526975, 0.4262426528072357, 0.4137811155128479, 0.40177777534484865, 0.389705106716156, 0.37894765970230104, 0.3675118479728699, 0.35630541860580445, 0.346096944694519, 0.33593857424736023, 0.3261885304069519, 0.3178365866088867, 0.3082541478252411, 0.3021485798549652, 0.3003253900909424, 0.2980020922279358, 0.29584803215026856, 0.2941871075248718, 0.29233594835281373, 0.29045132506370547, 0.28849233295440674, 0.28734752807617187, 0.2851117555236816, 0.28327064261436463, 0.2815435793018341, 0.27989959228515626, 0.2782271953582764, 0.27650733086586, 0.27479215328216555, 0.2730634905719757, 0.27148533455848695, 0.269908955078125, 0.26810671833992006, 0.26655932256698606, 0.2650715319061279, 0.2634853776836395, 0.26184517004966734, 0.26024005816459655, 0.2587074918270111, 0.2570243585395813, 0.2555416242980957, 0.2538134692287445, 0.25247738389015195, 0.25089052401065826, 0.24938367621421814, 0.24799132828235626, 0.24651965622901917, 0.2449034081554413, 0.24358221928119658, 0.24188428791522978, 0.24069984381198883, 0.23910360840797423, 0.23767951469421386]
0,0.9565217391304348
1,0.9354838709677419
2,0.782608695652174
3,0.7586206896551724
4,0.7741935483870968
5,0.7083333333333334
6,0.8260869565217391
7,0.8461538461538461
8,1.0
9,0.9473684210526315
10,0.5
11,0.5714285714285714
12,0.85
13,0.5652173913043478
14,0.9259259259259259
15,0.875
16,0.8846153846153846
17,0.9523809523809523
18,0.6176470588235294
19,0.76
20,0.8333333333333334
21,0.8421052631578947
22,0.9411764705882353
23,0.8461538461538461
24,0.8260869565217391
25,0.75
26,0.7083333333333334
27,0.75
28,0.84
29,0.7931034482758621
30,0.8148148148148148
31,0.76
32,0.7272727272727273
33,0.6551724137931034
34,0.92
35,0.4090909090909091
36,0.9047619047619048
37,0.8421052631578947
38,0.6923076923076923
39,1.0
40,0.7142857142857143
41,0.9090909090909091
42,0.8260869565217391
43,0.8695652173913043
44,0.6521739130434783
45,0.6842105263157895
46,0.45454545454545453
47,0.7391304347826086
48,1.0
49,0.8823529411764706
50,0.7727272727272727
51,0.8095238095238095
52,0.75
53,0.896551724137931
54,0.9545454545454546
55,0.6190476190476191
56,0.8636363636363636
57,0.6428571428571429
58,0.9428571428571428
59,0.7083333333333334
60,0.8518518518518519
61,0.8620689655172413
62,0.9230769230769231
63,0.75
64,0.631578947368421
65,0.8181818181818182
66,0.8076923076923077
67,0.6521739130434783
68,0.9523809523809523
69,0.8
70,0.8333333333333334
71,0.8571428571428571
72,0.5454545454545454
73,0.75
74,0.6363636363636364
75,0.9285714285714286
76,0.8571428571428571
77,0.6176470588235294
78,0.7894736842105263
79,0.8214285714285714
80,0.7931034482758621
81,0.9047619047619048
82,0.972972972972973
83,0.8
84,0.8518518518518519
85,0.9666666666666667
86,0.7857142857142857
87,0.9333333333333333
88,0.9047619047619048
89,0.9285714285714286
90,0.8333333333333334
91,0.8717948717948718
92,0.6
93,0.8095238095238095
94,0.9130434782608695
95,0.6206896551724138
96,0.5217391304347826
97,0.75
98,0.7307692307692307
99,0.9565217391304348
16
7
91
43
14
92
6
89
13
85
47
27
81
63
59
10
78
45
53
17
27
43
10
54
25
79
68
31
69
64
83
41
23
11
96
20
87
90
52
26
83
67
20
20
7
83
27
45
68
93
86
12
69
73
99
1
70
44
26
58
88
64
88
19
34
71
19
48
44
48
58
16
63
3
71
4
1
49
98
32
14
87
38
12
8
45
92
31
62
61
89
62
78
83
45
85
28
37
54
30
95
7
59
24
94
7
94
94
11
42
65
52
40
97
55
80
82
80
75
51
74
34
25
85
30
74
22
95
81
92
27
52
51
44
62
65
69
84
0
43
48
67
62
89
83
67
45
19
8
68
3
3
83
70
39
0
95
51
58
19
89
90
90
61
41
66
52
66
68
80
4
11
25
27
35
50
88
14
75
53
3
5
98
82
7
86
61
7
91
1
5
17
72
41
94
33
67
12
39
23
6
31
63
71
67
10
10
46
74
49
77
65
50
98
51
85
36
3
41
47
54
87
37
75
55
71
14
0
9
44
57
83
45
22
59
42
89
22
85
39
7
25
98
1
70
54
49
70
87
90
41
65
97
36
83
82
96
11
7
74
80
2
9
78
40
36
91
91
99
73
79
83
42
62
90
50
82
24
65
16
28
39
7
63
10
51
96
77
29
66
53
30
84
44
5
91
53
74
72
15
15
44
25
66
77
55
48
73
63
38
77
3
13
18
92
55
13
93
29
91
91
61
75
58
71
70
98
52
94
89
90
59
57
43
60
41
30
59
78
6
80
80
54
99
60
76
54
18
14
2
9
81
85
32
63
43
73
87
44
26
99
70
8
90
65
80
48
17
39
53
66
48
5
88
25
80
87
37
40
91
16
27
33
16
89
5
69
83
74
85
24
72
32
76
33
37
52
46
21
40
58
84
6
91
63
98
66
25
79
53
23
14
15
86
75
45
6
22
33
76
52
81
49
22
34
45
48
7
30
2
1
23
3
22
5
80
93
27
39
79
62
53
54
63
18
84
66
8
59
8
88
62
29
30
73
2
33
39
4
61
45
83
58
73
18
84
4
5
57
18
23
29
85
34
97
16
86
99
95
45
97
0
86
32
44
86
54
29
85
82
91
82
17
4
58
12
26
54
28
58
79
1
33
99
16
3
33
23
91
73
1
1
11
1
19
88
11
29
56
0
54
61
20
37
17
53
89
18
81
6
47
41
19
79
25
60
22
73
4
87
24
90
78
17
7
0
87
26
73
14
56
44
12
54
21
79
8
43
39
51
40
53
98
4
31
8
57
33
82
35
6
94
92
65
22
16
63
57
2
65
88
72
58
27
36
13
91
84
9
85
9
65
85
70
59
7
2
59
79
70
34
97
16
49
18
55
70
73
38
34
61
69
37
55
24
3
78
93
96
35
1
84
22
86
4
91
58
90
68
60
84
0
34
14
32
92
14
49
35
86
3
89
7
15
66
98
50
12
41
31
34
93
84
26
74
80
50
57
54
35
73
44
66
60
79
58
82
67
98
89
28
55
95
76
60
76
91
37
2
4
62
43
91
48
27
34
42
34
53
3
28
8
18
44
59
61
60
93
61
29
63
42
49
92
92
45
57
87
18
20
72
0
41
75
18
23
66
95
81
58
73
60
21
14
19
87
47
79
90
75
73
15
41
39
99
33
94
45
91
36
77
3
75
62
94
61
50
38
12
1
0
30
84
98
29
7
18
48
81
91
84
63
62
31
40
55
30
61
86
47
59
98
25
14
28
75
11
81
22
44
79
5
33
56
81
15
84
69
30
6
68
92
81
74
7
80
55
60
5
14
48
18
0
70
38
24
24
69
16
9
42
41
39
27
0
70
85
9
43
79
77
75
74
80
42
62
8
0
36
89
4
46
69
56
42
22
71
98
72
99
16
0
21
2
1
64
47
43
92
65
68
44
1
25
96
46
47
90
2
28
37
61
31
9
4
92
38
93
28
39
18
41
44
49
92
11
19
91
82
4
60
34
56
19
32
74
87
99
49
98
8
58
93
87
11
79
35
43
52
6
4
27
8
63
26
34
39
97
37
75
33
87
49
11
16
33
76
41
97
8
75
17
55
93
44
4
41
60
30
19
21
14
90
54
87
86
37
47
19
2
73
55
25
62
26
19
28
15
14
52
17
45
92
39
42
58
49
48
44
71
48
69
9
26
88
46
23
66
66
88
82
1
39
88
93
82
7
17
56
40
70
1
68
52
69
45
16
6
85
12
99
88
40
68
36
60
17
87
25
46
75
61
70
58
88
51
75
73
70
37
28
90
55
88
68
38
91
7
16
58
61
39
56
17
33
77
32
87
63
4
16
94
55
76
60
97
1
0
75
31
55
71
75
52
6
43
14
84
14
51
1
88
53
66
5
56
32
52
40
24
86
54
54
88
61
87
54
24
84
85
17
90
22
86
77
79
76
45
0
39
89
82
41
87
91
73
4
62
72
98
10
46
28
38
72
70
13
7
15
24
76
98
74
79
15
47
47
93
73
81
26
70
95
60
70
2
82
66
34
6
65
62
74
31
36
42
52
48
79
74
15
57
66
68
97
64
16
61
16
84
18
29
84
83
9
38
43
74
15
1
45
91
1
84
69
81
10
33
80
68
30
8
38
81
45
18
14
35
28
72
5
53
34
27
93
6
44
93
85
91
35
31
69
47
86
95
85
80
1
82
14
66
80
58
31
42
23
90
6
83
31
51
80
23
64
61
40
51
99
28
19
63
26
97
78
34
90
13
74
17
28
29
10
22
83
83
53
73
7
59
82
34
15
68
68
34
82
75
37
8
94
16
24
21
8
96
53
49
63
85
55
32
96
20
29
43
69
94
26
54
23
91
34
48
71
53
5
0
59
84
69
73
50
12
64
61
21
95
88
28
15
24
1
77
67
82
5
64
51
59
79
70
46
1
59
87
60
88
76
45
55
6
1
35
94
80
9
71
26
55
60
73
9
75
5
72
27
32
38
56
45
36
40
52
98
7
85
30
14
51
79
87
99
86
15
29
63
66
62
80
24
57
43
78
49
99
95
93
55
71
51
86
64
35
23
62
50
17
11
21
32
57
99
2
6
92
82
82
94
95
81
96
93
33
73
31
60
29
74
63
62
82
36
76
31
47
75
77
29
94
27
70
95
32
38
32
37
19
65
40
53
87
95
53
42
43
89
69
93
81
40
71
31
33
73
75
85
47
97
92
13
34
46
62
92
53
46
66
45
48
94
10
40
60
42
35
59
52
44
57
4
83
89
71
68
52
46
58
98
22
62
52
2
58
77
96
86
33
58
69
97
14
51
54
63
67
58
42
6
80
81
99
28
50
57
88
25
38
71
47
53
48
79
59
29
82
90
26
81
17
14
69
25
32
39
1
89
4
67
99
28
98
88
20
64
18
60
48
69
14
21
6
39
38
15
37
77
48
2
89
73
77
38
23
21
96
11
16
84
30
58
73
46
31
83
59
77
74
41
8
19
54
4
68
53
91
67
3
40
71
57
38
9
82
3
76
20
60
42
94
66
72
14
25
61
36
4
14
10
60
77
62
85
33
16
67
93
23
33
88
18
58
51
83
23
85
56
20
79
20
30
47
19
55
98
67
26
0
56
47
53
96
10
51
64
3
46
9
79
43
15
4
77
19
73
24
7
29
4
61
50
30
39
45
3
33
9
17
28
45
16
12
70
49
63
60
12
2
51
98
34
46
15
84
19
64
70
62
34
94
30
2
4
99
33
90
16
56
4
24
71
3
15
14
23
68
45
81
61
90
21
57
22
87
82
12
38
10
93
77
84
41
64
76
25
91
94
42
79
19
76
87
18
51
1
50
37
6
45
23
0
55
91
89
95
48
45
54
69
99
68
56
86
80
12
67
71
25
50
60
79
0
27
55
46
80
2
32
92
10
12
97
13
30
27
74
8
17
42
91
11
36
69
50
57
84
95
85
3
91
79
76
13
8
92
69
82
7
73
89
32
42
39
26
80
32
15
50
16
62
94
71
91
83
62
85
48
59
11
5
2
91
75
75
4
31
72
17
89
92
19
36
77
67
83
63
2
62
37
11
99
77
56
22
84
14
71
94
44
12
41
52
91
85
43
82
40
80
42
96
47
22
1
6
78
72
93
85
18
63
65
25
44
2
22
44
59
2
54
35
56
75
52
76
20
48
97
9
1
38
5
3
50
43
84
18
6
9
72
42
14
75
15
29
2
20
95
3
58
74
14
83
91
74
86
28
74
58
36
90
8
49
65
40
61
14
81
0
58
96
1
61
59
21
60
89
82
99
80
52
65
55
32
77
69
26
42
79
11
20
38
52
15
79
65
63
52
26
29
3
79
39
30
99
5
8
38
52
40
58
54
82
3
82
93
70
99
21
17
56
64
74
1
92
61
85
78
58
61
53
44
47
5
34
81
64
77
67
66
63
35
93
46
44
45
87
63
87
26
41
70
22
21
32
90
36
85
36
87
21
87
71
83
27
74
1
8
93
98
61
88
13
10
83
74
85
34
24
74
49
12
28
74
78
58
45
87
79
63
14
47
31
77
52
60
71
16
67
81
98
54
67
17
21
1
88
3
77
95
91
12
15
82
22
16
66
25
1
44
29
73
27
81
63
53
23
81
86
78
71
28
75
35
26
79
16
8
7
22
81
87
83
65
62
49
70
57
63
18
40
91
23
13
80
6
42
66
30
72
35
94
41
36
52
12
43
86
97
53
50
97
95
61
20
22
57
25
71
72
68
20
49
67
87
16
41
66
27
25
51
92
15
42
6
85
8
2
5
45
93
71
56
99
67
65
2
76
50
30
53
91
81
65
92
23
11
72
40
71
62
11
23
78
96
67
32
8
15
4
80
33
60
7
54
48
16
57
94
30
92
43
62
58
19
23
38
40
59
95
10
99
86
53
89
11
52
58
54
85
74
72
82
72
32
43
81
34
47
52
40
53
45
8
83
3
26
40
28
53
27
59
4
33
54
89
44
12
55
89
98
78
82
91
31
17
47
9
73
69
36
78
44
95
37
61
70
69
11
15
76
11
22
90
98
94
24
39
1
33
55
55
7
39
15
99
3
41
66
80
27
45
4
32
5
45
9
93
33
65
35
24
37
65
11
34
23
39
25
97
84
25
47
29
56
98
82
41
38
51
45
19
18
95
64
78
96
49
64
40
36
97
40
45
49
62
10
56
4
54
81
91
5
87
3
50
80
86
89
17
12
80
4
6
32
25
13
98
37
21
76
14
59
49
30
60
80
51
66
87
38
63
53
4
48
24
13
31
29
84
46
61
24
34
98
45
99
27
51
91
0
72
50
57
4
60
90
86
9
46
1
99
77
57
14
2
70
69
69
32
79
93
58
0
20
6
85
82
79
58
72
58
3
85
55
70
29
97
46
53
37
30
28
86
50
24
96
95
1
2
36
59
99
91
85
0
71
64
82
62
31
86
57
72
73
42
91
84
85
90
69
82
21
89
68
68
76
31
58
8
37
13
30
78
88
33
99
42
12
92
8
82
78
97
62
74
4
12
29
43
67
56
18
80
72
95
54
0
88
84
73
29
33
14
86
19
97
4
9
57
89
57
5
26
49
11
14
80
83
3
27
30
59
74
29
52
90
14
77
4
7
75
27
16
30
50
83
14
51
42
70
