overall_acc,0.8076
loss,[10.762220220336914, 6.159153510894775, 4.161944332733154, 3.242485368423462, 2.8064216073608397, 2.5892769358825682, 2.490758833389282, 2.4237180808258056, 2.3846274621582033, 2.3688897229766845, 2.35104849029541, 2.337381136779785, 2.3221942249298095, 2.3250475788879394, 2.3127817849731445, 2.305011647720337, 2.3077121227264406, 2.3056950214004517, 2.3032974091339113, 2.2977723648834227, 2.3226480334472654, 2.3120018297576905, 2.3061240602874755, 2.322310475997925, 2.315917212295532, 2.3344307192993163, 2.3392255307769774, 2.3329422731781007, 2.346532413330078, 2.350328871841431, 2.36518827545166, 2.357393958358765, 2.372343917160034, 2.380173955078125, 2.3895499884033202, 2.385499881210327, 2.3969072998046874, 2.406455233001709, 2.412477401275635, 2.423660877532959, 2.433159856109619, 2.442614997329712, 2.4530143872070314, 2.455924378051758, 2.46800882850647, 2.487469299850464, 2.484694836807251, 2.4797196697235107, 2.5095913376617434, 2.5043901934814454, 2.517294165496826, 2.521918895568848, 2.529732271347046, 2.5394170110321044, 2.535747364883423, 2.5495976471710207, 2.5494533618164064, 2.553932862319946, 2.5566678547668458, 2.555341085586548, 2.048176471710205, 1.6741298948287964, 1.4662000380325317, 1.3161861879730226, 1.2168372532272338, 1.1589248249816895, 1.1240855827713012, 1.1057866607666016, 1.0980332823181151, 1.1000309018707275, 1.106741994819641, 1.1141722542953492, 1.1064802019119262, 1.1173961078262329, 1.1193831645965575, 1.119653833732605, 1.1356865281295776, 1.1332913234329223, 1.13978422416687, 1.158616481704712, 1.1662533475112915, 1.1475478815078735, 1.1670255615615845, 1.1710298050689698, 1.1645600129699707, 1.1743854754638672, 1.1715583082962036, 1.178078749809265, 1.1811411405944825, 1.1870819005584716, 1.1934142816543578, 1.1894482034301759, 1.1815929420852662, 1.2067315923690796, 1.1899206050109863, 1.2017415031433105, 1.2107472215270996, 1.2061934455871581, 1.2101936004638671, 1.2129856663513183, 1.219495731010437, 1.2311078904342652, 1.2174339889907837, 1.2120878747558594, 1.2152798320007325, 1.2257506422805786, 1.2217064255523682, 1.2200227825927734, 1.2342494089126588, 1.2309149391937255, 1.2211679254150392, 1.2230613045501708, 1.2340106888580322, 1.2401293612289428, 1.2312088496017457, 1.2417781706619262, 1.2377649367904664, 1.2404780853271484, 1.2495904907608033, 1.241556982383728, 1.0965509940338134, 1.0057762890243531, 0.9670729740715027, 0.935223776550293, 0.9050618048477173, 0.8751960194778442, 0.8479857031059265, 0.8222500957298279, 0.7964810968208313, 0.7729294893074036, 0.7484606635856629, 0.7260180900192261, 0.7044319021797181, 0.6830311830711365, 0.6616446827888489, 0.6425952244377137, 0.6228960541915893, 0.6046700967216492, 0.5863616827392578, 0.5683110689544678, 0.5520054636192322, 0.5350177305221557, 0.5192032326889038, 0.5044118341064453, 0.48856888768196105, 0.4742505088424683, 0.4600915693473816, 0.44782776898384097, 0.4339045159244537, 0.42076380850791933, 0.408302302274704, 0.3962349678611755, 0.3849173207092285, 0.3737073046588898, 0.3625370627498627, 0.3526749342918396, 0.34175250133514407, 0.33240621945381166, 0.3241105766582489, 0.31383897945404055, 0.30755429975509646, 0.3052446466445923, 0.3031435569190979, 0.3012157629966736, 0.29926030944824217, 0.29743856831550597, 0.2956268863105774, 0.29364269505500795, 0.29208659713745116, 0.2901711754512787, 0.28836048894882205, 0.28655952595710754, 0.2848629839706421, 0.2831364311885834, 0.2814051831817627, 0.2798623942375183, 0.2781581069469452, 0.27635780494689943, 0.27459985176086427, 0.2728793806648254, 0.2713497655963898, 0.26961361604690554, 0.26815692018508913, 0.2664079733943939, 0.26471659685134885, 0.26325208505630493, 0.26162671889305117, 0.25999262732505796, 0.2585259971904755, 0.2569930298805237, 0.25537993271827697, 0.2538636371040344, 0.2524087485218048, 0.2507558447599411, 0.24927043144702912, 0.24781767545223235, 0.24617264800071717, 0.24469428953170777, 0.24321974281787873, 0.24178727260112762]
0,1.0
1,1.0
2,0.6521739130434783
3,0.7586206896551724
4,0.7741935483870968
5,0.7916666666666666
6,0.782608695652174
7,0.8461538461538461
8,1.0
9,0.9473684210526315
10,0.35
11,0.5714285714285714
12,0.8
13,0.6956521739130435
14,0.7777777777777778
15,0.7916666666666666
16,0.9615384615384616
17,0.9523809523809523
18,0.6764705882352942
19,0.76
20,0.8333333333333334
21,0.8421052631578947
22,0.9411764705882353
23,0.8461538461538461
24,0.9130434782608695
25,0.625
26,0.8333333333333334
27,0.875
28,0.84
29,0.6896551724137931
30,0.8888888888888888
31,0.72
32,0.7727272727272727
33,0.6551724137931034
34,0.92
35,0.45454545454545453
36,0.9047619047619048
37,0.8947368421052632
38,0.8461538461538461
39,1.0
40,0.7142857142857143
41,0.9090909090909091
42,0.7391304347826086
43,0.8695652173913043
44,0.5652173913043478
45,0.7105263157894737
46,0.45454545454545453
47,0.7391304347826086
48,1.0
49,0.8235294117647058
50,0.6818181818181818
51,0.7619047619047619
52,0.9
53,0.896551724137931
54,0.9545454545454546
55,0.7142857142857143
56,0.9090909090909091
57,0.75
58,0.9142857142857143
59,0.75
60,0.8148148148148148
61,0.8275862068965517
62,0.8461538461538461
63,0.7916666666666666
64,0.7368421052631579
65,0.7272727272727273
66,0.8846153846153846
67,0.7391304347826086
68,0.9047619047619048
69,0.9333333333333333
70,0.9333333333333333
71,0.8571428571428571
72,0.45454545454545453
73,0.6875
74,0.696969696969697
75,0.9642857142857143
76,0.8571428571428571
77,0.7941176470588235
78,0.7368421052631579
79,0.8928571428571429
80,0.7931034482758621
81,0.8571428571428571
82,0.972972972972973
83,0.8
84,0.8518518518518519
85,0.9666666666666667
86,0.8571428571428571
87,0.8666666666666667
88,1.0
89,0.9285714285714286
90,0.7916666666666666
91,0.8461538461538461
92,0.72
93,0.8571428571428571
94,0.9565217391304348
95,0.7586206896551724
96,0.5217391304347826
97,0.75
98,0.6153846153846154
99,0.8695652173913043
16
7
91
43
14
92
6
89
13
85
47
27
81
63
59
10
78
44
53
17
27
43
61
54
25
79
68
99
69
64
83
41
23
48
96
20
87
90
52
26
83
67
20
20
7
16
27
45
68
93
86
13
69
73
99
1
70
44
26
58
88
64
88
19
34
71
19
48
91
48
58
16
63
55
71
4
32
15
98
32
14
87
38
12
8
45
92
31
62
61
89
92
78
83
26
85
28
37
54
30
95
7
59
24
94
7
94
94
11
42
65
52
40
38
55
80
82
11
75
51
74
34
25
85
30
74
22
95
81
92
27
52
74
44
62
65
69
84
0
43
48
67
62
89
83
67
90
19
8
68
72
3
53
70
39
0
95
51
58
4
89
90
81
61
41
77
52
66
68
80
43
46
25
27
35
50
88
14
75
53
3
5
98
82
7
81
61
7
91
1
5
17
72
41
94
33
67
8
39
23
28
31
63
71
67
45
10
32
74
49
77
72
50
15
51
85
36
3
41
47
54
81
37
75
74
71
14
0
9
44
57
83
45
61
52
63
89
61
85
39
7
25
98
36
70
70
49
70
87
77
41
65
97
36
83
82
51
32
7
74
80
2
9
51
40
36
32
91
78
73
69
83
42
62
90
50
82
24
65
16
22
39
7
63
10
51
59
44
29
66
53
30
84
44
5
91
53
74
72
15
15
44
5
66
77
55
48
95
72
66
77
3
13
18
92
55
13
73
29
91
91
99
75
58
71
70
98
52
94
89
90
56
57
43
60
25
30
59
78
6
80
80
54
99
60
76
57
18
14
26
9
90
85
32
63
43
56
87
44
26
99
70
8
12
65
80
41
17
39
53
66
48
5
88
75
80
87
37
40
91
16
27
33
16
89
5
23
83
74
85
24
93
32
76
45
5
52
46
74
40
58
84
54
91
38
98
66
41
79
0
23
14
80
86
75
45
6
22
33
76
52
81
49
22
34
45
99
7
30
11
1
23
3
22
5
80
93
27
39
79
92
53
54
4
18
84
61
8
59
8
88
62
29
30
73
2
33
39
4
22
45
83
58
39
18
84
4
5
26
18
23
29
85
34
97
16
86
99
95
45
97
0
87
93
44
86
54
29
85
82
91
82
17
4
58
12
26
54
28
58
79
1
27
30
57
3
33
23
91
73
1
1
11
1
19
88
11
45
56
0
54
61
20
18
17
53
89
18
81
6
47
41
26
26
25
60
22
73
4
87
24
90
78
17
7
0
87
26
73
14
56
39
12
54
80
79
8
43
39
51
40
53
98
4
31
8
57
33
26
35
6
94
94
64
22
16
64
57
2
38
88
55
58
26
36
13
91
84
9
5
9
65
85
70
59
6
70
59
79
70
34
97
78
49
18
55
70
64
38
34
61
69
37
64
24
3
78
51
33
35
1
84
22
86
4
91
13
90
68
60
84
0
34
22
32
92
14
49
35
86
3
89
7
15
66
35
50
12
41
31
34
93
84
26
74
15
50
57
54
11
67
44
66
60
26
58
82
67
98
89
28
55
95
76
60
76
91
37
2
4
62
43
91
48
63
34
33
34
53
3
28
8
78
44
59
61
60
73
61
29
63
63
49
92
92
6
57
86
18
20
55
0
85
65
18
23
42
95
81
58
73
60
21
70
19
87
47
79
90
75
73
15
41
39
99
33
94
45
91
36
77
3
75
92
94
61
36
38
12
1
0
30
84
98
29
7
18
48
87
91
84
32
62
31
40
55
30
61
86
47
96
98
20
14
28
75
11
81
22
73
79
5
88
56
81
15
84
69
30
6
68
70
94
74
7
80
23
60
5
14
48
83
0
70
38
43
24
69
16
9
42
41
39
27
0
70
85
9
43
79
77
75
74
80
42
62
8
0
36
89
4
46
69
56
63
22
71
98
72
99
16
0
21
45
1
64
47
43
83
65
68
18
1
25
96
46
47
90
46
28
37
61
31
77
4
92
38
93
28
39
18
41
44
49
1
11
19
91
82
4
60
34
56
19
32
74
16
99
95
98
8
58
93
87
2
24
35
43
52
6
4
27
8
63
26
34
39
97
52
75
33
87
49
46
16
33
76
41
97
8
75
17
55
93
27
4
41
60
30
31
21
77
90
54
87
86
37
47
66
2
73
55
25
62
26
19
28
15
78
47
69
45
92
39
42
58
49
48
44
71
48
69
9
26
88
46
71
66
66
88
82
1
39
88
93
82
7
17
56
40
70
1
68
52
69
45
16
62
85
12
99
88
40
68
36
23
17
13
25
46
75
61
70
58
88
51
75
73
70
37
28
90
55
88
40
38
95
6
16
58
61
39
56
17
33
77
63
87
75
4
16
94
55
76
60
97
1
0
75
31
55
71
75
52
6
43
14
84
14
51
1
88
53
66
5
56
32
52
40
24
86
54
54
88
61
87
54
24
40
85
17
90
22
86
77
79
94
45
0
39
89
82
41
87
91
73
4
62
55
98
72
46
28
38
9
70
13
29
15
24
76
98
77
79
15
47
47
93
73
13
26
70
95
60
70
2
82
66
34
6
65
62
74
17
36
88
47
48
79
50
15
57
66
68
4
64
16
63
16
84
18
29
63
57
9
38
80
74
15
1
67
72
1
84
69
81
10
33
80
68
30
8
3
81
26
18
14
35
28
72
5
53
34
27
93
18
44
93
37
91
35
31
69
47
57
95
85
80
1
82
45
66
77
58
31
42
23
90
18
83
31
51
80
23
64
61
40
51
99
28
19
63
93
97
78
34
71
13
74
17
28
29
10
82
83
83
53
73
7
59
82
34
15
68
68
34
82
75
37
8
94
16
24
21
8
96
53
67
38
89
27
32
96
20
29
43
69
94
26
54
23
91
34
48
71
53
5
0
59
57
69
73
50
12
50
61
21
95
88
28
15
24
1
77
67
82
5
64
51
52
79
70
46
1
59
87
60
88
76
45
19
7
1
35
94
79
16
71
26
27
60
73
9
75
5
55
27
96
65
56
72
36
87
47
35
7
85
30
92
51
79
25
99
86
15
29
63
66
62
80
24
57
43
78
72
99
95
93
63
71
77
86
64
4
23
62
50
17
70
21
32
57
61
98
6
70
82
82
94
95
81
96
77
33
67
38
60
20
74
63
62
82
36
76
31
47
75
77
29
94
27
62
95
32
38
67
37
36
65
40
53
87
95
53
42
43
89
69
93
81
40
71
31
33
91
75
85
47
97
1
13
24
46
89
92
53
46
66
45
48
94
61
69
60
42
98
59
47
44
57
4
83
89
71
68
52
46
58
46
22
62
52
2
58
77
96
86
33
58
69
97
14
51
2
63
45
58
97
6
80
81
99
28
50
57
88
25
38
71
47
53
48
79
59
29
82
90
93
81
17
14
69
25
32
39
62
89
66
67
99
28
98
88
20
74
18
71
48
69
93
65
6
39
38
17
37
50
48
15
89
73
77
38
27
21
96
11
46
84
30
13
30
98
31
83
59
77
74
41
8
19
54
4
68
57
91
67
3
40
71
77
38
9
82
3
76
20
60
42
94
66
72
14
25
61
36
50
14
25
60
77
62
27
66
16
67
93
23
33
88
18
58
0
83
23
85
56
20
79
20
30
56
19
85
98
90
26
0
56
59
57
52
83
44
3
3
46
9
77
43
15
66
77
19
73
77
7
29
4
61
50
30
39
51
19
31
9
17
28
45
31
13
57
49
63
71
12
2
77
11
3
46
15
84
19
66
70
62
34
94
30
11
32
99
33
90
16
56
4
24
71
3
19
14
23
68
45
81
10
90
21
57
22
87
82
12
38
10
93
77
84
41
64
76
25
91
94
42
79
19
76
87
18
51
1
50
37
6
45
23
0
55
91
89
95
48
45
54
69
82
68
56
39
80
69
67
71
25
50
60
79
0
72
55
46
80
2
32
92
10
69
97
13
30
27
74
8
17
42
91
98
36
69
65
57
84
49
85
21
91
79
76
13
8
92
69
82
7
73
89
74
42
39
26
80
4
15
50
16
70
94
60
91
83
62
85
48
59
11
5
2
84
75
75
4
31
72
17
89
70
19
36
22
73
83
63
2
92
37
35
99
77
56
22
84
14
71
94
44
30
41
52
91
85
43
82
40
38
42
96
47
22
1
11
78
72
93
85
12
63
65
25
7
2
86
44
59
2
54
11
56
75
52
76
20
48
97
9
45
38
5
3
50
43
84
18
6
9
72
38
6
75
15
29
11
20
95
3
58
74
44
83
91
74
86
28
44
58
36
90
8
49
50
95
1
14
37
0
58
96
1
61
59
21
60
89
82
61
80
52
65
55
32
77
69
26
42
79
11
20
38
52
15
7
65
63
52
26
29
3
79
39
30
99
5
8
67
52
69
58
54
82
3
82
93
70
99
21
17
56
64
74
1
92
61
85
78
58
61
53
74
47
5
34
81
64
77
30
66
63
35
93
46
26
55
87
63
87
26
41
70
51
21
32
90
36
85
65
87
21
87
60
83
27
74
1
8
93
98
61
88
90
10
83
55
85
34
24
74
49
12
28
74
6
58
45
87
79
63
14
47
31
77
59
60
71
25
67
81
98
54
67
17
21
1
88
21
77
95
91
12
15
82
22
16
66
25
1
29
29
73
27
81
63
53
23
81
86
78
71
28
75
35
62
79
16
8
7
22
81
87
83
65
62
49
70
57
63
74
40
91
23
13
80
6
42
15
30
55
35
25
41
36
52
12
43
86
97
53
50
64
3
61
20
22
57
25
71
75
68
20
49
67
87
16
41
66
27
87
70
1
15
42
6
85
8
2
5
45
93
71
56
99
67
14
2
76
50
30
53
91
81
65
92
23
11
95
40
30
62
11
23
78
96
67
50
8
15
4
80
27
60
7
54
48
16
57
94
30
92
43
62
58
19
23
38
40
96
95
16
99
86
53
89
11
52
58
54
85
74
72
82
72
95
43
37
34
47
52
40
53
45
8
83
3
90
40
28
53
68
59
4
33
92
89
44
12
95
89
98
78
82
91
31
91
47
9
73
69
36
26
91
95
16
61
83
69
11
64
76
42
78
97
98
94
24
39
1
33
96
55
79
39
15
99
3
41
66
80
27
45
4
32
5
45
9
44
33
19
35
24
59
65
11
38
23
39
25
97
58
25
96
72
56
98
82
41
38
51
79
34
18
95
64
78
96
49
64
40
36
97
40
45
49
62
10
33
4
79
81
91
5
87
3
50
80
86
89
17
12
80
4
24
74
40
13
98
37
21
76
14
59
49
30
49
80
51
66
87
38
63
53
4
48
24
13
31
29
84
46
61
24
34
46
45
99
27
51
91
0
72
50
57
4
60
12
86
9
46
1
99
77
57
47
2
70
69
69
32
79
93
58
0
20
7
85
82
79
58
72
58
75
85
55
70
44
97
46
53
37
30
28
86
50
24
96
95
1
2
36
47
99
55
85
0
71
64
82
62
31
86
57
72
73
42
45
84
85
90
69
82
21
89
68
68
76
31
58
8
37
13
30
78
88
47
99
44
12
92
8
82
78
97
62
74
4
12
27
97
77
56
18
77
72
95
54
0
45
16
73
29
33
14
86
19
97
4
9
57
89
18
25
26
49
11
14
80
83
21
27
30
52
74
29
59
90
14
77
65
7
75
27
16
30
4
83
14
51
42
70
