overall_acc,0.8008
loss,[11.19618543914795, 6.578345078430176, 4.360857367630005, 3.3607373919677737, 2.892770786437988, 2.6542129582977294, 2.5386552564239504, 2.465288705749512, 2.429449052963257, 2.39315750541687, 2.3793960636901854, 2.3693858905792236, 2.3595486022949217, 2.3524551262664795, 2.344756426086426, 2.341102014465332, 2.3386166777038575, 2.3451789041900635, 2.339783350982666, 2.3432684465026856, 2.33783758644104, 2.3443006399536133, 2.3471700349426268, 2.3589428050994874, 2.3534245106506346, 2.3614385599517824, 2.364864893951416, 2.3711857691955567, 2.376968973312378, 2.388224448394775, 2.3926901985931397, 2.408953097610474, 2.409621625518799, 2.41713854598999, 2.420364266052246, 2.44072856590271, 2.4434426568603516, 2.4685575234985353, 2.45867001953125, 2.4682608972167968, 2.466473501663208, 2.4857353494262697, 2.4979564649963377, 2.518762407989502, 2.508766487350464, 2.5180809771728514, 2.526392781906128, 2.5413695043182374, 2.554127409286499, 2.5435708029174804, 2.5604037593078615, 2.563300780258179, 2.5682799363708497, 2.5725896965789796, 2.577753713760376, 2.574714409484863, 2.586183342514038, 2.596177019577026, 2.593959144592285, 2.6004554539489746, 2.0770513068389893, 1.6911679314804078, 1.4833562799072266, 1.336954597053528, 1.2358142482757568, 1.1847669388961792, 1.1472955934906006, 1.131665753593445, 1.1279151458740235, 1.137475443534851, 1.1430444672966003, 1.1381058053970337, 1.1421560907363892, 1.1499736655044555, 1.148164836769104, 1.153301640739441, 1.1637191076278686, 1.1656226536941527, 1.1638270779418944, 1.1720027298736573, 1.1727025087738037, 1.183919889755249, 1.1799835452270508, 1.1877362232971191, 1.2003551015472411, 1.1995537786102295, 1.192038763923645, 1.2084007402038575, 1.2066035749435424, 1.211449446258545, 1.2035654580688477, 1.2158556565856933, 1.218779684562683, 1.2154782231903076, 1.2332803104019165, 1.2239861154937743, 1.2234021257781982, 1.2409999362182618, 1.2354977701950074, 1.2385171875, 1.223872582244873, 1.2322103610229491, 1.2452322777557374, 1.2447591466522216, 1.254202979888916, 1.2383543160247803, 1.2484890229797363, 1.2530142515182494, 1.2450479440307618, 1.2523892234420777, 1.255560438079834, 1.2495063258743286, 1.2529657092666626, 1.2525023811721803, 1.2649844111633302, 1.2666527795028686, 1.258926106376648, 1.2619943612289428, 1.2667670219421387, 1.2569927147293092, 1.1243135760879517, 1.0285711968612672, 0.9870766086387635, 0.953677284526825, 0.921692486000061, 0.8934370213317872, 0.8651140945053101, 0.8385678935813904, 0.8129145838165284, 0.7885509676742554, 0.7638428262519836, 0.7416450812530517, 0.7184799801826477, 0.6966839748001099, 0.6763507918548584, 0.6559150077629089, 0.6363184267044067, 0.6169460284614563, 0.5984601656150818, 0.5802284543037415, 0.5632061431121826, 0.5460162014389038, 0.5299616286659241, 0.5144694694709778, 0.4985506137275696, 0.48407411538124084, 0.46966226819992063, 0.45556975964546204, 0.4425110202503204, 0.42885799195289614, 0.41653740070343015, 0.40478972047805784, 0.3931663698196411, 0.38184682112693785, 0.3707550137424469, 0.3595016156291962, 0.34959494421958925, 0.33980557293891905, 0.3302865477180481, 0.32069482672691346, 0.31432576575279236, 0.31173841477394104, 0.30959177567481994, 0.30764435934066775, 0.30545917041778564, 0.30376743923187255, 0.30171631966590884, 0.2998187379360199, 0.29801918327331545, 0.2962220002937317, 0.29456027641296384, 0.29264461219787596, 0.2907527946281433, 0.2890912787151337, 0.2873855484199524, 0.2856403962516785, 0.2837907027435303, 0.2821804879665375, 0.2802948091697693, 0.27878281337738037, 0.2771190026664734, 0.2754666815662384, 0.2737641819667816, 0.27197903188705447, 0.2703883399105072, 0.26885690587997435, 0.26724798864364624, 0.2655316223812103, 0.2640543643474579, 0.26222828048706054, 0.2608793550300598, 0.2593019502925873, 0.2575614492607117, 0.255993367729187, 0.254600060338974, 0.25299613869667054, 0.2514991334819794, 0.2498275465154648, 0.24850100186824797, 0.24702018534183504]
0,0.9565217391304348
1,0.967741935483871
2,0.8260869565217391
3,0.7586206896551724
4,0.8709677419354839
5,0.8333333333333334
6,0.9565217391304348
7,0.8461538461538461
8,1.0
9,1.0
10,0.55
11,0.5714285714285714
12,0.75
13,0.6521739130434783
14,0.8148148148148148
15,0.875
16,0.8846153846153846
17,0.9523809523809523
18,0.6764705882352942
19,0.76
20,0.9444444444444444
21,0.8947368421052632
22,0.7647058823529411
23,0.8461538461538461
24,0.8695652173913043
25,0.625
26,0.8333333333333334
27,0.8333333333333334
28,0.76
29,0.7241379310344828
30,0.8888888888888888
31,0.72
32,0.7272727272727273
33,0.6551724137931034
34,0.84
35,0.5454545454545454
36,0.8095238095238095
37,0.8421052631578947
38,0.7692307692307693
39,0.9565217391304348
40,0.7142857142857143
41,0.9090909090909091
42,0.8260869565217391
43,0.8695652173913043
44,0.6521739130434783
45,0.7105263157894737
46,0.4090909090909091
47,0.7391304347826086
48,1.0
49,0.8823529411764706
50,0.7272727272727273
51,0.7142857142857143
52,0.8
53,0.9655172413793104
54,0.9545454545454546
55,0.47619047619047616
56,0.9090909090909091
57,0.75
58,0.9142857142857143
59,0.75
60,0.8148148148148148
61,0.8620689655172413
62,0.7692307692307693
63,0.8333333333333334
64,0.6842105263157895
65,0.6818181818181818
66,0.8461538461538461
67,0.782608695652174
68,0.9047619047619048
69,0.7666666666666667
70,0.8
71,0.7619047619047619
72,0.45454545454545453
73,0.71875
74,0.6666666666666666
75,0.9285714285714286
76,0.8571428571428571
77,0.7352941176470589
78,0.6842105263157895
79,0.8571428571428571
80,0.7241379310344828
81,0.8571428571428571
82,0.8918918918918919
83,0.9
84,0.8888888888888888
85,0.9333333333333333
86,0.8214285714285714
87,0.9333333333333333
88,0.9523809523809523
89,0.8928571428571429
90,0.875
91,0.9230769230769231
92,0.72
93,0.7619047619047619
94,0.9565217391304348
95,0.6206896551724138
96,0.6086956521739131
97,0.7916666666666666
98,0.6153846153846154
99,0.8260869565217391
16
7
91
43
14
92
6
89
13
85
47
27
81
63
59
10
78
18
53
17
27
43
10
54
87
79
68
99
69
64
83
41
23
35
96
20
87
90
52
26
83
67
20
20
7
83
27
45
68
93
10
13
69
78
99
1
62
44
26
58
88
64
88
19
3
23
19
48
91
48
58
16
63
75
71
4
91
15
98
32
14
87
38
12
8
45
92
31
92
61
89
92
78
83
26
85
28
37
54
30
95
7
59
24
94
7
94
94
11
42
65
52
40
38
4
80
82
46
75
93
65
34
5
85
30
74
22
95
81
92
27
52
6
44
62
65
69
84
0
43
48
67
62
89
53
67
37
19
8
68
64
3
83
62
39
0
95
51
58
4
89
90
81
61
41
33
52
66
68
80
43
46
5
27
35
36
88
14
75
53
3
5
98
82
7
87
61
7
91
1
5
17
95
41
94
33
67
79
39
23
28
31
63
71
67
37
48
84
74
49
77
65
50
11
51
85
36
3
41
47
54
87
37
75
21
71
14
24
9
44
57
83
45
22
52
63
89
22
85
39
18
25
98
24
70
54
49
70
87
89
41
65
97
36
83
82
6
46
7
74
80
2
9
91
40
36
91
91
78
73
73
83
42
62
90
50
82
24
38
16
5
39
7
63
10
51
96
77
29
66
83
30
84
44
5
91
53
74
72
15
15
44
25
66
10
15
48
95
66
66
77
3
13
18
92
55
13
72
29
91
91
61
75
58
71
70
98
52
94
89
90
56
57
43
60
41
30
59
78
6
80
80
54
83
60
17
54
18
14
26
9
90
85
32
63
43
73
87
44
26
99
70
8
12
65
80
48
17
39
53
66
48
20
88
32
97
87
37
69
91
16
27
33
16
89
5
76
83
74
85
24
44
32
76
33
5
52
46
12
40
58
84
6
91
63
98
66
90
79
0
23
14
80
86
75
45
6
22
33
76
52
41
90
22
34
45
72
7
30
11
1
23
3
22
5
80
93
27
86
79
62
53
54
63
18
84
26
8
59
8
88
62
29
30
73
2
33
39
4
61
45
83
58
73
18
84
4
5
57
18
23
29
85
34
64
16
86
40
95
45
61
0
46
2
44
86
14
29
85
82
91
82
17
4
58
12
26
54
28
58
79
1
33
99
22
3
33
23
91
73
1
1
11
32
19
88
11
29
56
0
54
61
20
13
17
53
89
18
81
6
47
41
26
26
25
60
22
93
4
47
24
79
78
17
7
0
87
26
73
14
56
73
12
54
21
79
8
43
39
51
40
53
98
63
31
8
57
33
32
35
6
94
94
65
22
16
63
57
2
65
88
72
58
26
36
13
91
84
9
5
9
65
85
70
52
7
70
59
79
70
34
97
18
49
18
55
70
27
38
34
61
69
37
33
24
3
78
75
33
35
1
84
56
86
55
91
13
90
68
60
84
0
34
54
32
92
14
49
35
86
3
89
44
15
66
35
50
12
41
31
28
93
84
26
74
80
50
57
54
35
67
44
66
60
45
58
82
67
83
89
28
55
95
76
60
76
91
37
2
4
62
43
91
48
63
34
42
34
53
3
28
8
40
44
47
61
60
73
61
26
63
4
49
92
92
6
55
86
18
20
55
0
85
65
33
23
66
95
81
58
73
60
21
92
19
87
47
79
90
75
73
15
41
39
99
33
94
45
91
36
77
19
75
92
94
61
50
38
12
1
0
30
84
98
29
7
18
48
87
91
84
63
62
31
40
95
30
61
86
96
18
98
25
14
28
75
2
81
16
44
79
5
33
56
81
15
84
69
30
6
68
70
81
74
7
80
55
60
5
14
48
83
0
70
38
26
24
69
16
9
42
41
39
27
0
70
85
9
43
79
77
75
74
80
42
62
8
0
36
89
4
46
69
56
42
99
71
98
72
40
25
0
21
2
1
64
47
43
92
42
68
18
1
25
96
46
47
90
2
77
37
61
31
77
4
92
38
93
28
39
18
41
44
49
1
11
19
91
82
4
60
34
56
19
32
74
87
99
73
35
8
58
93
87
35
24
35
43
52
6
4
27
8
63
26
34
39
97
52
75
33
87
49
46
16
33
76
41
97
8
75
17
55
93
27
4
6
60
67
65
21
77
90
54
87
86
37
47
66
2
73
55
25
62
26
19
28
15
73
59
17
45
92
39
42
58
49
48
44
71
48
69
9
65
16
46
71
66
66
88
82
1
39
88
93
82
7
17
56
40
70
1
49
52
69
45
16
6
85
12
99
88
40
68
36
60
17
94
20
46
75
61
70
58
97
51
75
73
54
37
28
90
55
88
68
38
73
77
16
58
61
39
56
17
33
77
63
87
75
4
16
94
55
76
60
97
1
0
75
31
27
71
75
52
6
43
14
84
14
51
1
88
53
66
5
56
32
52
40
24
86
54
54
88
61
87
54
24
40
85
17
90
22
86
77
79
94
45
0
39
89
82
41
87
91
73
4
62
72
46
10
46
28
38
74
70
13
7
15
24
76
98
51
79
15
47
47
93
73
81
26
70
95
60
70
11
82
66
34
6
65
62
74
31
50
88
52
48
79
50
55
83
66
68
97
64
16
61
16
86
18
29
84
57
9
77
74
74
15
1
51
91
1
84
29
81
10
33
80
68
30
8
3
81
26
18
20
35
20
72
5
53
34
27
93
6
44
93
85
78
98
31
69
47
57
30
85
80
1
82
45
66
44
58
31
42
23
90
18
83
31
51
80
23
64
61
16
51
99
28
19
63
93
97
78
34
27
13
74
17
28
29
10
22
83
83
53
73
7
59
82
34
15
68
68
34
82
75
37
8
94
16
24
21
8
96
53
49
63
85
55
32
96
20
29
43
69
94
26
82
23
91
34
48
23
53
25
0
59
57
76
73
27
12
42
61
21
72
88
28
15
24
1
77
67
82
5
64
51
59
79
70
46
1
59
87
60
88
76
45
15
7
1
35
94
79
40
71
26
55
60
73
9
75
5
74
27
32
38
56
45
29
90
47
98
7
85
30
92
51
79
89
99
86
15
29
63
66
62
80
24
57
43
78
49
99
95
93
63
12
78
86
64
4
54
62
50
17
98
21
32
57
61
2
6
1
82
82
94
95
81
96
93
33
67
31
60
50
64
63
62
82
36
68
31
47
75
77
29
94
27
70
95
32
38
67
37
2
65
40
53
87
95
53
42
43
89
69
93
81
84
71
19
33
73
75
85
47
97
62
13
34
46
83
92
53
46
66
45
48
94
61
69
60
42
98
59
52
44
57
4
83
89
71
68
52
21
58
98
78
62
52
2
58
77
96
86
33
58
69
97
14
51
2
4
45
58
42
6
66
81
99
28
50
57
88
25
38
71
47
53
48
79
59
29
82
90
45
81
17
14
69
25
32
39
10
89
4
67
99
28
98
88
20
42
18
60
48
69
18
86
6
39
72
15
37
61
48
46
89
67
77
38
23
21
96
11
9
84
30
13
73
35
31
83
59
77
74
41
8
19
54
4
68
9
91
67
19
40
71
57
38
9
82
3
76
20
60
42
94
66
72
6
25
61
36
4
14
61
60
77
70
85
66
16
67
63
23
33
88
18
58
51
83
23
85
56
20
18
20
30
56
19
55
98
18
26
0
56
47
83
59
10
51
64
3
23
9
77
43
15
72
77
19
73
77
7
12
4
61
64
30
39
45
75
17
9
17
28
45
16
81
83
49
63
60
12
11
51
35
80
46
15
84
19
36
70
62
34
94
30
11
5
99
33
90
16
56
4
24
71
3
19
14
23
68
45
81
10
90
21
57
22
87
82
12
38
10
93
77
84
41
64
76
25
91
94
42
79
19
76
87
18
51
1
50
94
6
45
23
0
45
91
48
95
48
45
54
69
51
68
56
86
80
40
67
71
25
50
60
79
0
44
55
98
93
2
32
92
61
76
97
13
30
27
74
8
17
42
91
11
36
69
50
57
84
49
85
21
91
79
76
13
8
92
69
82
42
73
89
66
42
39
14
80
4
15
50
16
70
94
60
91
83
62
85
48
59
11
5
2
18
75
75
4
31
72
17
89
70
19
36
22
67
83
63
2
92
37
2
99
77
56
22
84
14
71
94
44
37
41
52
91
85
43
82
40
97
42
96
47
22
1
45
78
63
93
85
44
63
65
25
44
2
86
44
59
2
54
98
56
75
52
76
20
48
97
9
1
38
84
3
50
43
84
18
6
9
72
38
6
75
15
29
35
20
95
3
58
74
44
83
91
74
86
86
50
58
36
90
8
49
42
40
70
14
81
0
58
96
1
61
59
21
60
89
82
61
80
52
65
55
32
77
69
26
42
79
11
20
38
52
15
7
65
63
96
26
29
3
79
39
30
99
5
8
67
52
40
58
54
82
3
96
93
70
99
21
17
56
64
74
1
92
61
85
78
58
61
53
74
47
5
34
81
64
77
73
66
63
45
30
46
27
74
87
66
87
26
41
70
65
21
32
90
36
85
3
87
21
87
71
83
27
63
1
8
93
98
61
88
90
10
83
27
89
34
24
74
49
12
28
74
78
58
45
87
79
67
14
47
31
77
52
49
71
25
67
81
98
54
67
17
21
1
88
21
77
95
91
12
15
82
22
16
66
5
1
29
29
73
27
81
63
53
23
81
86
78
71
28
75
46
62
79
16
8
7
22
13
87
44
65
62
49
70
57
75
18
40
91
23
13
80
6
42
66
30
55
11
94
41
36
52
12
43
86
97
53
50
97
3
61
20
22
57
25
71
72
68
20
49
67
87
16
41
66
27
87
51
45
15
42
6
12
8
2
5
45
85
71
56
99
67
32
2
76
50
30
53
91
81
65
92
23
35
72
40
30
62
11
23
78
96
67
50
8
15
4
80
27
60
7
54
48
16
57
94
30
92
43
62
58
19
23
38
40
96
95
10
99
86
53
89
11
52
58
54
85
74
72
82
72
32
43
37
34
47
52
40
53
45
8
92
3
90
40
28
53
32
59
4
33
92
89
44
44
55
89
98
78
82
91
31
91
47
9
73
69
36
41
91
95
37
61
83
69
11
64
76
42
22
90
98
94
24
86
1
33
59
55
7
39
15
78
3
41
66
80
27
45
74
32
5
45
9
93
33
22
35
24
56
65
11
38
23
39
25
97
74
25
47
29
56
98
82
41
38
51
45
34
18
73
64
78
96
49
64
40
36
97
40
45
49
62
10
56
4
18
81
91
5
87
3
50
80
86
89
17
12
80
4
24
32
25
13
98
37
21
76
14
59
49
30
33
80
51
66
87
38
63
53
4
48
24
13
31
29
84
46
61
24
34
98
45
99
27
51
91
0
72
50
57
4
60
90
66
9
46
92
99
77
57
14
2
70
69
69
91
79
93
58
0
20
7
85
82
79
58
67
58
3
85
55
62
44
97
46
53
37
73
28
86
50
24
31
95
1
2
36
59
99
91
85
0
71
64
10
62
31
86
57
72
73
63
91
84
85
90
69
82
21
89
68
68
76
31
58
8
37
13
30
78
42
33
99
42
12
92
8
82
18
97
62
74
4
90
29
38
74
56
18
80
72
95
54
53
45
16
73
29
47
6
86
19
97
4
9
53
89
55
5
26
49
11
14
80
83
3
27
30
59
74
42
59
90
14
77
63
7
75
27
16
30
64
83
14
51
42
70
