overall_acc,0.7972
loss,[10.896938263244628, 6.2726139453125, 4.215041098098755, 3.28217556060791, 2.8290491275787355, 2.6028846208190917, 2.496880688934326, 2.4203743173217775, 2.375783549499512, 2.354902412261963, 2.336739655151367, 2.3340386177062986, 2.3210174365997314, 2.3128084783935545, 2.304747381668091, 2.2919685182952882, 2.3043524198150633, 2.305596094894409, 2.2998762937927246, 2.299541752243042, 2.3111948221588134, 2.297738150253296, 2.298313560333252, 2.306111119995117, 2.3096873360443113, 2.3070835092926028, 2.3147462008666992, 2.3214626372528078, 2.331670351638794, 2.338390115814209, 2.3354465240478515, 2.3406976778411863, 2.354904829940796, 2.36100095703125, 2.362758570022583, 2.3692248796844484, 2.3838967584228516, 2.3952174813842775, 2.410080567474365, 2.4118028120422363, 2.4089631901550295, 2.415783751373291, 2.4251084098815916, 2.4412222076416015, 2.4514012953948976, 2.459790808792114, 2.452317583389282, 2.475281615371704, 2.4736736772155763, 2.483971729888916, 2.4826012362670897, 2.5002646463012694, 2.5044002798461915, 2.514767622756958, 2.508905355529785, 2.5219980239105224, 2.523232448043823, 2.5292059036254884, 2.5224998590087893, 2.5329895710754395, 2.010254755325317, 1.6432230606842042, 1.4346570927429199, 1.294219967880249, 1.1968704831314088, 1.1333382549285889, 1.1064752722930908, 1.092769658355713, 1.087708286933899, 1.0913717447662354, 1.110570130882263, 1.0922803146362305, 1.0960869062423706, 1.1056758629226684, 1.1200617045974732, 1.1187598852157592, 1.1237767607879638, 1.1323202013778686, 1.1307427928161622, 1.136113969078064, 1.1291898853302003, 1.1411114796447754, 1.151814633102417, 1.1440484521102905, 1.1600976558303833, 1.1561727507781983, 1.1603589434814454, 1.1785743701934814, 1.16770634059906, 1.1710820608901977, 1.178291477546692, 1.1783932373809813, 1.1884428786087036, 1.1911792198562623, 1.197002668762207, 1.1938100811386108, 1.1880103799438477, 1.19145810131073, 1.191295978050232, 1.1911014145660401, 1.1978330834960937, 1.2065464966201782, 1.2027559280776978, 1.2051299838638305, 1.2111930481338502, 1.204575636024475, 1.217602667388916, 1.2112397325134276, 1.2148250500106812, 1.2107516598129273, 1.2279074177932738, 1.2164432667922973, 1.214254172782898, 1.2212408675003052, 1.2277726095581054, 1.2235870958709716, 1.2280693883895875, 1.238018579940796, 1.238473392677307, 1.2336491609191895, 1.0925369849777222, 1.0003341672706605, 0.9619537008094787, 0.9278651312255859, 0.8982236569786072, 0.8702567477798462, 0.843830433921814, 0.8165351735305786, 0.7912519975662231, 0.7673424146270752, 0.7435162942504883, 0.7214318055725097, 0.6998049328994751, 0.678991515083313, 0.6579507203674316, 0.638285192565918, 0.6184500313949585, 0.6003831413841247, 0.5823944805145264, 0.5647205932426452, 0.5478226205825806, 0.5309537370300293, 0.5159266779136658, 0.5006270987129211, 0.4858630264472961, 0.470969985370636, 0.45680676480293275, 0.4431592629337311, 0.43032178797721865, 0.41755208592414855, 0.405093160905838, 0.3927926854896545, 0.38177649205207825, 0.3706668744564056, 0.35986003352165225, 0.35113793805122373, 0.340529574546814, 0.3311267911052704, 0.3216210172843933, 0.31249028814315793, 0.30654668557167053, 0.30375212329864504, 0.30177063389778136, 0.2995892556667328, 0.29770528245925904, 0.2958851238155365, 0.2937699179267883, 0.29200692573547365, 0.2901682956600189, 0.28870588479042053, 0.2865806823348999, 0.285030825548172, 0.2830989645767212, 0.28131088647842406, 0.2797333975505829, 0.27800340581893923, 0.27644585961341855, 0.2749156211948395, 0.2729740466594696, 0.2713976418590546, 0.269626842918396, 0.268053278388977, 0.26625344765663145, 0.26482601075172424, 0.2631505033302307, 0.2615063285064697, 0.25993337303161623, 0.25840500679016115, 0.2567471900558472, 0.25533435229301454, 0.25382377326011657, 0.25221267301559447, 0.25077364450454714, 0.24914940572738647, 0.24770275683879853, 0.2462305583190918, 0.24476999538898467, 0.24331596409797668, 0.24172913118362427, 0.24025785555839538]
0,1.0
1,0.967741935483871
2,0.8260869565217391
3,0.8275862068965517
4,0.7741935483870968
5,0.8333333333333334
6,0.8260869565217391
7,0.8076923076923077
8,1.0
9,1.0
10,0.4
11,0.5714285714285714
12,0.9
13,0.6086956521739131
14,0.7407407407407407
15,0.875
16,0.9230769230769231
17,0.9047619047619048
18,0.6176470588235294
19,0.84
20,0.8888888888888888
21,0.8421052631578947
22,0.8823529411764706
23,0.8076923076923077
24,0.8260869565217391
25,0.6666666666666666
26,0.75
27,0.8333333333333334
28,0.8
29,0.7931034482758621
30,0.8888888888888888
31,0.68
32,0.7272727272727273
33,0.6551724137931034
34,0.8
35,0.5454545454545454
36,0.9047619047619048
37,0.7894736842105263
38,0.8461538461538461
39,1.0
40,0.75
41,0.9545454545454546
42,0.782608695652174
43,0.9130434782608695
44,0.6521739130434783
45,0.6578947368421053
46,0.4090909090909091
47,0.7391304347826086
48,1.0
49,0.8235294117647058
50,0.7272727272727273
51,0.6666666666666666
52,0.75
53,0.896551724137931
54,1.0
55,0.5238095238095238
56,0.8636363636363636
57,0.6428571428571429
58,0.9428571428571428
59,0.7916666666666666
60,0.8518518518518519
61,0.7931034482758621
62,0.7692307692307693
63,0.75
64,0.5789473684210527
65,0.7727272727272727
66,0.8461538461538461
67,0.6521739130434783
68,0.9047619047619048
69,0.8666666666666667
70,0.8666666666666667
71,0.8095238095238095
72,0.5909090909090909
73,0.71875
74,0.5757575757575758
75,0.9285714285714286
76,0.8095238095238095
77,0.6764705882352942
78,0.7894736842105263
79,0.8214285714285714
80,0.7931034482758621
81,0.9047619047619048
82,0.9459459459459459
83,0.8333333333333334
84,0.8148148148148148
85,0.9333333333333333
86,0.8214285714285714
87,0.8
88,0.9523809523809523
89,0.9285714285714286
90,0.875
91,0.8717948717948718
92,0.76
93,0.8095238095238095
94,0.9565217391304348
95,0.6551724137931034
96,0.5217391304347826
97,0.8333333333333334
98,0.7307692307692307
99,0.9130434782608695
16
7
91
43
14
92
6
89
13
85
47
74
81
63
59
10
78
18
53
17
27
43
10
54
94
79
68
31
69
64
83
41
23
46
59
20
87
90
52
26
83
67
20
20
7
83
27
45
68
93
86
12
69
73
99
1
70
66
26
58
88
36
88
19
3
71
19
48
44
48
58
16
63
80
55
4
32
15
98
32
14
87
38
12
8
45
92
31
62
61
89
92
78
83
45
85
28
37
54
30
95
7
59
24
94
7
94
94
11
42
65
52
40
38
55
80
82
46
75
51
74
34
5
89
30
74
22
19
81
92
27
52
6
44
92
65
69
84
0
43
48
67
62
45
53
44
37
19
8
68
64
3
53
70
39
0
40
51
58
19
89
90
81
61
41
33
52
66
68
80
4
11
25
27
35
36
88
7
75
53
3
84
35
82
7
81
61
7
91
1
5
37
72
41
94
33
67
8
39
23
28
31
63
71
67
45
84
35
74
49
77
65
50
15
51
27
36
3
41
96
54
81
37
75
63
71
14
83
9
44
57
83
45
28
59
63
89
22
85
39
7
25
98
65
70
70
49
70
87
89
41
65
97
36
83
82
88
11
7
74
80
2
9
78
40
36
32
91
99
73
76
83
42
62
90
50
82
24
65
16
40
39
7
63
10
51
96
77
29
66
53
30
84
44
5
91
53
74
72
38
15
44
25
66
89
15
48
73
66
64
77
3
13
18
92
55
13
51
29
91
91
61
75
58
71
70
98
52
94
89
90
56
57
43
60
89
30
59
78
6
80
80
54
99
60
69
92
18
14
26
9
81
85
32
63
43
73
87
44
26
99
70
8
90
65
80
41
17
39
53
66
48
5
88
98
38
98
31
46
91
16
27
33
16
89
5
69
83
74
85
24
93
32
76
45
5
52
46
27
40
58
84
6
91
63
98
66
41
79
0
23
14
80
86
75
45
6
22
96
76
52
41
90
22
34
59
72
65
30
2
1
23
3
22
5
80
93
27
39
79
92
53
54
4
18
84
66
8
59
8
88
62
29
30
73
2
33
39
4
61
45
83
58
73
18
84
4
5
57
18
23
29
85
42
97
16
86
99
95
45
97
0
87
98
44
86
54
29
85
82
91
82
17
27
58
12
26
54
28
58
79
1
4
44
65
3
33
21
91
73
1
1
35
57
19
88
11
29
56
0
54
61
20
13
17
53
89
18
81
6
59
41
26
26
25
60
22
30
4
47
24
79
78
17
7
0
87
26
30
14
56
26
12
54
21
79
8
43
39
51
40
53
98
93
31
8
57
33
29
35
66
94
86
65
22
16
63
57
2
55
42
72
58
27
36
13
91
84
9
5
9
75
85
70
52
7
2
59
79
70
34
97
16
49
18
55
70
64
38
34
61
69
37
4
24
3
78
51
33
3
1
84
22
86
4
91
58
90
68
60
84
0
80
26
32
92
14
96
35
86
3
89
44
15
66
35
50
12
41
31
34
93
84
26
74
39
50
57
54
11
67
44
66
60
79
58
82
67
98
89
28
55
95
76
60
76
91
37
2
4
62
43
91
48
27
34
88
34
53
3
28
8
99
44
96
61
60
73
61
29
18
63
49
92
92
45
57
76
18
20
4
0
85
65
90
23
66
95
81
58
73
60
21
62
19
87
47
79
90
75
91
15
41
39
99
33
94
45
91
36
77
95
75
92
94
61
50
38
12
1
0
30
84
98
29
7
18
48
89
91
84
4
62
31
40
55
30
43
86
47
18
98
25
14
28
75
35
81
61
44
79
5
88
56
81
15
84
69
30
6
68
70
12
74
7
80
95
68
5
14
48
83
0
70
38
4
24
69
16
9
42
41
39
27
0
70
85
9
43
79
77
75
74
80
42
62
8
0
36
89
43
46
69
56
42
78
71
98
64
40
16
0
21
2
1
31
47
43
83
32
68
18
1
25
96
98
96
90
46
28
37
61
31
9
4
92
38
93
28
39
6
41
78
49
1
11
19
91
82
4
60
34
56
19
32
74
76
99
73
98
8
58
93
87
11
24
35
43
47
6
4
27
8
63
26
34
39
97
37
75
33
87
49
46
16
33
76
41
97
8
75
17
55
93
27
4
41
60
30
35
21
77
90
54
87
86
37
47
66
2
73
55
98
62
26
19
28
15
14
59
69
45
92
39
42
13
49
48
44
71
48
69
9
26
16
11
71
66
66
88
82
1
39
88
93
82
7
17
56
40
70
1
49
52
69
45
16
6
85
12
99
88
40
68
36
60
17
28
20
46
75
61
70
58
88
51
75
73
54
37
28
90
55
88
68
38
73
6
16
58
16
39
56
17
33
77
63
87
75
4
16
94
55
76
60
97
1
0
75
31
72
71
75
52
6
43
14
84
6
51
1
88
53
66
5
56
32
59
40
24
86
54
54
88
61
87
54
24
16
85
17
90
22
86
77
79
94
45
0
39
89
82
41
87
91
73
4
62
55
98
61
46
28
38
72
70
13
7
15
26
76
98
73
79
15
47
47
93
73
81
26
70
95
60
70
11
82
66
34
6
65
62
74
31
36
88
47
48
79
38
15
57
66
68
97
64
16
10
16
25
18
29
63
53
9
38
43
74
15
1
78
32
1
84
69
90
10
33
80
68
30
8
3
81
26
99
29
35
20
74
5
53
34
27
93
6
44
93
85
91
35
31
69
47
57
95
85
80
1
82
79
66
77
58
31
42
23
90
24
83
31
51
80
23
64
61
40
51
99
28
19
63
93
97
78
34
90
13
50
17
28
29
10
61
83
83
53
73
7
59
82
34
15
68
68
34
82
75
37
8
94
16
24
21
8
96
53
49
38
85
27
32
96
20
29
43
69
94
26
1
23
91
34
48
23
53
5
0
59
57
69
73
50
12
42
61
21
95
88
28
15
24
1
77
67
82
5
64
51
52
79
70
46
1
59
87
60
88
76
45
15
14
1
35
94
79
25
71
26
72
60
73
9
75
5
72
27
32
38
56
45
29
40
47
98
18
85
30
92
51
79
13
99
86
15
29
63
66
62
80
24
57
43
78
49
99
95
93
72
71
78
86
64
19
23
62
50
17
98
72
32
57
61
2
6
92
82
82
94
95
81
96
77
33
72
31
60
79
16
63
62
82
36
12
31
47
75
77
29
94
27
84
95
32
38
67
37
2
65
40
53
87
95
53
42
43
89
69
93
81
40
71
31
33
73
75
85
47
97
54
13
33
46
45
92
53
46
66
45
48
94
10
69
60
42
35
59
52
44
57
4
83
89
71
58
52
32
58
98
22
62
52
2
58
77
96
86
33
58
69
97
14
51
2
63
45
58
42
6
3
81
99
28
50
57
88
25
38
71
47
53
48
79
59
29
82
90
91
81
17
14
69
25
32
39
86
89
4
67
99
28
98
88
20
42
18
60
48
69
18
86
6
39
87
15
37
2
48
98
89
73
35
38
23
21
96
11
16
84
30
58
73
46
72
83
59
77
74
41
8
19
54
74
68
9
91
67
3
40
71
77
38
9
82
3
76
20
60
42
94
66
72
6
25
61
36
4
78
10
60
77
62
85
79
16
27
93
23
33
88
18
58
0
83
23
85
56
20
18
20
30
47
19
77
35
80
26
0
56
47
83
59
83
40
65
3
23
9
77
43
15
93
77
19
73
24
7
29
4
61
50
30
39
70
19
15
9
17
28
45
16
12
83
32
63
71
12
11
77
34
34
65
15
84
19
34
70
62
34
94
30
35
27
99
33
90
16
56
4
24
71
3
19
14
23
68
45
81
10
90
21
57
22
87
82
12
38
10
93
77
84
41
36
76
25
91
94
42
79
19
76
87
18
51
1
50
94
6
45
23
0
55
91
89
95
48
45
54
69
82
68
56
86
80
12
67
71
5
50
60
79
0
44
74
46
80
2
32
92
61
76
97
13
30
27
74
8
17
42
91
8
36
69
50
57
84
39
85
3
91
79
76
13
8
92
69
82
7
73
89
19
42
39
45
80
63
15
50
16
70
94
60
91
83
62
85
48
33
11
5
2
18
75
75
4
3
72
17
89
92
19
36
22
67
83
63
2
92
37
11
99
77
56
22
84
14
71
94
44
12
41
52
91
85
43
82
40
97
42
96
47
22
1
11
78
72
93
85
18
63
65
25
7
2
86
44
59
2
54
35
56
75
47
76
20
48
97
9
25
38
5
3
36
43
84
18
6
9
72
38
6
75
15
29
11
20
95
3
58
74
44
83
91
74
86
25
44
58
36
90
8
49
78
95
14
14
81
0
58
96
1
61
59
21
60
89
82
61
80
52
65
55
32
77
69
26
42
79
11
20
38
52
15
7
65
63
52
26
29
3
79
39
30
99
5
8
19
52
40
58
54
82
3
50
93
70
99
21
17
56
64
74
1
92
61
85
78
58
61
53
74
47
5
34
81
64
77
30
66
63
34
93
46
44
55
87
63
87
26
41
70
34
21
32
90
36
85
36
87
21
87
71
83
27
74
1
8
6
98
61
88
90
10
83
55
58
34
24
74
49
12
28
64
78
58
45
87
79
67
14
47
3
77
52
60
71
25
67
81
98
54
67
17
21
1
88
21
77
95
91
12
15
82
22
16
66
25
41
29
42
73
27
81
63
53
23
81
86
78
71
28
75
98
62
26
16
8
7
22
81
5
83
65
62
49
70
57
75
18
40
91
23
13
80
6
42
97
30
95
35
94
41
36
52
12
43
86
97
53
50
64
3
61
20
22
57
25
71
74
68
20
49
67
87
16
41
66
27
10
64
1
15
42
6
85
8
2
5
45
93
23
56
99
67
18
2
76
50
30
53
91
13
65
70
23
2
72
40
30
62
11
23
78
96
67
50
8
15
4
80
27
60
7
54
48
16
57
94
30
92
43
92
58
19
23
38
40
47
95
10
99
86
53
89
11
52
58
54
85
74
72
82
72
32
43
37
34
47
52
40
53
45
8
83
3
90
40
28
53
27
59
4
33
92
89
44
69
95
89
98
78
82
91
31
91
47
9
73
69
36
2
91
95
37
61
83
69
11
4
76
64
10
90
98
94
24
39
1
33
90
55
79
39
15
99
3
41
66
80
27
45
74
32
5
45
9
93
33
28
11
24
59
65
11
38
23
39
25
97
58
25
47
29
56
98
82
41
38
51
45
88
18
95
64
78
96
49
64
40
36
97
40
18
49
62
28
37
4
54
81
91
5
87
3
50
80
86
89
17
12
80
21
24
32
25
13
98
37
21
76
14
59
49
30
33
80
3
66
87
38
63
53
4
48
24
13
31
29
46
46
61
24
34
46
45
99
27
51
91
0
72
50
57
4
60
90
86
9
11
92
99
77
57
14
2
70
69
69
32
79
93
58
0
20
7
50
82
79
58
95
58
4
85
55
70
29
97
46
53
37
73
28
86
50
24
3
95
1
2
36
59
99
55
85
0
60
64
82
62
31
86
10
72
73
63
91
84
85
90
69
82
21
89
68
68
76
31
58
8
37
13
30
78
88
47
99
27
12
92
8
82
78
97
62
50
4
86
29
97
51
56
18
6
72
95
54
0
45
16
73
29
33
14
86
19
97
4
9
57
89
77
25
26
49
11
14
80
83
3
27
30
52
74
29
59
90
14
77
65
7
75
27
16
30
55
83
14
51
42
70
