overall_acc,0.8052
loss,[10.940050776062012, 6.306288917236328, 4.219523987960815, 3.2749050215911866, 2.827210140838623, 2.6009138397979736, 2.4893596828460693, 2.4221441943359374, 2.384647891693115, 2.3513217252349854, 2.342316005859375, 2.3313853287506103, 2.3263510008239745, 2.3174864319610595, 2.3094548274993896, 2.303662620849609, 2.29951133644104, 2.2994645361328123, 2.3019409725952147, 2.3047161653900146, 2.2962456913757325, 2.295726462173462, 2.303869799118042, 2.3113846885681153, 2.3019897359466555, 2.3093062720489503, 2.3199359470367433, 2.3234008949279783, 2.3135761851501466, 2.323538096542358, 2.33296236328125, 2.3411967281341552, 2.34825938041687, 2.348039009628296, 2.353408745651245, 2.3597271001434326, 2.3846659828948975, 2.3745183570098876, 2.387758247833252, 2.3843178775787353, 2.4001452571105957, 2.4113000171661376, 2.413582052764893, 2.4100999694824217, 2.4276733895111082, 2.440467257156372, 2.4386413652038574, 2.446103143615723, 2.4501445122528076, 2.451496468811035, 2.457561861038208, 2.472056187133789, 2.477184776992798, 2.4838159781646727, 2.480225959625244, 2.481383229904175, 2.5009201554107667, 2.5108939059448243, 2.4939998786926267, 2.5082604627990723, 1.9987279774475097, 1.6286994634246825, 1.4280023541259765, 1.2842750417327882, 1.1957339456176759, 1.135095510368347, 1.1064313997268678, 1.0935133961677552, 1.084543049812317, 1.0853499978637695, 1.0928890029907226, 1.085801587638855, 1.1016066262435913, 1.105179252204895, 1.1006040925979614, 1.1105511612701415, 1.1168387645721436, 1.1126222706604003, 1.1156078965759277, 1.1239592626953125, 1.1264618124008179, 1.131482766723633, 1.1365275603485108, 1.1293479585647583, 1.142964462814331, 1.1401269485473633, 1.1520860013961791, 1.150918696937561, 1.1361238466262817, 1.1479767853927612, 1.164727548866272, 1.150925944519043, 1.1635827868652344, 1.1619914972686767, 1.174096329536438, 1.1771241247558595, 1.1730616143035888, 1.1774544732666015, 1.1785742554092407, 1.1828931313705444, 1.1945161864089966, 1.1891303288650512, 1.203037652015686, 1.186035918045044, 1.1918436763763427, 1.1918329385375976, 1.2020288682174682, 1.2059244774627687, 1.1975208961486816, 1.1984851252365112, 1.2050153385162354, 1.2065310790252686, 1.2236483604812622, 1.2137408909988403, 1.2063046346664428, 1.2131146745300292, 1.2213097540664672, 1.211538337135315, 1.2084238603210449, 1.2229220603942872, 1.0781807608795166, 0.9888120975112915, 0.9500371171569825, 0.9177990630531311, 0.8874135083389282, 0.859056057434082, 0.8327661832427978, 0.8060623139572144, 0.7817731715965271, 0.7582259272575378, 0.7352783568000794, 0.7131266432762146, 0.6907722831916809, 0.6702916664886475, 0.6500583688545227, 0.6307354565620422, 0.6113966021728515, 0.5933250451087951, 0.5748984252738952, 0.5581637535858154, 0.541303405303955, 0.5254038955688477, 0.5097402302742005, 0.4952244106578827, 0.48013367040634153, 0.46603614275932315, 0.45224572134017943, 0.43853996748924257, 0.42522227355003356, 0.41327894211769106, 0.40099857348442075, 0.3890461850166321, 0.3775884159088135, 0.3663197271823883, 0.355833198928833, 0.3455916851234436, 0.3354965340614319, 0.3264505274677277, 0.3170965342617035, 0.30755406867980956, 0.3018393295669556, 0.3000567904186249, 0.2974244396018982, 0.29561694953918455, 0.2935350893211365, 0.29191574282646177, 0.2899119378757477, 0.2881263492012024, 0.2864988925743103, 0.2846671165275574, 0.28300902598381045, 0.2811934609794617, 0.2797427971076965, 0.27788183404922484, 0.2760535791015625, 0.27439410756111143, 0.27271354068756104, 0.271139931306839, 0.2695332969379425, 0.2678733005428314, 0.2661403956794739, 0.2646190914916992, 0.2629839035415649, 0.26154823316574094, 0.2599907458972931, 0.2584737715530396, 0.2567775909233093, 0.25524371668815615, 0.25373935441017154, 0.25212304441452027, 0.2505658851337433, 0.24914323077201844, 0.24769100530147553, 0.24596631380081177, 0.2447213618993759, 0.24309773896694184, 0.24175572913646698, 0.24012606514453888, 0.23884374622821808, 0.23730322555065156]
0,0.9565217391304348
1,0.9032258064516129
2,0.8260869565217391
3,0.7931034482758621
4,0.8064516129032258
5,0.75
6,1.0
7,0.8461538461538461
8,1.0
9,0.8421052631578947
10,0.45
11,0.6190476190476191
12,0.85
13,0.6521739130434783
14,0.8888888888888888
15,0.875
16,0.8846153846153846
17,0.9523809523809523
18,0.5882352941176471
19,0.92
20,0.8888888888888888
21,0.8947368421052632
22,0.8823529411764706
23,0.9615384615384616
24,0.7391304347826086
25,0.5833333333333334
26,0.7916666666666666
27,0.875
28,0.84
29,0.7586206896551724
30,0.7777777777777778
31,0.76
32,0.7727272727272727
33,0.5862068965517241
34,0.84
35,0.45454545454545453
36,0.9047619047619048
37,0.7368421052631579
38,0.8461538461538461
39,1.0
40,0.8928571428571429
41,0.9090909090909091
42,0.8260869565217391
43,0.782608695652174
44,0.6086956521739131
45,0.6842105263157895
46,0.45454545454545453
47,0.8260869565217391
48,1.0
49,0.8823529411764706
50,0.7727272727272727
51,0.8095238095238095
52,0.7
53,0.9310344827586207
54,0.9545454545454546
55,0.5714285714285714
56,0.8636363636363636
57,0.6785714285714286
58,0.8857142857142857
59,0.7916666666666666
60,0.7777777777777778
61,0.7931034482758621
62,0.8461538461538461
63,0.7916666666666666
64,0.631578947368421
65,0.6363636363636364
66,0.7692307692307693
67,0.6956521739130435
68,0.9523809523809523
69,0.9
70,0.8333333333333334
71,0.9047619047619048
72,0.4090909090909091
73,0.78125
74,0.7272727272727273
75,0.9642857142857143
76,0.9047619047619048
77,0.6764705882352942
78,0.7894736842105263
79,0.8214285714285714
80,0.7586206896551724
81,0.9047619047619048
82,0.972972972972973
83,0.7666666666666667
84,0.9259259259259259
85,0.9666666666666667
86,0.8571428571428571
87,0.8666666666666667
88,1.0
89,0.8571428571428571
90,0.7916666666666666
91,0.8461538461538461
92,0.76
93,0.8571428571428571
94,0.9565217391304348
95,0.6896551724137931
96,0.6521739130434783
97,0.75
98,0.6538461538461539
99,0.9130434782608695
16
7
91
43
14
92
6
89
13
85
47
27
81
63
59
10
78
45
53
17
27
43
10
54
25
79
68
99
69
64
83
41
23
46
96
20
87
90
47
26
83
67
20
20
7
83
27
45
68
93
86
12
69
73
99
1
62
16
26
58
88
64
88
19
3
23
19
48
91
48
58
16
63
19
55
4
32
15
98
32
14
87
38
12
8
45
92
31
62
61
89
92
78
83
45
85
28
37
54
30
95
7
59
24
94
7
94
94
11
42
65
52
40
42
55
80
82
80
75
93
74
34
25
89
30
74
22
95
81
92
27
52
51
44
62
65
69
84
0
43
48
67
62
89
53
67
37
19
8
68
64
3
83
70
39
0
95
51
58
19
90
90
81
61
41
66
52
66
68
80
74
11
5
66
35
50
88
14
75
53
3
5
46
82
7
87
61
7
91
1
5
17
72
41
94
33
67
79
39
23
6
31
63
71
67
45
84
35
74
33
77
65
50
11
51
27
36
3
41
47
54
87
37
75
74
71
14
0
9
44
57
83
45
22
52
63
89
22
85
39
18
25
98
5
70
54
49
70
87
89
41
85
97
36
83
82
51
11
7
74
80
2
9
51
40
36
91
91
99
73
69
83
42
62
90
50
82
24
42
16
40
39
7
63
10
51
47
77
29
66
53
30
84
44
5
91
53
74
72
38
15
44
5
66
77
15
48
73
75
65
77
3
13
18
92
55
13
73
29
87
91
99
75
58
71
70
98
52
94
89
90
56
57
43
60
41
30
59
78
6
80
80
54
83
60
76
54
18
14
26
9
81
85
32
63
43
73
87
44
26
99
70
8
90
65
80
41
17
39
53
66
48
5
88
8
67
98
37
40
91
16
27
33
16
89
5
76
83
74
85
24
72
32
76
33
84
52
46
55
40
58
84
6
91
38
46
66
25
79
0
23
14
15
86
75
45
6
22
96
76
52
81
90
22
34
45
48
7
30
11
1
23
3
22
5
80
93
27
86
79
92
53
54
63
14
84
66
8
59
8
88
62
29
73
73
2
33
39
4
61
45
83
58
73
18
84
4
5
78
18
23
29
85
88
64
16
86
99
95
45
97
0
87
32
44
86
62
29
85
82
91
82
17
27
12
12
26
54
28
58
79
1
4
44
57
3
33
23
91
73
1
1
98
22
19
88
11
29
56
0
54
61
20
13
17
53
89
18
81
6
96
41
26
26
25
60
22
93
4
47
24
90
78
17
7
0
87
26
73
14
56
26
12
54
21
79
8
43
39
51
40
53
98
4
31
8
57
33
45
35
6
94
87
65
22
16
90
57
2
65
88
72
58
27
36
13
91
84
9
89
9
65
85
70
59
45
2
59
79
70
34
97
16
49
18
55
70
64
38
34
61
69
37
96
24
3
78
51
3
2
1
84
22
86
4
91
13
90
68
60
84
0
34
70
32
92
14
52
35
86
3
89
44
15
66
35
50
12
41
31
34
93
84
26
74
44
50
57
54
11
73
44
66
60
79
58
82
67
98
89
28
74
95
76
60
76
91
90
2
3
62
43
91
48
63
34
42
34
53
3
28
8
40
44
96
61
60
73
61
29
59
63
49
92
92
6
57
12
18
20
72
0
85
75
18
23
42
95
81
58
73
60
21
62
19
87
47
79
90
75
27
15
41
39
99
46
94
45
91
36
77
3
75
92
94
61
50
38
12
1
0
30
84
98
29
7
18
48
87
91
84
4
62
31
40
55
30
61
86
47
33
55
25
14
28
75
11
81
10
73
79
5
88
56
81
31
84
69
30
6
68
70
81
74
7
67
55
60
5
14
48
18
0
70
38
4
24
69
16
9
42
41
39
27
0
70
85
9
43
79
77
75
74
80
42
62
8
0
36
89
51
46
69
56
42
22
71
98
72
40
16
0
21
2
1
64
47
43
92
65
68
18
1
39
96
98
47
90
2
28
37
61
31
9
4
92
38
93
28
39
44
41
44
49
70
11
19
91
82
4
60
34
56
19
32
74
16
99
73
98
8
58
93
87
11
79
35
43
47
6
4
27
8
63
26
34
39
97
52
75
33
87
49
46
16
33
76
41
97
8
75
17
63
93
27
4
41
60
30
65
21
53
90
54
87
86
37
47
75
2
73
55
87
62
26
19
28
15
14
59
69
45
92
39
42
13
49
48
44
71
48
69
9
26
16
46
71
66
66
88
82
1
39
88
93
82
14
17
56
40
70
1
68
52
69
45
16
6
85
12
99
88
40
68
36
23
17
87
25
46
75
61
70
58
88
51
75
73
54
37
28
90
72
88
68
38
73
6
16
58
61
39
56
17
96
77
50
87
75
4
16
94
55
76
60
97
1
0
75
31
3
71
75
52
6
43
14
84
14
51
1
88
53
66
5
56
32
52
40
24
86
54
54
88
61
87
54
7
40
85
17
90
22
86
77
79
94
4
0
39
89
82
41
87
91
73
4
62
72
98
10
46
28
38
74
70
13
7
15
26
76
98
51
79
15
47
47
93
73
81
26
70
95
60
70
2
82
33
34
6
65
62
74
31
36
88
47
48
79
50
55
57
66
68
74
64
16
63
16
84
18
29
63
14
9
38
80
74
15
1
59
96
1
84
69
81
10
33
80
68
30
8
3
81
45
18
20
35
28
93
5
53
34
27
93
6
44
93
85
14
46
31
69
47
86
95
85
80
1
82
14
66
44
58
31
42
23
90
18
83
19
51
80
23
64
61
40
51
99
28
19
63
7
97
78
34
60
13
74
17
28
29
10
61
83
83
53
73
7
59
82
34
15
68
68
34
82
75
37
8
94
86
24
21
8
96
53
49
38
85
27
32
96
20
29
43
69
94
26
82
23
91
34
48
71
53
94
0
59
57
69
73
27
12
42
61
21
95
88
28
15
24
1
77
67
82
5
64
51
59
79
70
46
1
59
87
60
88
76
45
19
6
1
35
94
80
16
71
26
55
60
73
9
75
5
27
27
96
38
56
45
50
40
47
35
7
85
30
92
51
79
13
99
86
15
29
63
66
62
80
24
57
43
78
49
99
95
93
63
71
78
86
64
35
23
62
77
17
98
21
32
57
99
98
6
92
82
82
94
95
81
96
77
33
67
31
60
79
74
63
62
82
36
12
31
47
75
77
29
94
27
70
95
32
38
91
37
2
36
40
53
87
95
53
42
43
89
69
93
81
84
71
31
33
73
75
85
47
97
92
13
19
46
62
92
53
46
66
45
48
94
10
69
60
42
35
59
52
44
57
4
83
89
71
12
52
46
58
98
22
62
52
2
58
77
96
86
33
58
69
97
14
51
2
63
45
58
42
6
75
81
99
28
50
57
88
25
38
71
47
53
48
79
59
29
82
90
26
81
17
14
69
25
32
39
74
89
4
67
99
28
98
88
20
34
18
60
48
69
79
48
6
39
19
15
37
83
48
57
89
67
77
38
23
21
96
11
89
84
73
58
30
98
31
45
59
77
50
41
8
19
54
4
68
53
91
67
3
40
71
57
38
9
82
3
76
20
71
42
94
66
72
6
25
61
36
4
14
51
60
14
70
85
33
26
27
93
23
33
88
18
58
51
83
23
85
56
20
79
20
30
96
19
55
98
18
26
0
56
47
53
52
83
44
3
3
23
9
77
43
15
63
77
19
73
24
7
69
4
61
50
30
39
42
19
51
92
17
28
45
16
12
70
49
63
71
12
11
77
98
3
46
15
84
19
64
70
62
34
94
30
11
32
99
96
90
16
56
4
24
71
3
19
14
23
68
45
81
61
90
21
57
22
87
82
90
38
10
93
77
84
41
64
76
25
91
94
42
79
19
76
87
18
51
1
50
37
6
45
23
0
55
91
48
95
48
45
54
69
82
68
56
86
80
69
67
71
25
50
60
79
0
73
55
98
80
2
32
92
61
69
97
13
30
27
74
8
17
42
91
35
36
69
50
57
84
49
85
3
91
79
76
13
8
92
69
82
7
73
89
32
42
39
14
80
4
15
74
16
62
94
71
91
83
62
85
48
59
11
5
2
91
75
75
4
3
67
17
89
92
19
36
86
67
83
63
2
92
37
35
99
77
56
22
84
14
71
94
44
12
41
52
91
85
43
82
40
97
42
96
47
22
1
11
78
4
93
85
12
63
65
25
44
2
86
44
59
2
54
98
56
75
47
76
20
48
97
9
25
38
5
3
36
42
84
18
6
86
72
38
6
75
15
29
11
20
95
3
58
74
44
83
36
74
86
86
50
58
36
90
8
49
80
27
54
14
81
0
58
96
1
61
59
21
60
89
82
61
80
52
65
55
32
77
69
26
42
79
46
20
38
52
15
79
65
63
96
26
29
31
79
39
30
99
5
8
19
52
40
58
54
82
3
82
93
70
99
21
17
56
64
74
1
92
61
85
78
58
10
53
44
47
5
34
81
64
77
30
66
27
45
93
46
14
55
87
63
87
26
41
70
57
21
32
90
36
85
3
87
21
87
71
53
27
74
1
8
93
67
61
88
90
10
83
74
85
34
24
74
49
12
28
74
26
58
45
87
79
63
14
47
3
77
52
60
71
25
67
81
98
54
67
17
21
1
88
21
77
95
91
12
15
82
22
16
66
25
44
44
29
73
27
81
63
53
23
81
86
99
71
28
75
35
62
79
16
8
7
22
81
87
10
65
62
49
70
57
77
27
40
91
23
13
80
6
42
21
30
95
35
5
41
36
52
12
43
86
97
53
50
97
46
61
20
22
57
25
71
72
68
20
49
67
87
16
41
66
27
10
51
45
15
42
6
85
8
2
5
45
85
71
56
99
73
78
2
76
50
30
53
91
13
65
92
23
11
95
40
74
62
11
23
78
96
67
84
8
15
4
80
27
60
7
54
48
16
57
94
30
92
43
62
58
19
23
38
11
96
95
61
99
86
53
89
11
52
58
54
85
74
72
82
72
69
43
37
34
47
47
40
53
45
8
83
3
81
40
28
53
27
59
4
33
92
89
44
12
55
89
98
78
82
91
31
91
47
9
73
69
36
24
91
95
37
61
83
69
11
64
76
79
10
12
2
94
24
39
1
33
90
55
7
39
15
78
3
41
66
80
27
45
4
32
5
45
9
93
33
65
40
24
37
65
11
38
23
39
25
97
85
25
47
29
56
98
82
41
38
51
45
19
18
95
64
78
96
49
64
40
36
97
40
45
49
62
28
49
4
79
81
91
5
87
3
50
80
86
89
17
12
80
4
26
32
40
13
98
59
21
76
14
59
49
30
33
80
51
66
87
38
63
53
4
48
24
13
31
29
84
46
61
24
34
98
45
99
27
51
91
0
72
50
57
4
60
90
86
9
98
92
99
77
57
14
2
70
69
69
32
79
93
58
0
20
7
24
82
79
58
95
58
3
85
55
70
29
97
46
53
37
73
28
86
50
24
31
95
1
2
36
59
99
55
85
0
23
64
82
62
31
86
57
72
73
63
91
84
85
90
69
82
21
89
68
68
76
31
58
8
90
13
95
78
14
47
99
42
12
92
8
82
78
97
62
74
4
12
29
55
77
56
18
77
72
95
54
0
88
16
73
29
33
6
86
19
97
4
9
57
89
14
25
26
49
11
14
80
70
21
27
30
52
74
29
66
90
14
77
4
7
75
27
16
30
55
83
14
51
42
70
