overall_acc,0.7992
loss,[10.891283320617676, 6.265514214172363, 4.204953961563111, 3.2676488126373293, 2.823010947418213, 2.598792035827637, 2.480087419052124, 2.4261423485565183, 2.385638471221924, 2.35984409034729, 2.3467934845733645, 2.3228634886169433, 2.321860343399048, 2.311907942276001, 2.3119841351318358, 2.3062537831115724, 2.3058225792694094, 2.2967168007659913, 2.3057464572143553, 2.297226960067749, 2.2915257369995117, 2.3007318021392824, 2.3038632486724855, 2.3101685720062255, 2.3154144136047363, 2.312194335784912, 2.319137697067261, 2.31741350769043, 2.3256302503204345, 2.334725820465088, 2.337972344894409, 2.3415377597045897, 2.344914080276489, 2.359204344329834, 2.3598101835632326, 2.3615137829589843, 2.372548755111694, 2.3833519505310057, 2.3835896938323975, 2.382517878112793, 2.388298480529785, 2.4018161587524416, 2.4241501695251464, 2.4208946533203126, 2.434177654953003, 2.4416592213439943, 2.435029032745361, 2.4469967168426514, 2.4689124558258055, 2.4531663551330567, 2.4705240073394776, 2.465193130264282, 2.4765162145233153, 2.4766818575286864, 2.4855645037078857, 2.4867062741088866, 2.4972229321289063, 2.5049444422912597, 2.4903343551635744, 2.5022554180145264, 1.980051963005066, 1.616916693611145, 1.4184264220046998, 1.2785554151535035, 1.181197160835266, 1.133853765106201, 1.1119003173446655, 1.0927033797454835, 1.091395675048828, 1.0978331091690063, 1.0860343686294556, 1.088228278579712, 1.109456788520813, 1.0997643947982787, 1.1001903351211548, 1.11066789478302, 1.1222993828964234, 1.118301583404541, 1.1228177143859863, 1.126833960647583, 1.132776197166443, 1.1312960083770751, 1.143883923149109, 1.1572196236801147, 1.149094092063904, 1.1468117250823975, 1.15086373046875, 1.1530603504943848, 1.1576481519699098, 1.1611035404968262, 1.1660912819671632, 1.1611181198883056, 1.1757167739868164, 1.170571022720337, 1.171018872756958, 1.1753192013549805, 1.1769418914031982, 1.1893539766693115, 1.1891604857254028, 1.1797864741897583, 1.2008033289337159, 1.1903980916976928, 1.2030152350234986, 1.2069621770095824, 1.1941414474487304, 1.2037496211624146, 1.1966273934173584, 1.2063512183761598, 1.2043319009017945, 1.2165543755722046, 1.2255737788391112, 1.2133227054977418, 1.2144386109924317, 1.223536079978943, 1.196627107925415, 1.2187771408081054, 1.217428304901123, 1.2137906246185304, 1.2234342925643922, 1.2349086455154419, 1.0894169392204285, 0.997861591835022, 0.957291879940033, 0.9250709538078308, 0.8945785294342041, 0.8662997457885743, 0.8397807253456115, 0.8129482781791687, 0.7878657388114929, 0.7637099490928649, 0.7406224619483948, 0.7187230399894714, 0.6964062476348877, 0.6757217323303223, 0.6551641145515442, 0.6351882266616822, 0.6163554118156434, 0.5976626186180115, 0.5799462652397156, 0.5623051077651977, 0.5451414007759094, 0.5293056432342529, 0.51357441614151, 0.49861229030609133, 0.4843060276031494, 0.4688557232570648, 0.45546506034851075, 0.4419162779712677, 0.4287372378730774, 0.4157267325592041, 0.4039561852169037, 0.39208460221290586, 0.38017402272224426, 0.3687034678936005, 0.3581801599216461, 0.34751599256515503, 0.33806621225357053, 0.329397123670578, 0.32038116517066956, 0.31082092644691467, 0.30470641503334045, 0.3019052988815308, 0.30016021067619325, 0.29794652917861936, 0.29624257917404173, 0.2944081868362427, 0.2924886840724945, 0.2904868699264526, 0.28886434052467347, 0.2869848076820374, 0.28523248063087464, 0.28366941599845885, 0.281561980381012, 0.28019631974220277, 0.2783472630977631, 0.2767160635948181, 0.2751581399154663, 0.2733035530090332, 0.27163940340042114, 0.27011660912513735, 0.26834485871315, 0.2667479303073883, 0.2651812125015259, 0.2634746698474884, 0.26189022866249084, 0.26038677448272707, 0.2587525411987305, 0.2572123740768433, 0.2556254106712341, 0.254140580701828, 0.25251332743644717, 0.2512111047744751, 0.24965706642150878, 0.24827530867099762, 0.24661346148014068, 0.24508583023548125, 0.24377698429107666, 0.24221574674129487, 0.24063561243057252, 0.23936928452014924]
0,0.9565217391304348
1,0.9354838709677419
2,0.8695652173913043
3,0.8620689655172413
4,0.8387096774193549
5,0.7083333333333334
6,0.8260869565217391
7,0.8076923076923077
8,0.9230769230769231
9,1.0
10,0.4
11,0.6190476190476191
12,0.75
13,0.6521739130434783
14,0.7777777777777778
15,0.875
16,0.9230769230769231
17,0.9523809523809523
18,0.6470588235294118
19,0.92
20,0.8333333333333334
21,0.8421052631578947
22,0.8823529411764706
23,0.8461538461538461
24,0.8695652173913043
25,0.625
26,0.7916666666666666
27,0.75
28,0.84
29,0.6896551724137931
30,0.7407407407407407
31,0.8
32,0.6818181818181818
33,0.5862068965517241
34,0.88
35,0.5
36,0.8571428571428571
37,0.8947368421052632
38,0.8846153846153846
39,1.0
40,0.6785714285714286
41,0.9545454545454546
42,0.782608695652174
43,0.9130434782608695
44,0.6956521739130435
45,0.7105263157894737
46,0.36363636363636365
47,0.8260869565217391
48,1.0
49,0.7647058823529411
50,0.8181818181818182
51,0.7619047619047619
52,0.75
53,0.9655172413793104
54,0.9545454545454546
55,0.47619047619047616
56,0.8636363636363636
57,0.6428571428571429
58,0.9428571428571428
59,0.6666666666666666
60,0.8518518518518519
61,0.7241379310344828
62,0.8076923076923077
63,0.8333333333333334
64,0.8421052631578947
65,0.6363636363636364
66,0.8846153846153846
67,0.6956521739130435
68,0.9523809523809523
69,0.9
70,0.8666666666666667
71,0.9047619047619048
72,0.5
73,0.75
74,0.5757575757575758
75,0.9285714285714286
76,0.9047619047619048
77,0.7058823529411765
78,0.7894736842105263
79,0.8571428571428571
80,0.7241379310344828
81,0.9047619047619048
82,0.9459459459459459
83,0.8
84,0.8518518518518519
85,0.9666666666666667
86,0.75
87,0.8666666666666667
88,0.9047619047619048
89,0.9285714285714286
90,0.75
91,0.8717948717948718
92,0.72
93,0.7619047619047619
94,0.9565217391304348
95,0.6206896551724138
96,0.6086956521739131
97,0.875
98,0.6923076923076923
99,0.9130434782608695
16
7
91
43
14
92
6
89
13
85
47
74
81
63
59
61
78
84
53
17
2
43
10
54
94
79
68
31
69
64
83
41
23
46
47
20
87
90
52
26
83
51
20
20
7
83
27
45
68
93
86
12
60
73
99
18
62
44
29
58
88
97
88
19
3
71
19
48
44
48
58
16
63
75
71
4
32
15
98
32
14
87
38
12
8
45
92
31
62
61
89
92
78
83
45
85
28
37
54
55
95
7
59
24
94
7
94
94
11
42
65
52
40
38
72
80
82
11
75
51
74
34
5
85
30
74
22
95
81
92
27
52
6
44
62
65
69
84
0
43
48
67
62
45
53
67
58
19
8
68
3
3
83
70
39
0
40
51
58
19
89
8
81
61
41
66
52
66
68
80
43
46
25
27
35
50
88
14
75
53
3
84
2
82
7
87
61
7
91
1
5
17
72
41
94
33
67
8
39
23
6
31
63
71
67
83
51
11
74
49
77
65
50
55
51
85
36
3
41
47
54
87
37
75
4
71
14
24
9
44
57
83
45
22
52
42
89
22
85
39
7
25
98
65
70
70
49
70
87
89
41
25
97
36
83
82
77
11
7
74
80
2
9
91
40
36
91
91
99
73
79
83
42
62
90
50
82
24
42
16
65
39
7
63
10
51
96
44
29
66
53
30
84
44
5
91
53
74
3
15
15
44
5
66
89
55
48
73
63
64
77
3
13
18
92
63
13
95
29
73
91
99
75
58
71
70
98
52
94
89
90
56
57
43
60
45
30
59
78
6
80
80
54
99
60
76
54
18
14
26
9
81
85
32
63
43
30
87
44
54
99
92
8
90
65
80
41
17
39
53
66
48
5
34
8
74
98
37
41
91
16
4
33
16
89
5
76
83
74
85
24
72
32
76
33
5
52
46
55
40
58
84
54
91
38
35
66
41
79
0
23
14
15
86
75
45
6
22
96
76
52
41
49
22
34
45
78
7
30
11
1
23
3
22
5
80
93
27
39
79
92
53
54
63
18
84
12
8
59
8
88
62
29
73
73
2
33
39
63
61
45
83
58
73
18
84
4
5
2
18
23
29
85
34
64
16
86
80
95
45
97
0
87
32
44
86
54
29
85
82
91
82
17
65
37
12
26
54
28
58
79
1
4
44
57
3
33
23
91
73
1
1
98
1
19
88
11
29
56
0
54
61
20
13
17
53
89
18
81
6
96
41
26
26
25
60
22
30
4
87
24
90
78
17
7
0
87
26
73
14
56
18
12
54
80
79
8
43
39
61
40
53
98
4
31
8
57
33
18
35
6
94
87
65
22
16
64
57
2
64
34
72
58
93
36
13
91
84
9
89
9
65
85
70
52
7
2
59
79
70
34
97
78
49
18
55
70
27
38
34
61
69
37
64
24
3
78
51
63
35
1
84
22
86
4
91
13
90
68
60
84
0
34
70
32
92
83
49
35
28
3
89
44
15
66
35
50
12
41
31
34
93
84
26
74
78
50
57
54
35
67
44
66
60
26
58
82
67
98
89
28
55
95
76
60
76
91
37
2
3
62
43
91
48
63
34
33
34
53
3
28
8
40
44
47
61
60
73
61
29
64
66
49
92
92
6
57
12
18
20
21
0
85
75
33
23
27
95
81
58
73
60
21
62
19
87
47
79
90
75
72
15
41
39
99
87
94
45
91
36
77
3
75
92
94
61
50
38
69
1
0
30
84
98
29
7
18
48
89
91
84
63
62
31
40
80
30
10
86
47
59
98
25
14
28
27
2
81
22
73
79
5
88
56
81
15
84
69
30
6
68
70
81
74
7
18
23
71
5
14
48
18
0
70
38
26
24
69
16
9
42
41
39
27
0
70
85
9
43
79
77
75
74
80
42
62
8
0
36
89
4
46
69
56
42
22
71
98
72
40
16
0
21
2
1
64
47
43
83
64
68
18
1
25
96
46
47
90
2
28
37
61
31
77
4
92
38
93
28
39
18
41
44
49
1
11
19
91
82
4
60
34
56
19
32
74
76
99
95
98
8
58
93
87
2
24
35
43
52
6
4
27
8
63
26
34
39
97
47
75
33
87
49
11
16
33
76
41
97
8
75
17
64
93
27
4
41
60
30
30
21
77
90
54
87
86
37
47
66
2
73
55
25
62
26
19
28
15
14
41
69
45
92
39
42
58
49
48
44
71
48
69
9
26
94
11
71
66
66
88
82
1
39
88
93
82
7
17
56
40
70
1
68
52
69
45
16
62
85
12
99
88
40
68
36
60
17
44
25
46
75
61
92
58
88
51
75
73
70
37
28
90
55
88
68
38
73
77
16
58
61
39
56
17
33
77
63
87
75
4
16
94
55
76
60
97
1
0
75
31
97
71
75
52
6
43
14
84
14
51
1
88
53
66
5
56
32
52
40
24
86
54
54
88
61
87
54
24
16
85
17
90
22
86
77
79
94
45
0
39
89
82
41
87
91
73
4
62
72
98
10
46
28
38
74
70
13
7
15
24
76
98
34
79
15
47
47
93
67
81
26
70
95
60
70
11
82
66
34
6
65
62
74
31
36
88
47
48
79
50
15
57
66
68
97
64
16
63
16
84
18
29
84
53
9
38
43
74
15
1
4
96
1
84
69
81
10
33
80
68
30
8
3
81
26
18
78
11
28
74
5
53
34
27
93
6
44
93
37
91
98
31
69
47
86
95
85
80
1
82
45
66
77
58
31
42
23
90
7
83
19
51
80
23
64
61
40
51
99
28
19
63
26
97
78
34
90
13
74
17
28
29
10
61
83
83
53
73
7
59
82
34
15
68
68
34
82
75
37
8
94
16
24
21
8
96
53
67
38
85
27
32
96
20
29
43
69
94
26
92
23
91
34
48
71
53
5
0
59
57
69
73
27
12
42
61
21
95
88
28
15
24
1
77
67
82
5
64
51
52
79
70
46
1
59
87
60
88
76
45
19
7
1
35
94
79
16
71
26
72
60
73
9
75
5
72
27
96
38
56
19
29
87
47
98
77
85
30
92
51
79
13
99
86
15
29
63
66
62
80
24
57
43
78
49
99
95
93
55
71
93
86
64
4
23
62
50
17
35
21
32
57
61
2
6
92
82
82
94
95
81
96
93
33
67
31
60
96
65
63
62
82
36
68
31
47
75
4
29
94
27
70
95
32
38
91
37
2
65
40
53
87
95
53
42
43
89
69
93
81
40
71
31
33
73
75
85
47
97
62
13
42
46
83
92
53
46
66
45
48
94
10
69
60
42
35
59
52
44
57
4
83
89
71
58
52
11
58
98
22
62
52
2
58
77
96
86
33
58
69
97
14
51
2
4
73
58
42
6
75
81
99
28
50
57
88
25
38
71
47
53
48
79
59
29
82
90
93
81
17
14
69
25
32
39
62
89
4
67
99
28
98
88
20
4
18
60
48
69
18
48
6
39
19
15
37
83
48
15
89
67
79
38
23
21
96
11
41
84
30
58
73
6
31
45
59
77
74
41
8
19
54
4
68
9
91
67
19
40
71
77
38
9
82
3
76
20
60
42
94
66
72
45
25
61
36
50
14
26
60
77
62
71
38
83
67
93
23
33
88
18
58
51
83
23
85
56
20
79
20
30
52
19
4
98
77
26
0
56
47
92
47
83
51
3
3
23
9
77
43
15
74
77
19
73
77
24
56
4
61
50
30
39
33
19
31
9
17
28
45
16
12
41
49
63
60
12
11
51
98
3
46
15
84
19
66
70
62
34
94
30
35
32
99
33
90
16
56
4
24
71
3
19
14
23
68
45
81
10
90
21
57
22
87
82
12
38
10
93
77
84
41
64
76
25
91
94
42
79
19
76
87
18
51
1
50
37
6
45
23
0
55
91
89
95
48
45
54
69
82
68
56
86
80
69
67
71
25
50
60
79
0
44
55
46
80
2
32
92
10
69
97
13
30
27
74
8
17
42
91
11
43
69
50
57
84
76
85
21
91
44
76
13
8
92
69
82
7
73
89
19
42
39
21
80
63
15
50
16
62
94
60
91
83
62
85
48
59
11
5
35
91
75
75
4
31
72
17
89
70
19
36
22
67
83
63
2
62
37
35
99
77
56
22
84
14
71
94
44
12
41
52
91
85
43
82
67
97
42
96
47
22
1
11
78
4
93
85
12
63
65
25
32
2
22
44
59
2
54
35
56
75
47
76
20
48
97
9
10
38
5
3
36
43
84
18
6
9
72
38
6
75
15
29
2
20
95
3
58
74
44
83
91
74
86
10
74
58
36
90
8
76
80
40
14
14
37
0
58
96
1
61
59
21
60
89
82
61
80
52
65
55
32
77
69
26
42
79
11
20
38
47
15
79
65
63
96
26
29
3
79
39
30
99
5
8
67
52
40
58
54
82
3
96
93
70
99
21
17
56
64
74
1
92
61
85
78
58
61
53
44
47
5
34
81
64
77
67
66
63
45
93
46
44
45
87
63
87
26
41
70
51
21
32
90
36
85
65
87
21
87
71
53
27
74
1
8
6
98
61
88
35
10
83
37
41
34
24
74
49
12
28
64
78
58
45
87
79
63
14
47
31
77
52
49
71
25
67
81
98
54
67
17
21
1
88
21
77
95
91
12
15
82
22
16
66
25
41
29
29
73
27
81
63
53
23
81
86
78
71
28
75
35
62
26
16
8
77
22
81
87
83
65
62
49
70
57
63
77
40
91
23
13
80
6
42
21
30
72
35
94
41
36
52
12
43
86
97
53
50
15
3
61
20
22
57
25
71
72
68
20
49
67
87
16
41
66
27
12
54
1
15
42
6
85
48
2
25
45
85
71
56
99
67
24
2
76
50
30
53
91
81
65
92
23
11
72
40
30
62
11
23
78
96
67
50
8
15
4
80
27
60
7
54
48
16
57
94
30
92
43
92
58
19
23
38
40
96
95
10
99
86
53
89
11
52
58
54
85
74
72
82
72
95
43
81
34
47
47
40
53
45
8
83
3
26
87
28
53
27
59
4
33
92
89
44
44
4
89
98
78
82
91
31
91
47
9
73
69
36
24
91
95
37
61
83
69
11
4
76
65
82
90
98
94
24
39
1
33
74
55
7
39
15
99
3
41
66
80
27
45
4
32
5
45
9
44
33
8
54
24
59
65
11
38
23
39
25
97
66
25
47
93
56
98
82
41
38
51
79
19
18
95
64
78
96
49
64
40
36
97
40
32
49
62
10
49
4
56
81
91
5
87
3
50
72
86
89
17
12
80
55
79
32
40
13
98
37
21
76
14
59
49
30
49
80
51
66
87
38
63
53
4
48
24
13
31
15
84
46
61
24
34
98
45
99
27
51
91
0
72
50
57
4
60
90
86
9
46
1
99
77
57
14
2
70
69
69
91
79
93
58
0
20
7
50
82
79
58
73
58
4
85
55
70
44
97
46
53
37
73
28
86
50
24
31
95
1
2
36
52
99
55
85
0
60
64
82
62
31
86
57
72
73
63
91
84
85
90
69
82
21
89
68
68
76
31
58
8
37
13
73
78
14
47
99
27
12
92
79
82
78
97
62
50
4
90
29
97
80
56
18
77
3
95
54
0
45
16
73
29
33
79
86
19
97
4
9
53
89
14
86
26
49
11
14
80
83
3
27
30
59
74
29
33
90
14
77
19
7
75
27
16
30
50
83
63
51
42
70
