overall_acc,0.8012
loss,[10.93428995300293, 6.267165989837647, 4.208832906723022, 3.2622621716308595, 2.823679535446167, 2.6051555913543702, 2.486681245956421, 2.4256253832244874, 2.381683445739746, 2.3612533169555663, 2.3526978684997557, 2.3329132881927492, 2.32827486618042, 2.3173510607910157, 2.313353094177246, 2.3145507485961914, 2.3092580434417727, 2.303086607055664, 2.3122941358184814, 2.308789712677002, 2.306842334136963, 2.3024295375061037, 2.3096831228637695, 2.320956146850586, 2.3222194043731688, 2.3239010668945315, 2.3309255392456056, 2.3222363828277586, 2.335026502914429, 2.3467844359588623, 2.3508918324279784, 2.3473339514923097, 2.363362769317627, 2.3697703663635252, 2.3835599855804444, 2.40045641494751, 2.3955524580383303, 2.410363962402344, 2.419682377243042, 2.426678359146118, 2.4390110869598387, 2.4419669044494627, 2.4607618984222412, 2.460414835128784, 2.463106139831543, 2.483360735778809, 2.4814682551574707, 2.4870507349395754, 2.4986607724761964, 2.5161943189239504, 2.511569620819092, 2.5221872429656984, 2.5196814540863035, 2.5244246047210694, 2.5438180375671386, 2.5304279850006104, 2.5419165129089354, 2.5374409634399413, 2.548183261413574, 2.55358877784729, 2.0408756089782716, 1.6646843922805785, 1.452993258895874, 1.3096514461517335, 1.2028858826828004, 1.1493930883407593, 1.123674148979187, 1.1131475511550903, 1.1025578455352782, 1.1053270835113524, 1.0989322769927978, 1.116021106185913, 1.114837045135498, 1.1221950970077514, 1.1171818743133546, 1.1296728922271728, 1.127689165916443, 1.1318244249725342, 1.149044861869812, 1.1463541639328003, 1.1530037594604492, 1.1655016495895385, 1.167867021369934, 1.1490922162246704, 1.1665208682632446, 1.172792517967224, 1.1702358576583862, 1.1765778281784058, 1.1824953903961182, 1.1829349291610718, 1.1766545683288574, 1.1919391762924194, 1.1927224703216552, 1.1969679482650757, 1.2013033349609374, 1.2029626516723633, 1.2091541647338868, 1.2123174043655396, 1.2003606009292602, 1.203788177986145, 1.2108641954803467, 1.2064825189971924, 1.210993171005249, 1.2243824990081786, 1.2178167463684082, 1.2254227962112427, 1.2285445930480956, 1.2275022562026978, 1.2379447705459594, 1.2348617490768432, 1.2364910440444947, 1.2255559218215943, 1.2344093950653077, 1.2256462070846557, 1.2365967716217041, 1.2243818475341797, 1.2347615114593506, 1.2394911205291748, 1.2426278630447387, 1.237317255897522, 1.0957560480117798, 1.0061226716232299, 0.9671302281761169, 0.9335088581466675, 0.9038898448753357, 0.8746072450828553, 0.8469296643447876, 0.8215010836601258, 0.7964009016609191, 0.7717134237480163, 0.7480895548820495, 0.7251272247123718, 0.703220968170166, 0.6823414862251281, 0.662262175769806, 0.6413906775093079, 0.622137737903595, 0.6035780148315429, 0.5852254894447326, 0.5679612308120727, 0.5508008408737183, 0.5340789238357544, 0.5179453495597839, 0.5026663718605041, 0.4882007322883606, 0.47375003513336184, 0.45993077524185183, 0.4460033002758026, 0.4323912020587921, 0.4204822158241272, 0.40842083883285524, 0.3958183060359955, 0.3837424068069458, 0.372814144115448, 0.36210699882507325, 0.35172962871551516, 0.34188390142440794, 0.331215949382782, 0.32290097434043885, 0.3140110530567169, 0.3074538058757782, 0.3051391522979736, 0.3028756855392456, 0.3007429982662201, 0.29882815144538877, 0.2971661204624176, 0.2952285004615784, 0.29357760542869565, 0.29145678841590883, 0.2898887018203735, 0.2878779532432556, 0.28619319791793824, 0.28443573671340944, 0.28290143664360046, 0.2808930442905426, 0.279493417224884, 0.27773964654922484, 0.27596870280265806, 0.2741236502456665, 0.27253941465377807, 0.27113099056243894, 0.2693997654438019, 0.2676519936275482, 0.26590493496894835, 0.264506729888916, 0.2628256652164459, 0.26138102901458743, 0.2597351567554474, 0.25819610705375673, 0.25661068378448487, 0.25499794692993166, 0.2535425421524048, 0.2521422568130493, 0.2504397182941437, 0.24877502087593079, 0.24743512407302856, 0.2459954746389389, 0.2445376649284363, 0.24290679894924164, 0.24160365781784057]
0,0.9565217391304348
1,0.9354838709677419
2,0.782608695652174
3,0.7586206896551724
4,0.8064516129032258
5,0.8333333333333334
6,0.9130434782608695
7,0.8076923076923077
8,1.0
9,1.0
10,0.55
11,0.42857142857142855
12,0.7
13,0.6086956521739131
14,0.7777777777777778
15,0.8333333333333334
16,0.9230769230769231
17,0.8571428571428571
18,0.7352941176470589
19,0.76
20,0.7777777777777778
21,0.8421052631578947
22,0.9411764705882353
23,0.8461538461538461
24,0.782608695652174
25,0.6666666666666666
26,0.75
27,1.0
28,0.84
29,0.7241379310344828
30,0.7777777777777778
31,0.68
32,0.7272727272727273
33,0.5862068965517241
34,0.88
35,0.5
36,0.9523809523809523
37,0.8421052631578947
38,0.8076923076923077
39,1.0
40,0.7857142857142857
41,0.9545454545454546
42,0.8695652173913043
43,0.8260869565217391
44,0.6086956521739131
45,0.6578947368421053
46,0.5
47,0.8260869565217391
48,1.0
49,0.7647058823529411
50,0.7272727272727273
51,0.6666666666666666
52,0.85
53,0.9310344827586207
54,0.9545454545454546
55,0.6190476190476191
56,0.8636363636363636
57,0.6428571428571429
58,0.9142857142857143
59,0.75
60,0.8148148148148148
61,0.8620689655172413
62,0.8076923076923077
63,0.7083333333333334
64,0.6842105263157895
65,0.7727272727272727
66,0.8846153846153846
67,0.7391304347826086
68,0.9047619047619048
69,0.8333333333333334
70,0.9333333333333333
71,0.8571428571428571
72,0.5454545454545454
73,0.65625
74,0.6666666666666666
75,0.9285714285714286
76,0.8571428571428571
77,0.7647058823529411
78,0.6842105263157895
79,0.8928571428571429
80,0.8275862068965517
81,0.9523809523809523
82,0.918918918918919
83,0.7333333333333333
84,0.8518518518518519
85,1.0
86,0.8214285714285714
87,0.9
88,0.9047619047619048
89,0.8928571428571429
90,0.875
91,0.8461538461538461
92,0.68
93,0.8095238095238095
94,0.9565217391304348
95,0.6206896551724138
96,0.6521739130434783
97,0.875
98,0.6538461538461539
99,0.8695652173913043
16
7
91
43
14
92
6
89
13
85
47
27
81
63
59
10
78
18
53
17
27
43
32
54
25
79
68
99
69
64
83
41
23
35
96
20
87
90
52
26
83
55
20
5
7
83
27
45
68
93
86
12
60
45
99
1
62
44
26
58
88
97
88
19
3
23
19
48
73
48
58
16
27
80
71
4
1
15
98
32
14
87
38
91
8
45
92
31
62
61
89
92
78
83
45
85
28
37
54
78
95
7
59
24
94
7
94
94
11
42
65
52
40
38
72
80
82
46
75
93
50
34
5
85
30
74
22
95
81
92
27
52
18
44
62
65
69
84
0
43
48
67
62
7
53
18
37
19
8
68
3
3
53
70
39
0
86
51
58
55
89
90
81
61
41
80
52
66
68
80
4
11
25
27
35
50
88
14
75
53
3
5
98
82
7
87
61
7
91
1
5
37
72
41
94
33
67
33
39
23
6
31
63
71
67
45
84
2
74
49
77
65
50
2
51
55
36
3
41
59
54
87
37
75
74
71
14
21
9
44
57
83
45
61
85
63
89
22
85
39
7
25
98
36
70
70
49
70
87
89
41
79
97
36
83
82
96
11
7
74
80
2
9
26
40
36
91
91
99
73
73
83
42
62
90
50
82
24
65
16
5
39
7
63
10
51
96
38
29
66
53
30
84
44
5
26
53
74
72
38
15
44
25
66
28
55
48
32
63
65
77
3
13
18
92
55
13
72
29
91
91
61
75
58
71
70
98
52
94
89
90
56
57
43
60
89
30
96
78
74
80
80
54
99
60
76
54
18
14
26
9
81
85
32
63
43
73
87
18
26
99
70
8
90
65
80
90
17
39
53
66
48
5
88
25
67
87
37
40
91
16
27
37
16
89
5
69
83
74
85
24
3
32
76
32
5
52
46
27
40
58
84
6
91
63
35
66
9
79
0
23
14
15
86
75
45
6
22
33
76
52
41
90
22
34
45
66
7
30
2
1
23
3
22
5
80
93
27
39
79
62
53
54
63
18
84
26
8
59
8
88
62
29
73
73
2
33
39
36
22
45
83
58
73
18
84
4
5
57
18
23
29
85
34
42
16
86
99
95
45
97
0
59
11
44
86
54
72
85
82
91
82
17
33
58
12
26
54
28
58
79
1
42
95
57
3
33
23
91
73
1
1
35
32
19
88
11
26
56
57
54
61
20
83
17
53
89
18
81
6
47
41
26
26
25
60
22
73
4
47
24
90
78
17
7
0
87
26
73
14
56
18
12
54
21
79
8
43
39
61
40
53
98
4
31
8
57
33
29
35
6
94
94
65
22
16
64
57
2
38
88
72
58
27
36
13
91
84
9
5
9
65
85
70
59
7
26
59
79
70
34
97
22
49
18
55
70
64
38
34
61
69
37
96
24
15
78
51
17
3
1
84
22
86
4
91
13
90
68
60
84
0
34
14
32
92
18
49
35
86
3
89
44
15
66
35
50
12
41
31
34
93
84
26
74
93
50
57
54
11
67
44
66
60
45
58
82
67
83
89
28
55
95
76
60
76
91
37
2
4
62
43
91
48
27
34
42
34
53
3
28
8
40
44
47
61
60
73
61
29
63
42
49
92
92
6
72
87
18
20
55
0
85
65
44
23
74
95
81
58
73
60
21
14
19
87
47
79
90
75
93
15
41
39
99
33
94
45
91
36
77
65
75
92
94
61
50
38
12
1
0
30
84
98
29
7
18
48
81
91
84
63
62
31
40
55
30
43
86
47
54
78
20
14
28
75
2
81
22
44
79
5
33
56
81
15
84
69
30
6
68
70
81
74
7
80
55
60
5
14
48
83
0
70
38
4
24
69
16
9
42
41
39
27
0
70
85
9
43
79
77
75
74
80
42
45
8
0
36
89
4
46
69
56
42
99
71
98
72
40
16
0
21
2
1
64
47
43
92
65
68
18
1
25
96
46
47
90
2
28
37
61
31
77
4
92
38
93
28
39
18
41
7
49
1
11
19
91
82
4
60
34
56
19
32
74
76
99
49
98
8
58
93
87
11
79
35
43
52
6
4
27
8
63
26
34
39
97
96
75
33
87
60
46
16
33
76
41
97
8
75
17
55
93
27
4
41
60
30
31
21
77
90
54
87
86
37
47
66
2
73
55
25
62
26
19
28
15
9
59
69
45
92
39
42
13
49
48
44
71
48
69
9
65
88
11
71
66
66
84
82
1
39
88
93
82
7
17
56
40
70
54
49
52
81
45
16
62
85
12
99
88
40
68
36
60
37
13
25
46
75
61
70
58
43
51
75
73
70
37
28
90
55
88
68
38
73
7
16
58
61
39
56
17
96
77
63
87
75
4
16
94
55
76
60
97
1
0
75
31
55
71
75
52
6
43
14
84
14
51
1
88
53
66
5
56
32
52
40
24
86
54
54
88
61
87
54
24
40
85
17
90
22
86
77
79
94
18
0
39
89
82
41
87
91
73
4
62
72
98
10
46
28
38
50
70
13
29
15
26
76
98
19
79
15
47
47
93
73
81
26
70
95
60
70
2
82
66
34
6
65
62
74
31
36
88
47
48
79
74
55
57
66
68
97
64
16
61
16
86
18
29
84
53
9
38
27
74
15
1
42
32
1
84
18
81
10
33
80
68
30
8
3
81
26
18
86
2
28
72
5
53
34
27
93
6
44
93
37
91
11
31
69
47
57
95
85
80
1
82
79
66
84
58
31
42
23
90
45
83
31
51
80
23
64
61
40
51
99
28
19
63
7
97
78
34
27
13
50
17
28
29
10
61
83
83
53
73
7
59
82
34
15
68
68
34
82
75
37
8
94
86
24
21
8
96
53
49
38
85
27
32
96
20
29
43
69
94
26
78
23
91
34
48
23
53
5
0
59
83
69
73
27
12
42
61
21
65
88
28
78
24
1
77
67
82
5
64
51
52
79
70
46
1
59
87
60
88
76
45
19
7
1
35
94
79
16
71
26
38
60
73
9
75
5
74
27
96
38
56
45
36
40
47
98
7
85
30
92
51
79
31
99
86
15
29
63
66
62
80
24
57
43
78
49
99
95
93
63
71
78
86
64
4
92
62
50
17
5
66
32
57
61
11
6
1
82
82
94
95
81
96
77
49
67
38
60
99
18
63
62
82
36
76
31
47
75
77
29
94
27
70
95
32
38
67
37
2
65
40
53
87
95
53
42
43
89
69
93
81
40
71
31
33
91
75
85
47
97
92
13
19
46
62
92
53
46
66
45
48
94
10
69
60
27
98
59
47
44
57
4
83
89
71
58
52
46
68
98
22
62
52
2
58
77
96
86
33
58
69
97
14
51
2
4
45
58
42
6
80
81
99
28
36
57
88
25
38
71
47
53
48
79
59
29
82
90
93
81
17
14
69
25
32
39
1
89
4
67
99
28
98
88
20
74
18
60
48
69
18
64
6
39
25
15
37
83
48
93
89
67
77
38
72
21
96
11
5
84
30
58
30
98
72
45
59
77
4
41
8
19
54
4
68
9
91
67
3
40
71
77
38
9
82
3
76
20
71
42
94
66
72
6
25
61
36
4
14
10
60
77
62
27
33
16
67
93
23
33
88
18
58
0
83
23
85
56
20
7
20
30
96
19
55
98
80
26
0
56
47
18
52
10
29
3
3
23
9
77
43
15
72
77
19
73
77
7
29
4
61
50
30
39
33
19
15
9
17
28
45
90
12
70
46
63
71
12
2
77
35
31
46
15
84
19
66
70
62
34
94
30
2
32
99
33
90
16
56
4
24
71
3
19
14
23
68
45
81
61
90
21
57
22
87
82
85
38
10
93
51
84
41
64
76
25
91
94
42
79
19
76
87
18
51
1
50
84
6
45
23
0
55
91
89
95
48
45
54
69
51
68
56
2
80
69
67
71
25
50
60
79
0
73
55
98
93
2
32
92
67
69
97
13
30
27
74
8
17
42
91
35
36
69
50
57
84
39
85
3
91
79
76
81
8
92
69
82
42
73
89
32
42
39
45
80
4
15
50
16
82
94
49
91
83
62
85
48
59
11
5
2
55
75
75
4
3
72
17
89
70
19
36
77
67
83
63
2
92
37
11
99
77
56
22
84
14
71
94
44
12
41
52
91
85
43
82
40
97
42
96
47
22
1
11
78
72
93
85
18
63
65
25
44
2
22
44
59
2
54
98
56
75
47
76
20
48
97
9
10
38
5
3
36
43
84
18
6
9
72
65
6
75
15
29
11
20
30
3
58
74
44
83
91
74
86
28
74
58
36
90
8
49
65
40
2
14
81
0
58
96
1
61
59
21
60
89
82
61
80
52
65
55
32
77
69
26
42
79
11
20
38
52
15
79
65
63
96
26
29
3
79
39
30
99
5
8
38
52
40
58
54
82
3
96
93
70
99
21
17
56
64
74
1
92
61
85
78
58
10
53
74
47
5
34
81
64
77
30
66
63
45
1
46
44
45
87
72
87
26
41
70
65
21
32
90
36
85
65
87
21
87
71
83
27
74
1
8
93
98
61
88
90
10
83
72
85
34
24
74
49
12
28
74
48
58
45
87
79
63
14
47
31
77
59
49
71
25
67
81
98
54
67
17
21
1
88
21
77
95
91
12
15
82
22
16
66
5
41
29
29
73
27
81
63
53
23
81
86
78
71
28
75
35
62
79
16
8
41
22
81
87
10
65
62
49
70
57
77
33
40
91
23
13
80
6
42
21
30
72
35
94
41
36
52
12
43
86
97
53
50
97
3
61
20
22
57
25
71
72
68
20
49
67
87
16
41
66
89
25
51
1
15
42
6
85
8
2
5
45
85
71
56
99
67
7
2
76
50
30
53
91
81
65
70
23
46
72
40
98
62
11
23
78
96
67
65
8
15
4
80
27
60
7
54
48
16
57
94
30
92
43
92
58
19
23
38
51
96
95
16
99
86
53
89
11
52
58
54
85
74
72
82
72
32
43
37
34
47
52
40
53
45
8
83
3
90
87
28
53
27
59
4
33
48
89
44
44
55
89
98
78
82
91
31
91
47
9
73
69
36
45
54
95
37
61
83
69
11
64
76
84
10
90
98
94
24
39
1
33
74
55
79
39
15
39
3
41
66
80
27
45
4
32
5
45
9
93
33
65
11
24
56
65
46
38
23
39
25
97
58
16
47
29
56
98
82
41
38
51
79
8
18
95
64
78
96
49
64
40
36
97
40
96
49
62
10
33
4
18
81
91
5
87
3
50
80
86
89
17
12
80
4
26
32
40
13
98
37
21
76
14
59
49
30
60
80
51
66
87
38
21
53
4
48
24
13
31
29
84
46
61
24
34
98
45
99
27
51
91
0
72
50
57
4
60
90
86
9
46
92
99
77
57
14
2
70
69
69
32
79
93
58
0
20
7
85
82
79
58
95
58
3
85
38
70
44
97
46
53
37
73
28
86
50
24
34
95
1
2
36
59
99
91
85
0
71
64
82
62
31
86
57
72
73
3
45
84
85
90
69
82
21
89
68
68
76
31
58
8
12
13
30
78
42
33
99
42
12
92
8
82
18
97
70
74
4
12
29
97
27
56
18
77
72
95
54
0
45
16
73
29
33
6
86
19
97
4
9
53
89
18
5
26
49
11
14
80
83
75
27
30
52
74
29
59
90
14
77
4
7
75
27
16
30
55
83
65
51
42
70
