overall_acc,0.8068
loss,[10.847721843261718, 6.237978526458741, 4.202218506698609, 3.2658889881134034, 2.8206720417785642, 2.599501340560913, 2.48302260345459, 2.4303537185668946, 2.3797951342773436, 2.363597762145996, 2.3414498565673827, 2.332820599594116, 2.3274735858917235, 2.3239551928710935, 2.3123875972747805, 2.3103442347717285, 2.305716019973755, 2.3096454183959962, 2.3023825607299804, 2.3106343827819824, 2.3071533200836183, 2.3119600748443605, 2.321193955001831, 2.3231483951568603, 2.311235885925293, 2.317939863891602, 2.327409380264282, 2.325699394607544, 2.340472601318359, 2.3404300645446776, 2.3446093674468993, 2.3547917589569094, 2.354702580795288, 2.356395564041138, 2.3702864286804197, 2.371423915634155, 2.372701946182251, 2.391667539978027, 2.4059102577972413, 2.422797712097168, 2.412020152282715, 2.4200170220947266, 2.430898923187256, 2.4549508681488037, 2.446703466644287, 2.4528241974639893, 2.4537418101501465, 2.476508440704346, 2.4760565859985353, 2.495243172225952, 2.4938114994812013, 2.4963356974029542, 2.5070871669769286, 2.514132040939331, 2.5111288180541993, 2.513487008743286, 2.5146490412139895, 2.5395317964172364, 2.5278527071380616, 2.544279370880127, 2.030090211868286, 1.654867639427185, 1.4464053694534302, 1.2972298864364624, 1.2052320043182374, 1.1458149489593505, 1.11224325592041, 1.1056315926742555, 1.092836015586853, 1.0901347052764894, 1.1020222584152222, 1.1079654137420654, 1.1081713994598388, 1.1217913956069947, 1.1099817989349365, 1.117309790916443, 1.1213261209487915, 1.1331901231002808, 1.1337452675247193, 1.1449563497924804, 1.1402021940231324, 1.1471074977111817, 1.143821717147827, 1.1460299110412597, 1.1603641612243651, 1.1638415379333495, 1.1656501056671142, 1.1743059652328491, 1.1631782601165772, 1.1700760610961913, 1.1780030383300781, 1.1844309754943847, 1.1797670804595948, 1.1901534746170044, 1.1924660412597656, 1.1914254355621339, 1.1983648541259766, 1.204675125389099, 1.2111964874649048, 1.2017900468063354, 1.2053047428131103, 1.2101942732238768, 1.2130829376220704, 1.2129896170043946, 1.2110390350341798, 1.2163579496002197, 1.21806814037323, 1.2027026691436769, 1.2110372074127198, 1.2206731874084473, 1.231883674621582, 1.2199655833053589, 1.2281302165603638, 1.224685073738098, 1.2428931992721557, 1.230107986869812, 1.2316506995010377, 1.2335484570693969, 1.2367147076797484, 1.2340712395858764, 1.0922546770858765, 1.0006539854240417, 0.96096270652771, 0.9283970502090454, 0.899059128704071, 0.8705388507461548, 0.8426895379638671, 0.8170998891067505, 0.7915190827178955, 0.7676133961105347, 0.7441308165740966, 0.7221624809646606, 0.7000221884536744, 0.6790425613975525, 0.6578725735473633, 0.638547903175354, 0.6188884872627258, 0.6002346848297119, 0.5817173407745362, 0.564239221496582, 0.5478359776496887, 0.5316764776992798, 0.5155813960647583, 0.4999935264968872, 0.4854736170578003, 0.47067572829246523, 0.45655659905433654, 0.4436049230194092, 0.43007255453109744, 0.41760632336616516, 0.4056697497653961, 0.3934157405948639, 0.3819124155044556, 0.37129376772880557, 0.36073826327323916, 0.35113254657745363, 0.34104615585327147, 0.3315249114990234, 0.32324165566444396, 0.312773217048645, 0.3069209048461914, 0.3039632120513916, 0.30182473344802857, 0.3000193639278412, 0.2979831971359253, 0.2962068625259399, 0.29418752038955687, 0.2925227414321899, 0.2908248986911774, 0.2887342702007294, 0.28715155650138857, 0.28531083560943604, 0.28358648314476015, 0.2817908510875702, 0.28014125138282775, 0.27850702404022215, 0.27676787932395935, 0.2750395004367828, 0.27320225949287413, 0.2717509519481659, 0.2698791978931427, 0.268352091550827, 0.2667608347797394, 0.26504278242111207, 0.26347034046173096, 0.2619063204193115, 0.2605080015182495, 0.2587311166858673, 0.257208487701416, 0.2556869474411011, 0.2540247413635254, 0.25253757308006286, 0.25104740407943726, 0.24959890803337098, 0.24817924956798554, 0.24655489540576936, 0.2451726830625534, 0.2436572806787491, 0.24219151086330415, 0.24081263363361358]
0,0.9565217391304348
1,0.9032258064516129
2,0.782608695652174
3,0.7931034482758621
4,0.8064516129032258
5,0.8333333333333334
6,0.9130434782608695
7,0.8846153846153846
8,1.0
9,1.0
10,0.35
11,0.42857142857142855
12,0.9
13,0.6086956521739131
14,0.8518518518518519
15,0.9166666666666666
16,0.8846153846153846
17,0.9523809523809523
18,0.7352941176470589
19,0.76
20,0.8333333333333334
21,0.8421052631578947
22,0.8823529411764706
23,0.8076923076923077
24,0.8260869565217391
25,0.625
26,0.8333333333333334
27,0.7916666666666666
28,0.88
29,0.7931034482758621
30,0.8148148148148148
31,0.68
32,0.7727272727272727
33,0.7241379310344828
34,0.88
35,0.5454545454545454
36,0.9523809523809523
37,0.8421052631578947
38,0.7692307692307693
39,1.0
40,0.7142857142857143
41,0.9090909090909091
42,0.8260869565217391
43,0.8260869565217391
44,0.6521739130434783
45,0.7105263157894737
46,0.4090909090909091
47,0.782608695652174
48,1.0
49,0.8823529411764706
50,0.6818181818181818
51,0.7142857142857143
52,0.9
53,0.896551724137931
54,0.9545454545454546
55,0.6666666666666666
56,0.7727272727272727
57,0.7142857142857143
58,0.9142857142857143
59,0.6666666666666666
60,0.9259259259259259
61,0.7586206896551724
62,0.9230769230769231
63,0.7916666666666666
64,0.7368421052631579
65,0.6818181818181818
66,0.8846153846153846
67,0.6956521739130435
68,0.9523809523809523
69,0.8666666666666667
70,0.8333333333333334
71,0.8095238095238095
72,0.5909090909090909
73,0.6875
74,0.6363636363636364
75,0.9642857142857143
76,0.9047619047619048
77,0.7352941176470589
78,0.8947368421052632
79,0.8571428571428571
80,0.7931034482758621
81,0.9047619047619048
82,0.9459459459459459
83,0.8
84,0.8148148148148148
85,0.9666666666666667
86,0.8214285714285714
87,0.8666666666666667
88,0.9523809523809523
89,0.9285714285714286
90,0.8333333333333334
91,0.8717948717948718
92,0.56
93,0.8571428571428571
94,0.8695652173913043
95,0.6551724137931034
96,0.6521739130434783
97,0.8333333333333334
98,0.7307692307692307
99,0.9130434782608695
16
7
91
43
14
92
6
89
13
85
47
97
81
63
59
61
78
18
53
17
27
43
10
54
94
79
68
99
69
64
83
41
23
98
96
20
87
90
52
26
83
67
20
20
7
83
27
45
68
93
86
12
60
45
99
1
62
44
26
58
88
97
88
19
3
71
19
48
91
48
58
16
63
75
71
4
32
15
98
32
14
87
38
12
8
45
92
31
62
61
89
62
78
83
45
85
28
37
54
72
95
7
59
24
94
7
94
94
11
42
65
52
40
38
72
80
82
98
75
51
74
34
5
85
30
74
22
95
81
92
27
52
51
44
62
65
69
84
0
43
48
67
62
89
53
18
81
19
8
68
3
3
53
70
39
0
95
51
58
63
89
90
81
61
41
66
52
66
68
80
4
46
65
27
35
36
88
14
75
53
3
5
2
82
7
87
61
7
91
1
5
17
72
41
94
33
67
39
39
23
28
31
63
71
67
93
10
11
74
49
77
27
50
35
51
85
36
95
41
47
54
81
37
75
63
71
14
24
9
44
57
83
45
22
52
42
89
61
85
39
7
25
98
24
70
70
49
70
87
89
41
85
97
36
83
82
6
55
7
74
80
2
9
78
40
36
91
91
99
73
79
83
42
62
90
50
82
24
65
16
40
39
7
63
10
51
96
77
29
66
53
30
84
44
5
91
53
74
72
38
15
44
5
66
16
55
48
95
75
66
77
3
13
18
92
55
13
51
29
1
91
61
75
58
71
54
98
52
94
89
90
52
57
43
60
90
30
96
78
6
80
80
54
99
60
76
92
18
14
26
9
81
85
32
63
43
1
87
44
26
99
70
8
12
65
80
41
17
39
53
66
48
5
88
32
67
87
37
81
91
16
27
33
16
89
5
76
83
74
85
24
72
32
76
45
5
52
46
72
40
58
84
54
91
4
98
66
25
79
0
23
14
15
86
75
45
6
22
33
76
52
81
90
22
34
45
48
7
91
11
1
23
3
22
5
80
93
18
39
79
62
53
54
63
18
84
66
8
59
8
88
62
29
73
73
2
33
39
63
22
45
83
58
73
18
84
4
5
57
18
23
29
85
34
37
16
86
99
95
45
97
0
66
93
44
86
54
29
85
82
91
82
17
27
85
12
26
54
28
58
79
1
4
99
57
3
33
23
91
73
1
1
11
32
19
88
11
29
56
0
54
61
20
13
17
53
89
18
81
6
96
41
26
26
25
60
22
73
4
47
24
90
78
17
7
0
87
26
73
14
56
18
12
54
21
79
8
43
39
51
40
53
98
4
31
8
57
33
29
35
6
94
16
16
22
16
64
57
2
38
88
72
58
26
36
13
91
84
9
5
9
65
85
70
59
7
11
59
79
70
34
97
18
49
44
55
70
27
38
34
61
69
37
96
24
3
78
72
33
35
1
84
22
86
4
91
13
90
68
60
84
0
34
18
32
92
14
49
35
86
3
89
44
15
66
35
50
12
41
31
34
93
84
26
74
78
50
57
54
35
67
44
66
60
45
58
82
50
98
89
28
55
95
76
60
76
91
37
2
4
62
43
91
48
63
34
42
34
53
3
28
8
40
44
96
61
60
73
61
26
63
42
49
92
92
6
55
25
18
20
72
0
85
65
18
23
78
95
81
58
73
60
21
14
19
87
47
79
90
75
73
15
41
39
99
33
94
45
91
36
77
3
75
62
94
61
50
38
12
1
0
30
16
98
29
7
18
48
89
91
84
63
62
31
40
55
30
61
86
96
56
43
25
14
28
75
2
81
22
73
79
5
23
56
81
15
84
69
30
6
68
70
81
74
7
80
23
60
5
14
48
18
0
70
38
4
24
69
16
9
42
41
39
27
0
70
85
9
43
79
77
75
74
80
42
62
8
0
36
89
51
46
69
56
42
22
71
98
55
40
16
0
21
2
1
64
47
43
83
64
68
44
1
25
96
98
47
90
2
28
37
61
31
77
4
92
38
93
28
39
18
41
44
49
92
11
97
91
82
4
60
34
56
19
32
74
76
99
95
98
8
58
93
87
35
79
35
43
52
6
4
27
8
63
26
34
39
97
96
75
33
87
49
46
16
33
76
41
97
8
75
17
55
93
27
4
41
60
67
55
21
77
90
54
87
86
37
47
74
2
73
55
25
62
26
19
28
15
9
47
17
45
92
39
42
13
49
48
44
71
48
69
9
26
37
46
71
66
66
88
82
1
39
88
93
82
7
17
56
40
70
1
68
52
69
45
16
6
85
12
99
88
40
68
36
60
17
87
25
46
75
61
92
58
97
51
75
73
54
37
28
90
55
88
68
38
91
77
16
58
16
39
56
17
33
77
63
87
75
4
16
94
55
76
60
97
1
0
75
31
55
71
75
52
6
43
14
84
14
44
1
88
53
66
5
56
32
52
40
24
86
54
54
88
61
87
54
24
84
85
17
90
22
86
77
79
94
45
0
39
89
82
41
87
91
73
4
62
72
35
10
46
28
38
72
70
13
7
15
24
76
98
73
79
15
47
47
93
73
81
26
70
95
60
70
2
82
66
34
6
65
62
74
31
36
88
52
48
79
50
55
57
66
68
64
64
16
10
16
86
18
29
84
53
9
77
80
74
15
1
67
96
1
84
92
81
10
33
80
68
30
8
3
81
48
18
14
35
28
72
5
53
34
27
93
18
44
93
37
14
35
31
69
47
57
95
85
80
1
82
45
66
50
58
31
42
23
90
18
83
31
51
80
23
64
61
40
51
99
28
19
63
93
97
78
34
90
13
50
17
28
29
10
57
83
83
53
73
7
59
82
34
15
68
68
34
82
75
37
8
94
16
24
21
8
96
53
49
38
85
27
32
96
20
29
43
69
5
26
82
23
91
34
48
23
53
5
0
59
57
69
73
27
12
42
61
21
32
88
28
15
24
1
77
67
82
5
64
1
52
79
70
46
1
59
87
60
88
76
45
15
7
1
35
94
79
25
71
26
55
60
73
9
75
5
72
27
96
38
14
4
36
94
47
35
7
85
30
92
51
79
89
99
86
15
29
63
66
62
80
24
57
43
78
74
99
95
93
63
71
78
86
64
46
19
62
77
17
98
66
32
57
61
2
6
70
82
82
94
95
81
96
93
33
67
31
60
79
65
63
62
82
36
12
31
47
75
77
29
94
27
70
95
32
38
67
37
36
65
40
53
87
95
53
42
43
89
69
93
81
40
71
19
33
91
75
85
47
97
62
81
19
46
62
92
53
46
66
45
48
94
10
69
60
42
35
59
52
44
57
4
83
89
71
58
52
46
58
98
22
62
52
2
58
77
96
86
33
58
69
97
14
51
2
63
26
58
42
6
80
81
99
28
50
51
88
25
38
71
47
53
48
79
59
29
82
90
93
81
17
14
69
25
32
39
10
89
66
67
99
28
98
88
20
45
18
60
48
69
14
89
6
39
64
15
37
2
48
15
89
73
77
38
72
21
96
11
89
84
30
58
30
46
31
45
59
77
74
41
8
19
54
4
68
9
91
67
3
40
71
77
38
9
82
3
76
20
60
42
94
66
72
6
25
22
36
4
14
26
60
77
62
44
66
27
27
93
23
33
88
18
58
51
83
23
85
19
20
79
20
30
47
19
4
98
68
26
0
56
47
57
52
83
51
79
3
23
9
77
43
15
55
77
19
73
79
7
90
4
61
64
30
39
33
75
17
9
17
28
45
28
12
83
49
63
60
12
2
77
98
3
46
15
84
19
66
70
62
34
5
30
11
4
99
33
90
16
56
4
24
71
3
19
14
23
68
10
81
10
90
21
57
22
87
82
12
38
10
93
77
84
41
64
76
25
91
94
42
40
19
76
87
18
51
1
50
94
6
45
23
0
55
91
48
95
48
45
54
69
83
68
56
2
80
47
67
71
25
50
60
79
0
44
55
98
80
2
32
83
61
69
97
13
30
27
74
8
17
42
91
98
36
69
65
57
84
71
85
21
91
79
76
13
8
92
69
82
7
73
89
74
42
39
26
80
55
15
50
16
70
94
60
91
83
62
85
48
33
11
5
2
55
75
75
4
3
72
17
89
92
19
36
22
67
83
63
2
62
37
35
99
77
56
22
84
14
71
94
44
12
41
52
91
85
43
82
40
97
42
96
47
28
1
11
78
72
93
85
12
63
65
25
44
2
86
44
59
2
54
35
56
75
47
76
20
48
97
9
26
38
84
3
50
43
84
18
6
9
72
38
6
75
15
29
35
25
95
3
58
74
14
83
91
74
86
86
74
58
36
90
8
49
65
40
5
14
37
0
58
96
1
61
59
21
60
89
82
61
80
52
65
55
32
77
69
26
42
79
11
20
38
52
15
79
65
63
96
26
29
3
79
39
30
99
5
8
19
52
40
58
54
82
3
82
93
70
99
21
17
56
64
74
1
92
61
85
78
58
10
53
74
47
5
34
81
64
77
30
66
63
45
30
46
44
45
87
63
87
26
41
70
64
21
32
90
36
85
3
87
21
87
71
83
27
74
1
8
93
98
61
88
90
10
83
29
85
34
24
74
49
12
28
74
78
58
45
87
79
67
14
47
31
77
52
60
71
25
67
81
98
54
67
17
21
1
88
21
77
95
91
12
15
82
22
16
66
18
41
29
29
73
27
81
63
53
23
81
86
78
71
28
75
98
62
79
16
8
7
22
81
87
83
65
62
49
70
57
63
33
40
91
23
13
80
6
42
66
30
55
35
94
41
36
52
12
43
86
97
53
50
97
3
61
20
22
57
25
71
72
68
20
49
67
87
16
41
66
27
10
51
92
15
42
6
85
8
2
5
45
93
71
56
99
67
78
2
76
50
30
53
91
81
65
70
23
46
95
40
30
62
11
23
78
96
67
36
8
15
4
80
27
60
7
54
48
16
57
94
30
92
43
62
58
19
23
38
40
96
95
10
99
86
53
89
11
52
58
54
85
74
72
82
72
32
43
37
34
47
52
84
53
45
8
83
3
26
40
28
53
27
59
4
33
92
89
44
44
4
89
98
78
82
91
31
91
47
9
73
69
36
45
91
95
37
61
83
69
11
64
76
44
22
90
98
94
24
39
1
33
65
55
7
39
15
99
3
41
66
80
27
45
72
32
5
45
9
44
33
11
35
24
59
65
11
38
23
39
25
97
58
46
47
29
56
98
82
41
99
51
79
19
18
73
64
78
96
49
64
40
36
97
40
32
49
62
28
49
4
79
81
91
5
87
3
50
80
86
89
17
12
80
32
24
32
25
13
98
37
21
76
14
59
49
30
60
80
51
66
87
38
63
53
4
48
24
13
31
29
84
46
61
24
34
98
45
99
27
51
91
0
72
50
57
4
60
90
86
9
46
1
99
77
57
14
2
70
69
69
32
79
77
58
0
20
7
85
82
79
58
72
58
75
85
55
70
29
97
98
53
37
30
28
86
50
24
29
95
1
2
36
96
99
91
85
0
60
64
82
62
31
86
57
72
73
38
91
84
58
90
69
82
21
89
68
68
76
31
58
8
90
13
30
78
88
33
99
42
12
92
8
82
78
97
62
74
4
69
29
97
27
56
18
77
72
95
54
83
45
16
73
29
33
6
86
19
97
4
9
57
89
44
25
26
49
11
14
80
83
3
27
30
52
74
29
52
90
14
77
65
7
75
27
16
30
55
83
14
51
42
70
