overall_acc,0.8036
loss,[10.921725487213134, 6.265070814208984, 4.2063514860534665, 3.2730520055389403, 2.820580114364624, 2.5979735652923583, 2.491549115829468, 2.4239398309326172, 2.386460716934204, 2.3623155267333984, 2.349996089630127, 2.3258901020050047, 2.3297700242614745, 2.3144379291534425, 2.311303441772461, 2.302549291305542, 2.3077205799865723, 2.3096221614837646, 2.305001334228516, 2.3023514250183106, 2.311207574920654, 2.297207933807373, 2.3183413290405275, 2.3072015154266357, 2.315518094329834, 2.3181552852630616, 2.3240906874084475, 2.331538262710571, 2.340686148529053, 2.3356979124450685, 2.346807981567383, 2.3513226287841795, 2.358823041305542, 2.3686185413360596, 2.385491083908081, 2.3779863222503663, 2.3981931872558593, 2.396666202697754, 2.4144628524017335, 2.4177988743591308, 2.4254787712860106, 2.437112398147583, 2.4542161080932616, 2.4559254934692385, 2.476189315109253, 2.478853728103638, 2.4760025858306887, 2.4931660427856444, 2.502810694656372, 2.496546816940308, 2.503487469406128, 2.5200898477172853, 2.535353035964966, 2.5329097019195554, 2.5491295712280273, 2.515899238357544, 2.548446960144043, 2.5539976838684084, 2.5578318226623535, 2.545861890335083, 2.033753512535095, 1.655056599960327, 1.4506415563201904, 1.3053917031097413, 1.2106110527038574, 1.1494527557373047, 1.1214646779251098, 1.1073972574615478, 1.1057188919830323, 1.1152411791992187, 1.1044858723449706, 1.1236911127090454, 1.1156438679504395, 1.1166505946350098, 1.1255687565994263, 1.1287690909957886, 1.1398960144042969, 1.1428247039031982, 1.1492978480148315, 1.1531797410583495, 1.1535003547286988, 1.1539244970703124, 1.1621183640670776, 1.1687926236343384, 1.16279426612854, 1.177310294265747, 1.1878281399917603, 1.1782067776870728, 1.1837521394348145, 1.1948526052474975, 1.200224726791382, 1.1975457460403443, 1.1904722786712647, 1.2072922181320191, 1.1974894466781616, 1.214231989517212, 1.2029102431106566, 1.2006684564208985, 1.2110790841674806, 1.2094007180786133, 1.221539889640808, 1.2258616036987304, 1.22488650680542, 1.2149396893310547, 1.2237206998443604, 1.2435250252151488, 1.2291478603363037, 1.2340770208740235, 1.2376492162704469, 1.23592813747406, 1.2346030891799926, 1.2389524099731446, 1.2388558588027954, 1.2352165888977051, 1.2363176924133301, 1.2461550058746338, 1.2328594508361816, 1.2384272317123413, 1.2496032140731812, 1.2442661195755005, 1.1073727717971802, 1.010311456642151, 0.9716164726829529, 0.9390908222198486, 0.9076046152877808, 0.8798842984008789, 0.8521341300582885, 0.8250443267059326, 0.8001337561225891, 0.7754666005706787, 0.7520763322257996, 0.7291219576644897, 0.7066959923553466, 0.6859652301979065, 0.6651481206512451, 0.6446836241531372, 0.6259447585678101, 0.6070007636451721, 0.5889545101737976, 0.5710571780395508, 0.553797548789978, 0.5374553372573853, 0.5212959411430359, 0.5055098792648316, 0.49039776953697206, 0.4761166889667511, 0.4621072603225708, 0.4481044126033783, 0.43511268407821657, 0.42196410360336306, 0.40945669982910154, 0.3975021760177612, 0.3858922109127045, 0.3748163829612732, 0.3638640110588074, 0.35354912636756897, 0.34341817113876344, 0.3335559166622162, 0.3241678038024902, 0.31526207958221436, 0.30891554290771484, 0.30623984322547915, 0.3044268493270874, 0.3021992929649353, 0.30048835878372193, 0.29854880823135377, 0.2967392264652252, 0.29492606107711794, 0.2929070581626892, 0.29105611580848695, 0.2893398659133911, 0.2875828314113617, 0.2857707302570343, 0.2841451912689209, 0.28218453707695007, 0.2805245522022247, 0.2789423668766022, 0.27743718796730044, 0.275451762342453, 0.2738656586265564, 0.2722158884716034, 0.2705302077293396, 0.2689963790798187, 0.2674126750087738, 0.26567891093254087, 0.26408163833618165, 0.26241571872711184, 0.2608488058567047, 0.2593833446788788, 0.25785152702331543, 0.25622143122673036, 0.25473452116012574, 0.25324276535987855, 0.25174363119125365, 0.25010061945915224, 0.24852147176742553, 0.2470720609331131, 0.24559637585163116, 0.24420240891456604, 0.24267347739696501]
0,0.9565217391304348
1,0.9032258064516129
2,0.8260869565217391
3,0.7931034482758621
4,0.8064516129032258
5,0.75
6,0.7391304347826086
7,0.9230769230769231
8,0.9615384615384616
9,1.0
10,0.45
11,0.47619047619047616
12,0.85
13,0.6086956521739131
14,0.7037037037037037
15,0.875
16,0.9615384615384616
17,0.9047619047619048
18,0.6470588235294118
19,0.88
20,0.9444444444444444
21,0.8421052631578947
22,0.9411764705882353
23,0.7692307692307693
24,0.8260869565217391
25,0.5833333333333334
26,0.7916666666666666
27,0.875
28,0.8
29,0.7931034482758621
30,0.8148148148148148
31,0.8
32,0.7727272727272727
33,0.6896551724137931
34,0.8
35,0.5
36,0.9047619047619048
37,0.7368421052631579
38,0.8461538461538461
39,1.0
40,0.7142857142857143
41,0.9545454545454546
42,0.8695652173913043
43,0.9130434782608695
44,0.6086956521739131
45,0.7368421052631579
46,0.5454545454545454
47,0.8260869565217391
48,1.0
49,0.8823529411764706
50,0.9090909090909091
51,0.6666666666666666
52,0.7
53,0.9310344827586207
54,0.9545454545454546
55,0.5714285714285714
56,0.9090909090909091
57,0.6785714285714286
58,0.9714285714285714
59,0.5833333333333334
60,0.8888888888888888
61,0.7931034482758621
62,0.8846153846153846
63,0.8333333333333334
64,0.7368421052631579
65,0.5909090909090909
66,0.8461538461538461
67,0.782608695652174
68,0.9047619047619048
69,0.8
70,0.9333333333333333
71,0.8571428571428571
72,0.5454545454545454
73,0.65625
74,0.6666666666666666
75,0.9642857142857143
76,0.8571428571428571
77,0.7352941176470589
78,0.7368421052631579
79,0.8928571428571429
80,0.7931034482758621
81,0.9047619047619048
82,0.9459459459459459
83,0.7666666666666667
84,0.8148148148148148
85,1.0
86,0.7857142857142857
87,0.9333333333333333
88,0.9523809523809523
89,0.9285714285714286
90,0.7916666666666666
91,0.8974358974358975
92,0.68
93,0.8095238095238095
94,0.9130434782608695
95,0.6551724137931034
96,0.5217391304347826
97,0.8333333333333334
98,0.5769230769230769
99,0.8695652173913043
16
7
91
43
14
92
6
89
13
85
52
27
81
63
59
61
78
18
53
17
27
43
10
54
94
79
68
31
69
64
83
41
71
35
12
20
87
90
47
26
83
67
20
20
7
83
27
45
68
93
86
12
60
73
99
18
70
44
26
58
88
64
88
19
34
71
19
48
44
48
58
16
63
75
71
4
32
15
98
32
14
87
38
12
8
45
92
31
62
61
89
92
78
83
26
85
28
37
54
49
95
7
59
24
94
7
94
94
11
42
65
52
40
38
72
80
82
46
75
93
50
34
25
85
30
74
22
95
81
92
27
52
18
44
62
65
69
84
0
43
48
67
62
89
53
44
81
19
8
68
3
3
83
70
39
0
40
51
58
19
89
90
81
61
41
77
52
66
68
80
43
46
25
27
35
50
88
26
75
53
3
5
98
82
7
81
61
7
91
1
5
37
72
41
94
33
67
99
39
23
16
31
63
71
67
45
44
46
74
33
77
26
50
2
51
85
36
3
41
47
54
87
37
75
74
71
14
24
9
39
57
83
45
22
59
42
89
22
85
39
7
25
98
65
70
70
49
70
87
89
41
25
97
36
83
82
6
46
7
74
80
2
9
78
40
36
91
91
99
73
24
83
42
62
90
50
82
24
65
16
5
39
7
63
10
51
96
77
29
66
53
30
84
44
5
26
53
74
72
15
15
44
84
66
86
15
48
73
63
66
77
3
13
18
92
55
13
51
29
91
91
61
75
58
71
70
98
52
94
89
90
56
57
43
60
41
30
47
78
6
80
80
54
99
60
76
54
18
14
26
9
90
85
32
63
43
73
87
44
26
99
70
8
90
65
80
90
17
39
53
66
48
5
88
89
97
87
37
46
91
16
27
33
16
89
5
69
83
74
85
24
72
32
76
45
5
52
46
27
40
58
84
54
91
63
98
66
41
79
0
23
14
15
86
75
45
6
22
33
76
52
41
68
22
34
45
48
7
95
2
1
23
3
22
5
80
93
27
39
79
62
53
54
63
18
84
65
8
59
8
88
62
29
73
73
2
33
39
63
22
45
83
58
73
18
84
4
5
2
18
23
29
85
88
97
16
86
40
95
45
97
0
46
11
44
86
92
29
85
82
91
82
17
32
58
12
26
54
28
58
79
1
4
44
16
3
33
23
91
0
1
1
35
32
19
88
11
29
56
0
54
61
20
13
17
53
89
18
81
6
47
41
26
26
25
60
22
93
4
47
24
79
74
17
7
0
87
26
73
14
56
33
12
54
21
79
8
43
39
14
40
53
98
4
31
48
57
33
26
35
6
94
9
10
22
16
64
57
2
38
88
72
58
27
36
13
91
84
9
89
9
65
85
70
52
6
2
59
79
70
34
97
99
49
18
55
70
64
38
34
61
69
37
64
24
3
78
51
33
35
1
84
22
86
4
91
13
90
68
60
84
0
80
54
32
92
14
49
35
86
3
89
44
15
66
98
50
12
41
31
34
93
84
26
74
78
50
57
54
35
67
44
66
60
26
58
82
67
83
89
28
55
95
76
60
76
91
37
2
4
62
43
91
48
63
44
42
34
53
3
28
8
40
44
96
61
60
73
61
29
66
66
49
92
92
48
55
94
18
20
55
0
85
75
33
23
78
95
81
58
73
60
21
62
19
87
47
79
90
75
27
15
41
39
99
48
94
45
91
36
77
68
75
92
94
61
50
38
12
1
0
30
84
98
29
7
18
48
81
91
84
63
62
31
40
72
30
43
86
96
59
98
25
14
28
75
2
81
10
44
79
5
33
56
81
15
84
69
30
6
68
70
87
74
7
80
55
60
5
14
48
18
0
70
38
4
24
69
16
9
42
41
39
27
0
70
85
9
43
79
77
75
74
80
42
62
8
0
36
89
43
46
69
56
42
22
71
98
97
40
16
0
21
45
1
64
47
43
83
2
68
44
1
39
96
46
47
90
46
51
37
61
31
14
4
92
38
93
28
39
44
41
44
49
1
11
19
91
82
4
60
34
56
19
32
74
87
99
49
98
8
58
93
87
2
7
35
43
52
6
4
27
8
63
26
34
39
97
37
75
33
87
49
46
16
33
76
41
97
8
75
17
55
93
27
4
41
60
30
31
21
77
90
54
87
86
37
47
66
2
73
55
25
62
26
19
28
15
73
41
69
45
92
39
42
58
49
48
44
71
48
69
9
26
16
46
71
66
66
88
82
48
39
88
93
82
7
17
56
40
70
1
49
52
76
45
16
62
85
12
99
88
40
68
36
60
17
94
20
46
75
61
70
58
88
51
75
73
70
37
28
90
55
88
68
38
93
6
16
58
16
39
56
17
33
77
50
87
75
4
16
94
55
76
60
97
1
0
75
31
72
71
75
52
6
43
14
84
14
34
1
88
53
66
5
56
32
52
40
24
86
54
54
88
61
87
54
24
40
85
17
90
22
86
77
79
94
45
0
39
89
82
41
87
91
73
4
62
72
98
10
46
28
38
86
70
13
29
15
26
76
98
67
79
15
47
47
93
73
81
26
70
95
60
70
11
82
66
34
6
65
62
74
31
36
88
59
48
79
50
15
83
66
68
97
64
16
63
16
25
18
29
63
14
9
38
74
74
15
1
93
96
1
84
92
81
10
33
80
68
30
8
3
81
45
18
20
11
28
74
5
53
34
27
93
6
44
93
29
44
35
31
69
47
57
95
85
80
1
82
45
66
44
58
31
42
23
90
6
83
19
51
80
23
64
61
22
51
99
28
19
63
7
97
78
34
60
13
50
17
28
29
10
22
83
83
53
73
7
59
82
34
15
68
68
34
82
75
37
8
94
16
24
21
8
96
53
49
38
85
27
32
96
20
29
43
69
94
26
82
23
91
34
48
23
53
5
0
59
57
69
73
74
12
42
61
21
95
88
28
15
24
1
77
67
82
5
64
51
52
79
70
46
1
59
87
60
88
76
45
43
7
1
35
94
79
16
71
26
55
60
73
9
75
5
72
27
96
38
56
45
36
40
47
2
7
85
30
83
51
79
89
99
87
15
29
63
66
62
80
24
57
43
78
49
99
95
93
55
71
74
86
64
4
6
62
50
17
98
66
32
57
61
2
6
70
82
82
94
95
81
96
1
33
67
31
60
79
74
63
62
82
36
68
31
47
75
77
29
94
27
70
95
32
38
67
37
2
65
40
53
87
95
53
42
43
89
69
93
81
84
71
31
33
73
75
85
47
97
62
13
15
46
62
92
53
46
66
45
48
94
61
40
60
37
35
59
47
44
57
4
83
89
71
58
96
46
58
98
22
62
52
2
58
77
96
86
33
58
69
97
14
51
2
63
7
58
42
6
75
81
99
28
50
57
88
25
38
71
47
53
48
79
59
29
82
90
93
81
17
14
69
25
32
39
1
89
4
67
99
28
98
88
20
42
18
60
48
69
14
48
6
39
72
15
37
83
48
15
89
67
77
38
23
21
96
11
16
84
30
58
30
98
31
45
59
77
50
41
8
19
54
4
68
9
91
67
19
40
71
77
38
9
82
3
76
20
60
42
94
97
72
14
25
61
36
4
14
26
60
77
62
85
66
16
27
93
23
33
88
18
58
51
33
23
85
56
20
7
20
30
47
19
4
35
38
26
0
56
47
83
52
10
44
35
3
73
9
77
43
15
72
77
19
73
77
7
29
4
61
50
30
39
45
19
51
9
17
28
45
16
12
70
49
63
71
12
2
77
35
3
46
15
84
19
36
70
62
34
5
30
2
5
99
33
90
16
56
4
24
71
3
15
14
23
68
45
81
61
90
21
57
22
87
82
12
38
10
93
77
84
41
64
76
25
91
94
42
79
19
76
87
18
51
1
50
37
6
45
23
0
55
91
89
95
48
45
54
69
82
68
56
86
80
37
67
71
25
50
60
79
0
73
55
46
80
2
32
54
26
69
97
13
30
27
74
8
17
42
91
35
36
69
50
57
84
76
85
3
91
79
76
81
8
92
69
82
7
73
89
66
42
39
45
80
63
15
74
16
62
94
60
91
83
62
85
48
59
11
5
2
18
75
75
4
3
72
17
89
92
19
36
93
67
83
63
2
62
37
11
99
77
56
22
84
14
71
94
44
12
41
52
91
85
43
82
40
80
42
96
47
86
1
11
78
72
93
85
18
63
65
25
44
2
86
44
59
2
54
35
56
75
47
76
20
48
97
9
45
38
5
3
50
43
81
18
6
9
72
38
6
75
15
29
11
25
95
3
58
74
14
83
91
74
86
28
74
58
36
81
8
49
50
40
14
14
81
0
58
96
1
61
59
21
60
89
82
61
80
52
65
55
32
77
69
26
42
79
11
20
38
52
15
7
65
63
96
26
29
3
79
39
30
99
5
8
19
52
40
58
54
82
3
82
93
70
99
21
17
56
64
74
1
70
61
85
78
58
61
53
74
47
5
34
81
64
77
67
66
27
35
30
46
18
7
87
63
87
26
41
70
22
21
32
90
36
85
3
87
21
87
71
83
27
74
1
8
93
98
61
88
85
10
83
29
85
34
24
74
49
12
28
74
78
58
45
87
79
67
14
47
3
77
52
60
71
25
67
81
2
54
67
17
21
1
88
21
77
95
91
12
15
82
22
16
66
5
41
29
29
73
27
81
63
53
23
81
86
42
71
28
75
35
62
79
16
8
7
22
81
87
83
65
62
49
70
57
63
78
40
91
23
13
80
6
42
21
30
95
35
25
41
36
52
12
43
86
97
53
50
97
3
61
20
22
57
25
71
72
68
20
49
67
87
16
41
66
44
87
51
1
15
42
6
85
8
2
5
45
93
71
56
99
67
65
2
76
50
30
53
91
81
65
92
23
11
72
40
30
62
11
23
78
96
67
84
8
15
4
80
27
60
7
54
48
16
57
94
30
92
43
62
58
19
23
38
65
18
95
10
99
86
53
89
11
52
58
54
85
74
72
82
72
69
43
81
34
47
47
40
53
45
8
92
3
90
87
28
53
27
59
4
33
92
89
44
12
55
89
98
78
82
91
31
91
47
9
73
69
36
26
91
95
37
61
83
69
11
80
76
80
10
90
98
94
24
39
1
33
90
55
7
39
15
99
3
41
66
80
27
45
4
32
5
45
9
93
33
65
35
24
56
65
11
38
23
39
25
97
5
25
47
93
56
98
82
41
38
51
79
88
18
73
64
78
96
49
64
40
36
97
40
33
49
62
28
56
4
77
81
91
5
87
3
50
80
86
89
17
12
80
74
6
32
40
13
98
59
21
76
32
59
49
30
49
80
51
66
87
38
63
53
4
48
24
13
31
29
84
46
61
24
34
46
45
99
27
51
91
0
72
50
57
4
60
90
86
9
46
92
99
77
57
62
2
70
69
69
32
79
93
58
0
20
7
85
82
79
58
95
58
3
85
55
70
29
97
46
53
37
73
28
86
50
24
31
95
1
2
36
47
99
55
85
0
23
64
6
62
31
86
57
72
73
42
91
84
85
90
69
82
21
89
68
68
76
31
58
8
90
13
30
78
88
47
30
42
12
92
8
82
18
97
62
50
4
12
29
97
51
56
18
80
72
95
54
83
45
16
73
29
33
14
86
19
97
4
9
53
89
18
58
26
49
11
14
80
83
75
27
30
52
74
29
52
90
14
77
72
7
75
27
16
30
50
83
65
51
42
70
