overall_acc,0.796
loss,[10.88402450668335, 6.2517174798583985, 4.196716375274658, 3.259571297531128, 2.822014962692261, 2.6072100885009766, 2.4937637577819824, 2.426585288696289, 2.4061245881652833, 2.3638163697814942, 2.3527528735351564, 2.3401267426300048, 2.3328671742248535, 2.321275687484741, 2.319922314453125, 2.3199921765136717, 2.313245022125244, 2.309794885787964, 2.3154959120178225, 2.316655471725464, 2.3228083111572264, 2.317574304046631, 2.333995800857544, 2.3189724194335937, 2.3352862797546385, 2.3360336581420897, 2.346847053375244, 2.344274849472046, 2.3454449559783934, 2.3581734986877443, 2.357153573226929, 2.3787789771270753, 2.3812668856811525, 2.3946828820800783, 2.3970405905914305, 2.4031632248687744, 2.419236015548706, 2.4244475745391845, 2.4468202812957762, 2.4395027453613283, 2.4402655715942383, 2.4458550878143313, 2.4693023704528807, 2.478695524520874, 2.481945601043701, 2.487736407928467, 2.5015686302947997, 2.5030479582977296, 2.513070975112915, 2.5217982916259767, 2.538621160430908, 2.545710199356079, 2.533061744918823, 2.5522730305480956, 2.5512953293609617, 2.5545892041015623, 2.553355883331299, 2.5643011849212645, 2.5728349806213378, 2.562311184692383, 2.040134747467041, 1.6704061895370483, 1.459137551574707, 1.3071141885757447, 1.2102247318649293, 1.1582999488830565, 1.1225604195404053, 1.1146751014328002, 1.1115860252380372, 1.1131321225357056, 1.111353846054077, 1.1241702876663209, 1.1114996308898926, 1.1136605431365967, 1.1216969129943848, 1.1427884066009522, 1.1426059273910523, 1.1516097807693482, 1.1445571818542482, 1.154117056083679, 1.1447594355010986, 1.1668296181106568, 1.16969364944458, 1.1724158294296265, 1.167409497756958, 1.1767764323806762, 1.1862218772125244, 1.1899981732177733, 1.1881141506195068, 1.1881922813034058, 1.1911382554626464, 1.1836949285125733, 1.195978144493103, 1.1889366357040405, 1.20002989692688, 1.1955896324920654, 1.2077965455627442, 1.206929979171753, 1.2149758031082154, 1.2163501274871826, 1.2176979895782472, 1.2191266131591796, 1.2272305683135987, 1.2228989367294312, 1.226227759437561, 1.2300830306625365, 1.2242738607025145, 1.2320565923690796, 1.2361460265350341, 1.2367069066619873, 1.2392654690933227, 1.2390724042510985, 1.2442150024032592, 1.2446078784179688, 1.2454302489852904, 1.246599822921753, 1.249097685432434, 1.2436703929901123, 1.2584161245346068, 1.2484143767166138, 1.1033093859100342, 1.0141068067550658, 0.9743209911346435, 0.9406658788871766, 0.9098153847885132, 0.881588480682373, 0.8536679608726502, 0.8277365201377869, 0.8025143017959595, 0.7777792846870423, 0.7536619877243041, 0.7308591247749329, 0.7089642158317566, 0.6870443917274475, 0.6666746885871887, 0.6465730104064942, 0.6268354084396363, 0.6081380846595764, 0.5898633911705017, 0.5723303793144227, 0.5551259243011475, 0.5389501156044006, 0.5231928129386901, 0.5073624454784393, 0.4921083189868927, 0.4776495474815369, 0.4628042317676544, 0.44942806011199954, 0.43569773529052735, 0.4236082297229767, 0.4109483284854889, 0.39974261954307555, 0.3872692155742645, 0.37615812985420227, 0.36469976480484007, 0.3549914751338959, 0.3444412090396881, 0.3355917809677124, 0.325511626367569, 0.3163118548107147, 0.3101910671329498, 0.3074775132846832, 0.3056114848327637, 0.3033977975273132, 0.3014189589595795, 0.2995190436935425, 0.2978968366909027, 0.29584085451126096, 0.2939429257774353, 0.2921362287044525, 0.2905300033569336, 0.2888141988277435, 0.2869983655357361, 0.2852410385894775, 0.2832906431484222, 0.2818422117328644, 0.28003308124542237, 0.2782002166080475, 0.2766910325717926, 0.2747787677574158, 0.2732626015281677, 0.27161160489082337, 0.27000345620155336, 0.26827047477722166, 0.26662709040641785, 0.2651563001537323, 0.2634377551269531, 0.2620280038547516, 0.2603258312797546, 0.2586113941192627, 0.2570650086402893, 0.255533143491745, 0.25405323969841004, 0.2525308002376556, 0.251018316860199, 0.24951640809059142, 0.2479564355802536, 0.24650733849048614, 0.24486033493995665, 0.24344906467914582]
0,0.9565217391304348
1,0.9354838709677419
2,0.8260869565217391
3,0.6896551724137931
4,0.7741935483870968
5,0.7916666666666666
6,0.782608695652174
7,0.9230769230769231
8,1.0
9,0.9473684210526315
10,0.4
11,0.42857142857142855
12,0.85
13,0.6086956521739131
14,0.8518518518518519
15,0.9583333333333334
16,0.9615384615384616
17,0.9047619047619048
18,0.7941176470588235
19,0.84
20,0.8333333333333334
21,0.8947368421052632
22,1.0
23,0.7692307692307693
24,0.8260869565217391
25,0.625
26,0.7916666666666666
27,0.7916666666666666
28,0.84
29,0.7931034482758621
30,0.8518518518518519
31,0.72
32,0.6818181818181818
33,0.6896551724137931
34,0.92
35,0.45454545454545453
36,0.8571428571428571
37,0.7368421052631579
38,0.8076923076923077
39,0.9565217391304348
40,0.7142857142857143
41,0.8636363636363636
42,0.9130434782608695
43,0.8260869565217391
44,0.6956521739130435
45,0.7368421052631579
46,0.5
47,0.6956521739130435
48,1.0
49,0.8235294117647058
50,0.6818181818181818
51,0.6666666666666666
52,0.8
53,0.896551724137931
54,0.9545454545454546
55,0.5238095238095238
56,0.7727272727272727
57,0.6071428571428571
58,0.8285714285714286
59,0.7083333333333334
60,0.8518518518518519
61,0.8275862068965517
62,0.8846153846153846
63,0.7916666666666666
64,0.7368421052631579
65,0.6818181818181818
66,0.8461538461538461
67,0.6956521739130435
68,0.9523809523809523
69,0.8666666666666667
70,0.9
71,0.7619047619047619
72,0.5909090909090909
73,0.71875
74,0.5757575757575758
75,0.9642857142857143
76,0.8571428571428571
77,0.7058823529411765
78,0.7368421052631579
79,0.7857142857142857
80,0.7586206896551724
81,0.9047619047619048
82,0.918918918918919
83,0.8333333333333334
84,0.8148148148148148
85,0.9666666666666667
86,0.75
87,0.9
88,0.9523809523809523
89,0.8928571428571429
90,0.8333333333333334
91,0.8974358974358975
92,0.68
93,0.8095238095238095
94,0.9130434782608695
95,0.6551724137931034
96,0.6086956521739131
97,0.8333333333333334
98,0.6923076923076923
99,0.8260869565217391
16
7
91
43
14
92
6
89
13
85
47
27
81
63
59
61
78
18
53
17
27
43
10
54
25
79
68
4
69
64
83
41
49
12
96
20
87
90
52
26
83
67
20
20
7
83
27
45
68
93
22
12
69
45
99
1
62
80
26
58
88
64
88
19
34
23
19
48
44
48
58
16
74
75
71
4
32
15
98
32
14
87
38
12
8
45
92
31
62
61
89
92
78
83
45
85
28
37
54
30
95
7
59
24
94
7
94
94
11
42
65
52
40
38
55
80
82
80
75
51
74
34
5
85
30
74
22
95
81
92
27
52
6
44
62
65
69
84
0
43
48
67
62
89
83
67
81
19
8
68
3
3
53
70
83
0
95
51
58
19
89
90
81
61
41
65
52
66
68
80
4
46
25
66
35
50
88
14
75
53
3
5
98
82
7
81
61
7
91
1
5
17
72
41
94
33
67
12
39
23
27
31
63
71
67
45
91
46
74
49
77
65
50
98
51
27
36
3
41
59
54
87
37
75
55
71
14
83
9
2
57
83
45
22
85
42
89
22
85
39
7
25
98
5
70
70
49
70
87
89
41
65
97
36
83
82
77
21
7
74
80
2
9
91
40
36
91
91
78
73
40
83
42
62
90
50
82
24
38
16
40
39
7
63
10
51
96
77
29
66
53
30
84
29
5
26
53
74
72
15
15
80
5
66
77
15
48
91
63
64
77
3
13
18
92
55
13
72
29
91
91
61
75
13
71
70
46
52
94
89
90
56
57
43
60
89
30
96
78
6
80
80
54
99
60
76
92
18
14
26
9
81
85
32
63
43
73
87
44
26
99
70
8
90
65
80
41
17
39
53
66
48
5
88
8
67
46
37
46
91
16
27
33
16
89
5
69
83
74
85
24
72
32
76
45
5
52
46
32
40
58
84
82
91
38
46
66
41
26
0
23
14
15
86
75
45
6
22
33
76
52
81
49
22
34
45
72
7
30
2
1
23
3
22
5
80
93
27
5
79
62
53
54
63
18
84
66
8
59
8
88
62
29
30
73
2
33
39
63
22
45
83
58
73
18
84
4
5
57
18
23
29
85
34
42
16
16
99
95
45
97
0
87
32
44
86
54
29
85
82
91
82
17
51
12
12
26
54
28
58
79
1
1
30
57
3
33
23
91
73
1
1
11
32
19
88
11
29
56
0
54
61
20
13
17
53
89
18
81
6
59
41
19
26
25
60
22
1
4
47
24
90
78
17
7
0
87
26
73
14
56
74
12
54
21
79
8
43
39
51
40
53
98
4
31
8
57
33
18
35
6
94
86
10
22
16
64
57
2
38
88
72
58
26
36
13
91
84
9
89
9
65
85
70
59
6
70
59
79
70
34
97
99
49
18
55
70
64
38
34
61
69
37
27
24
3
78
75
33
35
1
84
22
86
4
91
58
90
68
60
84
0
34
70
32
92
18
96
35
86
3
89
44
15
66
35
50
12
41
31
34
93
84
26
74
27
50
57
54
11
67
44
66
60
26
58
82
67
83
89
28
55
95
76
60
76
91
37
2
4
62
43
91
48
27
34
42
34
53
3
28
8
40
44
33
61
60
73
61
29
63
63
49
92
92
6
57
86
18
20
72
0
85
75
18
23
66
95
81
58
73
60
21
62
19
87
47
79
90
75
73
15
41
39
99
81
94
45
91
36
77
65
75
92
94
61
50
38
12
1
0
30
84
98
29
7
18
48
81
91
45
63
62
31
40
55
30
61
86
96
33
98
20
14
28
75
11
81
22
73
79
5
33
56
81
15
84
69
30
6
68
70
81
74
7
67
55
60
5
14
48
18
0
70
38
4
24
69
16
9
42
41
39
27
0
70
85
9
43
79
77
75
74
80
42
50
8
0
36
89
4
46
69
56
42
22
71
98
72
40
16
0
21
2
1
64
47
43
92
75
68
18
1
39
96
98
47
90
2
28
37
61
31
14
4
92
38
93
28
39
18
41
44
49
62
11
85
91
82
4
60
34
56
19
32
74
87
99
49
98
8
58
93
87
11
79
35
43
52
6
4
27
8
63
26
34
39
97
52
75
33
87
49
46
16
33
76
41
97
8
75
17
55
93
27
4
83
60
30
65
21
77
90
54
87
86
37
47
66
2
73
55
25
62
26
65
28
15
14
47
69
45
92
39
42
58
49
48
44
71
48
69
9
26
37
46
71
66
66
88
82
1
39
88
93
82
7
17
56
40
70
1
68
52
69
45
16
62
85
12
99
88
40
68
36
60
37
87
25
46
75
61
70
58
88
51
75
73
54
37
28
90
55
88
68
38
91
79
16
58
61
39
56
17
33
77
64
87
75
4
16
94
55
76
60
97
1
0
75
42
97
71
75
52
6
43
14
84
14
6
1
88
53
66
5
56
32
52
40
24
86
54
54
88
61
87
54
24
84
85
17
90
22
86
77
79
76
45
0
39
89
82
41
87
91
73
4
62
72
98
10
46
28
38
27
70
13
7
15
24
76
98
51
79
15
47
47
93
73
81
26
70
95
60
70
2
82
66
34
6
65
62
74
31
36
88
52
48
79
50
15
83
66
68
97
64
16
93
16
84
18
29
84
53
9
38
80
74
15
1
78
77
1
84
69
81
28
33
80
68
30
8
3
81
45
18
44
35
28
72
5
53
34
27
93
6
44
93
85
91
46
31
69
47
86
95
85
80
1
82
2
66
44
58
31
42
23
90
18
83
19
51
80
23
64
61
5
51
99
28
19
63
26
97
78
34
18
13
74
17
28
29
10
61
83
83
53
73
7
59
82
34
15
68
68
34
82
75
37
8
94
16
24
21
8
96
53
49
80
85
27
32
96
20
29
43
69
94
26
54
23
91
34
48
23
53
5
0
59
57
69
73
74
12
42
61
21
72
88
28
15
24
1
77
67
82
5
64
51
59
79
70
46
1
59
87
60
88
76
45
15
7
1
35
94
79
16
71
26
55
60
73
9
75
5
72
27
32
38
14
79
44
87
47
11
7
85
30
14
51
79
89
99
86
15
29
63
66
62
80
24
57
43
78
49
99
95
93
72
71
78
86
64
4
19
62
50
17
98
21
32
57
61
2
6
1
82
82
94
95
81
96
93
49
67
31
60
20
64
63
62
82
36
12
31
47
75
4
29
94
59
70
95
32
24
67
37
2
65
40
53
87
95
53
42
43
89
69
93
81
40
71
31
33
73
75
90
47
97
70
13
3
46
62
92
53
46
66
45
48
94
10
69
60
27
98
59
52
44
57
4
83
89
71
68
52
46
58
98
22
62
52
2
58
77
96
86
33
58
69
97
14
51
2
63
45
58
42
6
75
81
99
28
88
57
88
25
38
23
47
53
48
79
59
29
82
90
93
81
17
14
69
25
32
39
62
89
4
67
99
28
98
88
20
42
18
60
48
69
18
21
6
39
72
15
37
2
48
15
89
67
77
38
23
21
96
11
84
84
30
13
30
98
31
83
59
77
74
41
8
19
54
4
68
9
91
67
19
40
71
77
38
9
82
3
76
20
60
42
94
66
72
14
25
61
36
4
14
10
60
77
62
85
75
16
27
93
23
33
88
18
58
51
83
23
85
96
20
26
20
30
47
19
15
98
80
26
0
56
47
83
47
83
40
44
3
73
9
77
43
15
72
77
19
73
77
7
85
4
61
50
30
39
70
19
17
81
17
28
45
16
12
70
49
63
71
12
2
77
98
68
19
15
84
19
1
70
62
34
94
30
11
32
99
33
90
16
59
4
24
71
3
19
14
23
68
45
81
61
90
21
57
22
87
82
12
38
10
93
77
84
41
64
76
25
91
94
42
79
19
76
87
18
51
1
50
37
6
45
23
0
55
91
48
95
48
45
54
69
86
68
56
86
80
12
67
71
25
50
60
79
0
44
55
98
93
2
32
83
10
76
97
13
30
27
74
8
17
42
91
11
36
69
65
57
84
49
85
3
91
79
76
13
8
92
69
82
7
73
89
74
42
39
26
80
4
15
50
16
62
94
60
91
83
62
85
48
96
11
5
2
18
75
75
4
31
72
17
89
92
19
36
22
67
83
63
2
92
37
2
99
77
56
22
84
14
71
94
44
12
41
52
91
85
43
82
12
97
42
96
47
22
1
11
78
72
93
85
18
63
65
25
44
2
22
45
59
2
54
98
56
75
52
76
20
48
97
9
78
38
5
3
50
43
84
18
6
9
72
38
6
75
15
29
35
25
95
3
87
74
14
83
91
74
86
10
74
58
36
90
8
1
80
40
10
14
37
0
58
96
1
61
59
21
60
89
82
99
80
52
65
55
32
77
69
26
42
79
11
20
38
52
15
7
65
63
52
26
29
31
79
39
30
99
5
8
67
52
40
58
54
82
3
96
93
70
99
21
17
56
64
74
1
70
61
85
78
58
10
53
74
47
5
34
81
64
77
30
66
63
45
93
46
44
45
87
63
87
26
41
70
22
21
32
90
36
85
34
87
21
87
71
83
27
63
1
8
93
98
61
88
41
10
83
27
85
34
24
67
49
12
28
50
44
58
45
87
79
63
14
47
31
77
59
60
71
85
67
81
98
54
32
17
21
1
88
21
77
95
91
12
15
82
22
16
66
25
41
29
29
73
27
81
63
53
23
81
86
78
71
28
75
35
62
26
16
8
77
22
81
87
83
65
62
49
70
53
75
33
40
91
23
13
80
6
42
66
30
95
35
94
41
36
52
12
43
86
97
53
50
97
95
61
20
22
57
25
71
72
68
20
49
67
87
16
41
66
27
25
63
1
15
42
6
85
8
2
5
45
93
27
56
99
67
27
2
76
50
30
53
91
81
65
92
23
46
72
40
80
62
11
23
78
96
67
65
8
15
4
80
27
60
7
54
48
16
57
94
30
51
43
62
58
19
23
38
65
96
95
10
99
86
53
89
11
52
58
54
85
74
64
82
72
32
43
81
34
47
52
40
53
45
8
83
3
90
40
28
53
27
59
4
33
92
89
44
44
55
89
98
78
82
91
31
91
47
9
73
69
36
26
91
95
37
61
83
69
11
15
76
80
10
90
98
94
24
39
1
33
37
64
7
39
15
39
3
41
66
80
27
45
4
32
5
45
9
93
33
22
35
24
56
65
11
38
23
39
25
97
58
25
47
29
56
98
82
41
38
51
79
19
18
95
64
78
96
49
64
40
36
97
40
93
49
62
10
49
4
29
81
91
5
87
3
50
80
86
89
17
12
80
46
24
63
40
13
98
59
21
76
14
59
49
30
33
80
51
66
87
38
63
53
4
48
24
13
31
15
84
46
61
24
34
46
45
99
27
51
91
0
72
50
57
4
60
90
86
9
46
92
99
77
57
14
2
70
69
69
91
79
44
58
0
20
7
24
82
8
58
72
58
3
85
66
70
29
97
46
53
37
73
28
86
50
24
31
95
1
2
36
59
99
55
85
0
71
64
82
62
31
86
57
72
73
42
91
84
85
90
69
82
21
89
68
68
76
31
58
8
90
13
30
78
88
47
99
42
12
92
8
82
78
97
62
50
4
12
29
97
77
56
18
77
72
95
54
0
45
16
73
29
33
14
86
19
97
4
9
57
89
18
25
26
49
35
14
80
83
75
27
30
52
74
29
52
90
14
77
65
7
75
27
16
30
74
83
14
51
42
70
