overall_acc,0.7912
loss,[10.863289747161865, 6.223862078399658, 4.183775686187744, 3.262471496582031, 2.809138543930054, 2.6039348789978027, 2.4933550141906737, 2.424737337112427, 2.3902525853729246, 2.365668264541626, 2.347734835357666, 2.338359328613281, 2.3245107135009766, 2.3200749571228028, 2.3195878327941895, 2.3094439791107177, 2.3063606298065187, 2.292801859970093, 2.312117491607666, 2.2939514919281008, 2.3100084912109375, 2.3112623991394043, 2.303546534957886, 2.3138829747009275, 2.3189879121398924, 2.3209362424468996, 2.316579757385254, 2.3270083338165284, 2.330625121688843, 2.347451290588379, 2.347449513397217, 2.3533577422332765, 2.3612504503631593, 2.37276778427124, 2.383006516265869, 2.3843541493988036, 2.3888737551879884, 2.4036251525878907, 2.412590146102905, 2.416373794555664, 2.4303871445465086, 2.4394204026031496, 2.4594533574676514, 2.462828675994873, 2.4639521416473387, 2.4760554732513427, 2.487343156967163, 2.4804198236083983, 2.497482603302002, 2.5009788471221923, 2.5137140364074706, 2.5233272063446046, 2.528987353515625, 2.526638518447876, 2.526441629257202, 2.5429000676727296, 2.5406991595458983, 2.55161395980835, 2.54026371131897, 2.551913035964966, 2.0347705671691894, 1.6627247783660888, 1.4456460550308228, 1.305827970199585, 1.2017897948455811, 1.1451160523605346, 1.1232748442077636, 1.101115583305359, 1.1029665481948852, 1.0992011776351929, 1.0930204541397095, 1.1121048384094239, 1.1164002787399292, 1.10887274974823, 1.1151908793258667, 1.1279138138198852, 1.133013232536316, 1.1352355207443237, 1.126857935218811, 1.1364544493484496, 1.144713869934082, 1.1595897798919679, 1.160942727241516, 1.1549332637405396, 1.1673529955291748, 1.166398337249756, 1.1814824336624146, 1.1809905239868164, 1.1862724430084228, 1.1743077057647706, 1.18328572845459, 1.1973563716125488, 1.1857823282623292, 1.1867902354431152, 1.1906293389892577, 1.191454973258972, 1.1934996018600463, 1.1957338026046753, 1.1949704726028443, 1.2121966560745239, 1.2079419923400878, 1.2158935983657837, 1.2190033555984496, 1.226160555076599, 1.2196613359069823, 1.2093491379547119, 1.2121554537963868, 1.2201397439193726, 1.2322584411239623, 1.2321086538696289, 1.2208157320404052, 1.2312968050003053, 1.2290088047790528, 1.2228418910598755, 1.236294404525757, 1.2371335922241211, 1.2472160427093506, 1.2325761808395386, 1.2429664536666871, 1.2345239791107179, 1.092651978340149, 1.0051492183876038, 0.9659778178977966, 0.9318994114303589, 0.9010506548500061, 0.8723203411102295, 0.8453198952674865, 0.8198900177383422, 0.7941639842224121, 0.7701147283935547, 0.7465325413894653, 0.7235098751449585, 0.7015745317459107, 0.6807497171592712, 0.6600658844184876, 0.6402585847473145, 0.6211709965896607, 0.6020324231147766, 0.5842049282073974, 0.5672868643760681, 0.5502212140083313, 0.533497743434906, 0.5171622501373291, 0.5014386762619019, 0.48704433215141296, 0.4726869582080841, 0.4583359669971466, 0.44534515930175783, 0.4319755565738678, 0.41948080549240113, 0.4067449322509766, 0.39494891283988953, 0.3830030663871765, 0.37206185932159425, 0.3606598988246918, 0.3508837442493439, 0.3412139297580719, 0.3316878843784332, 0.3219927626800537, 0.31368661715507506, 0.3067565505123138, 0.30464102308273316, 0.3022526495361328, 0.30036356678962706, 0.2983620815372467, 0.29646567289352416, 0.29473788389205935, 0.29295935443878174, 0.2909336574745178, 0.289162833070755, 0.287430774936676, 0.2857091387748718, 0.28379420659065246, 0.2822114691162109, 0.2802057050037384, 0.2787552531337738, 0.27695734807014466, 0.27531662781715394, 0.273626902551651, 0.2720662161540985, 0.2703251316833496, 0.26862932242393495, 0.2671193851566315, 0.2654941424369812, 0.26380555156707763, 0.26221462636947634, 0.2607231616592407, 0.2591982994174957, 0.25754050680160523, 0.2561211650562286, 0.2544440263080597, 0.2529326598453522, 0.2515086805057526, 0.2498416421842575, 0.24835839229106904, 0.24687584987640382, 0.24547659256458282, 0.243816823015213, 0.24254081132411956, 0.24105175731658934]
0,0.9565217391304348
1,1.0
2,0.8260869565217391
3,0.7241379310344828
4,0.6774193548387096
5,0.75
6,0.782608695652174
7,0.9230769230769231
8,1.0
9,1.0
10,0.5
11,0.42857142857142855
12,0.9
13,0.6086956521739131
14,0.7777777777777778
15,0.875
16,0.8846153846153846
17,0.9047619047619048
18,0.6176470588235294
19,0.76
20,0.8333333333333334
21,0.8421052631578947
22,0.8823529411764706
23,0.8461538461538461
24,0.8260869565217391
25,0.6666666666666666
26,0.7916666666666666
27,0.8333333333333334
28,0.8
29,0.6896551724137931
30,0.8518518518518519
31,0.8
32,0.6818181818181818
33,0.6896551724137931
34,0.84
35,0.5909090909090909
36,0.9047619047619048
37,0.7894736842105263
38,0.7692307692307693
39,1.0
40,0.6785714285714286
41,0.9090909090909091
42,0.8260869565217391
43,0.9130434782608695
44,0.5217391304347826
45,0.6578947368421053
46,0.36363636363636365
47,0.782608695652174
48,1.0
49,0.8235294117647058
50,0.7272727272727273
51,0.8095238095238095
52,0.8
53,0.9655172413793104
54,0.9545454545454546
55,0.5714285714285714
56,0.7727272727272727
57,0.5714285714285714
58,0.8857142857142857
59,0.75
60,0.7777777777777778
61,0.8275862068965517
62,0.8076923076923077
63,0.7083333333333334
64,0.6842105263157895
65,0.6818181818181818
66,0.8076923076923077
67,0.7391304347826086
68,0.9047619047619048
69,0.9333333333333333
70,0.9333333333333333
71,0.8571428571428571
72,0.36363636363636365
73,0.65625
74,0.6060606060606061
75,0.9285714285714286
76,0.8571428571428571
77,0.7352941176470589
78,0.7368421052631579
79,0.8214285714285714
80,0.7586206896551724
81,0.9047619047619048
82,0.918918918918919
83,0.9
84,0.8518518518518519
85,0.9666666666666667
86,0.75
87,0.9
88,1.0
89,0.9642857142857143
90,0.8333333333333334
91,0.8717948717948718
92,0.64
93,0.8571428571428571
94,0.8695652173913043
95,0.6206896551724138
96,0.7391304347826086
97,0.7083333333333334
98,0.7307692307692307
99,0.8260869565217391
16
7
91
43
14
92
6
89
13
85
47
74
81
63
59
61
78
77
53
17
27
43
10
54
25
79
68
31
69
64
83
41
23
98
96
20
87
90
52
26
83
67
20
20
7
83
27
45
68
93
85
12
60
30
99
1
62
44
26
58
88
34
88
19
3
71
19
48
91
48
58
16
63
55
71
4
32
15
98
32
14
87
38
12
8
45
92
31
62
61
89
92
78
83
26
85
28
37
54
30
95
7
59
24
94
7
94
94
11
42
65
52
40
38
55
80
82
11
75
51
50
34
25
8
30
74
22
95
81
92
44
52
18
44
92
65
69
84
0
43
48
67
62
89
83
44
58
19
8
68
64
3
83
70
39
0
44
51
58
72
89
90
81
61
41
33
52
66
68
80
4
46
25
27
35
50
88
14
75
53
3
5
35
82
7
87
61
7
91
1
5
37
72
41
94
33
67
39
39
23
28
31
63
71
67
37
44
32
74
49
63
48
50
46
51
85
36
3
41
96
54
87
37
75
63
71
14
24
9
44
57
83
45
61
52
42
89
22
85
39
18
25
98
1
70
70
49
70
87
89
41
79
97
36
83
82
77
11
7
74
80
2
9
91
40
36
91
73
99
73
79
83
42
62
90
50
82
24
65
16
28
39
7
63
10
51
96
51
29
74
53
30
84
55
5
91
53
74
72
38
15
44
25
66
10
55
48
95
90
65
77
3
13
18
92
55
13
51
29
91
91
61
75
58
71
70
98
52
94
89
90
59
57
43
60
98
30
59
78
74
80
80
54
99
60
76
54
18
14
26
9
81
85
32
63
43
73
87
44
26
99
70
8
90
65
80
41
17
39
53
66
48
5
88
98
67
98
37
41
91
16
27
37
16
89
5
76
83
74
85
24
72
32
76
33
5
52
46
21
40
58
84
54
91
63
35
66
90
79
0
23
14
15
86
75
45
6
22
33
76
52
81
49
22
34
45
99
7
30
11
1
23
3
22
5
80
93
27
5
79
92
53
54
3
18
84
65
8
59
8
88
62
29
73
73
2
33
39
63
32
45
83
58
73
18
84
4
5
53
18
23
29
85
34
45
16
86
99
95
45
61
0
87
32
44
86
62
29
85
82
91
82
17
27
58
12
26
54
28
58
79
1
45
99
10
3
33
23
91
73
1
1
98
1
19
88
11
29
56
0
54
61
20
37
17
53
89
18
81
6
96
41
26
26
25
60
22
93
4
87
24
90
78
17
7
0
87
26
73
14
56
19
12
54
21
79
8
43
39
51
40
53
98
4
31
8
57
33
88
35
6
94
94
65
22
16
64
57
98
3
88
72
58
27
36
13
91
84
9
89
9
65
85
70
59
7
2
59
79
70
34
97
99
49
45
55
70
64
38
34
61
69
37
27
24
3
78
72
33
35
1
84
22
86
55
91
13
90
68
60
84
0
34
70
32
92
14
96
35
40
3
89
18
15
66
35
50
12
41
31
34
93
84
26
74
44
50
57
54
11
73
44
66
60
26
58
82
67
98
89
28
55
95
69
60
76
91
37
2
3
62
43
91
48
27
34
42
34
53
21
28
8
40
44
96
61
60
30
61
29
63
63
49
92
92
6
57
87
18
20
72
0
85
75
18
23
42
95
81
58
73
60
21
62
19
87
47
79
90
75
73
15
41
39
99
46
94
45
91
36
77
68
75
62
94
61
50
38
12
1
0
30
84
98
29
7
18
48
89
91
84
63
62
31
40
55
30
10
86
47
96
98
25
14
28
75
2
81
22
73
79
5
88
56
81
31
84
69
30
6
68
70
81
74
7
80
55
60
5
14
48
18
0
70
38
43
24
69
16
9
42
41
39
27
0
70
85
9
43
79
77
75
74
80
42
45
8
0
36
89
43
46
69
63
42
22
71
35
72
40
16
0
21
2
1
64
47
43
83
65
68
18
1
25
96
98
47
90
46
28
37
61
31
77
4
92
38
93
28
39
6
41
91
49
1
11
85
91
82
4
60
34
56
19
32
74
87
99
73
98
8
58
93
87
11
7
22
43
52
6
4
27
8
63
26
34
39
97
47
75
33
87
49
11
16
33
76
41
97
8
75
17
80
93
44
4
41
60
67
31
21
77
90
54
87
86
37
47
66
2
73
55
25
62
26
19
28
15
14
96
69
45
92
39
42
58
49
48
44
71
48
69
9
26
37
11
71
66
66
88
82
1
39
88
93
82
7
17
56
40
70
1
49
52
69
45
16
62
85
12
99
88
40
68
36
60
17
44
25
46
75
22
70
58
97
51
75
73
70
37
28
90
55
88
68
38
93
6
57
58
61
39
56
17
33
77
63
87
63
4
16
94
55
76
60
97
1
0
75
31
27
71
75
52
6
43
14
84
14
51
1
88
53
66
5
56
32
52
40
24
86
54
54
88
61
87
54
24
40
85
17
90
22
86
77
79
76
45
0
39
89
82
41
87
91
73
4
62
55
98
10
46
28
38
93
70
13
44
15
24
76
98
67
79
15
47
47
93
73
81
26
70
95
60
70
11
82
66
34
6
65
62
74
31
36
88
52
48
79
74
55
83
66
68
74
64
16
61
16
84
18
29
84
53
9
38
43
74
15
1
93
96
1
84
69
81
10
33
80
68
30
8
3
81
45
18
29
35
41
93
5
53
34
27
93
6
44
93
85
91
98
31
69
47
57
95
85
80
1
82
45
66
44
58
31
42
23
90
6
83
31
51
80
23
64
61
40
51
99
28
19
63
7
97
78
34
71
13
74
17
28
29
10
61
83
83
53
73
7
59
82
34
15
68
68
34
82
75
37
8
94
16
24
21
8
96
53
49
63
85
27
32
96
20
29
43
69
5
26
54
23
91
36
48
71
53
5
0
59
83
69
73
27
12
42
61
21
95
88
28
15
24
1
77
67
82
5
64
51
52
79
70
46
1
59
87
60
88
76
45
15
14
1
35
94
79
25
71
26
72
60
73
9
75
5
27
27
32
38
56
4
36
87
52
35
7
85
30
14
51
79
89
99
86
15
29
63
66
62
80
24
57
43
78
72
99
95
93
55
71
77
86
64
4
23
62
50
17
5
21
32
57
61
2
6
1
82
82
94
95
81
96
93
33
67
31
60
7
90
63
62
82
36
12
31
47
75
77
29
94
27
70
95
32
38
32
37
2
65
40
53
87
95
53
42
43
89
69
93
81
40
71
19
33
73
75
85
47
97
62
81
19
46
62
92
53
46
66
45
48
94
10
69
60
37
35
59
47
64
57
4
83
89
71
12
52
46
58
98
48
62
52
2
58
77
96
86
33
13
69
97
14
51
2
63
67
58
97
6
80
81
99
28
50
57
88
20
38
71
47
53
48
79
59
29
82
90
93
81
17
14
69
25
32
39
10
89
74
67
99
28
98
88
20
50
18
71
48
69
18
21
6
39
19
17
37
83
48
98
89
67
77
38
23
21
96
11
87
84
30
58
30
54
31
83
59
77
50
41
8
19
54
74
68
9
91
67
3
84
71
77
38
9
82
3
76
20
60
42
94
66
72
18
25
61
36
4
45
26
60
77
62
85
33
16
67
93
23
33
88
18
58
51
83
23
85
19
20
79
20
30
96
19
4
98
38
26
0
56
47
92
52
83
51
64
3
23
9
77
43
15
72
77
19
73
24
7
29
4
61
50
30
39
26
19
55
9
17
28
45
16
12
41
32
63
60
12
2
77
98
55
46
15
84
19
66
70
62
34
94
30
11
32
99
33
90
16
56
4
24
71
3
15
14
23
68
45
81
61
90
21
0
22
87
82
12
38
10
93
77
84
41
64
76
25
91
94
42
79
19
76
87
18
51
1
50
37
6
45
23
0
55
91
89
95
48
45
54
69
93
68
56
11
80
12
67
71
25
50
60
79
0
44
55
46
93
2
32
83
10
69
97
13
30
27
74
8
17
42
91
35
36
69
50
57
84
39
85
21
91
44
76
13
8
92
69
82
7
73
89
64
42
39
45
80
4
15
74
16
62
94
71
91
83
62
85
48
33
11
5
2
77
75
75
4
31
72
17
89
70
19
36
77
67
83
63
2
92
37
11
99
77
56
22
84
14
71
94
44
12
41
52
91
85
43
82
69
97
42
96
47
22
1
11
78
4
93
85
18
63
65
25
7
2
86
44
59
2
54
35
56
75
52
76
20
48
97
9
41
38
5
3
50
43
84
18
6
9
72
38
6
75
15
29
35
20
30
3
46
74
44
83
91
74
86
86
74
58
36
90
8
49
50
40
26
62
37
0
58
96
1
61
59
21
60
89
82
61
80
52
65
55
32
77
69
26
42
79
11
20
38
47
15
7
65
63
96
26
29
3
79
39
30
99
5
8
19
52
40
58
54
82
3
96
93
70
99
21
17
56
64
74
1
92
61
85
78
58
10
53
74
47
5
34
81
64
77
30
66
63
44
30
46
18
45
87
63
87
26
41
70
22
21
32
90
36
85
3
87
21
87
71
83
27
74
1
8
93
98
61
88
90
10
83
27
85
34
24
74
49
12
28
50
78
58
45
87
79
67
14
47
31
77
59
49
71
25
73
81
98
54
67
17
21
1
88
3
77
95
91
12
15
82
22
16
66
25
1
29
31
73
27
81
63
53
23
81
86
42
71
28
75
35
62
79
16
8
7
22
81
87
83
65
62
49
70
57
75
45
40
91
23
13
80
6
42
21
30
72
35
94
41
36
52
12
43
86
97
53
29
17
3
61
20
22
57
25
71
72
68
20
49
67
87
16
41
66
68
87
54
1
15
42
6
85
8
2
5
45
85
71
56
99
67
27
2
76
50
30
53
91
81
65
70
23
46
72
40
30
62
11
23
78
96
67
50
8
15
4
80
27
60
7
54
48
16
57
94
30
92
43
62
58
19
23
38
40
96
95
10
99
86
53
89
11
52
58
54
85
74
3
82
3
69
43
37
34
47
47
40
53
45
8
83
3
90
40
28
53
27
59
4
33
92
89
44
12
55
89
98
78
82
91
31
91
47
9
73
69
36
26
91
95
37
61
83
69
46
46
76
3
82
90
98
94
24
39
1
33
90
55
7
39
15
78
3
41
66
80
27
45
4
32
5
33
9
93
33
28
40
24
59
65
11
38
23
39
25
97
58
16
47
42
56
98
82
41
99
51
45
19
18
95
64
78
96
49
64
40
36
97
40
45
49
62
10
56
4
18
81
91
5
87
3
50
80
86
89
17
12
80
4
6
32
25
13
98
59
21
76
74
59
49
30
33
38
51
66
87
38
63
53
2
48
24
13
31
29
84
46
61
24
34
98
45
99
27
51
91
0
72
50
57
4
60
90
86
9
46
92
99
77
57
14
2
70
69
69
91
79
93
58
0
20
7
85
82
79
58
95
58
3
85
55
70
44
97
98
53
37
30
28
86
50
24
29
95
1
2
36
96
99
91
85
0
71
64
82
62
31
86
0
72
73
63
91
84
85
90
69
82
21
89
68
68
76
31
13
8
81
13
30
78
45
33
73
42
12
92
8
82
78
97
92
74
4
69
31
38
27
56
18
77
72
95
54
53
45
16
73
29
33
6
86
19
97
4
9
53
89
77
5
26
49
11
14
55
83
75
27
30
52
74
29
52
90
14
77
4
7
75
27
16
30
90
83
65
51
42
70
