overall_acc,0.7996
loss,[11.159488810424804, 6.512951921386719, 4.319331070785522, 3.3280013075256347, 2.8539678026580813, 2.6190066846466062, 2.496476021118164, 2.440046170425415, 2.391184638442993, 2.3703771364593504, 2.352877355880737, 2.3390118042755126, 2.3177500270080564, 2.3133541326904297, 2.312817508163452, 2.3133607067108155, 2.289509279708862, 2.3006654859924316, 2.305841412124634, 2.2983611878204346, 2.3031332136535645, 2.309465580749512, 2.3008103157806397, 2.299580491027832, 2.3077831544494627, 2.316603066177368, 2.3082778816223146, 2.319391445159912, 2.341114111557007, 2.331950094528198, 2.346536108093262, 2.3515421243286134, 2.3500278614044188, 2.3493791799926758, 2.36339787109375, 2.384078440551758, 2.3833307356262208, 2.3901954051208496, 2.390463172149658, 2.417507841949463, 2.426685632095337, 2.430757642059326, 2.4352813647460936, 2.4431551442718504, 2.4520173908233645, 2.456918458786011, 2.4651715758514405, 2.4774330766296386, 2.4925846410369874, 2.4936156031799315, 2.5005125230407717, 2.511960087814331, 2.5002804400634764, 2.512033875808716, 2.532500772857666, 2.5189282772064208, 2.5335314817810057, 2.5389282524108885, 2.5369954483795167, 2.563531381454468, 2.0252546635055544, 1.6527523205566406, 1.4469380738449096, 1.300440329246521, 1.201899515991211, 1.139735285987854, 1.1200596878433227, 1.1036673265075683, 1.1030941109085084, 1.0895042292404176, 1.1106894338035584, 1.1005074678802491, 1.1048767277908325, 1.1157082319259644, 1.118919430770874, 1.1253270770263673, 1.12943958984375, 1.130620337638855, 1.1401090576553345, 1.1293278415679933, 1.15571592212677, 1.1610540071487427, 1.1516861010742188, 1.159728592414856, 1.173535448036194, 1.1742243822097778, 1.1703103226852416, 1.1758767464065552, 1.1704007134628296, 1.1749253364562988, 1.1861966229629517, 1.1829663680267335, 1.183003230857849, 1.188003629989624, 1.1987048347091676, 1.1881776552581786, 1.2070339835739137, 1.1993735293197632, 1.211052918777466, 1.2106897093200684, 1.211640316619873, 1.2107209686279297, 1.218525079612732, 1.2171843326568603, 1.2074358491516113, 1.2115477696228028, 1.2212469093322753, 1.2272410307693482, 1.2167894885635375, 1.2267077878952026, 1.2274067068862915, 1.2182645524978637, 1.218209595298767, 1.2298662253570556, 1.2352529112625121, 1.2448819415664674, 1.2307556006240845, 1.239631884841919, 1.245278971824646, 1.2382079663085936, 1.0951058729553222, 1.0059612494277954, 0.9657880904006958, 0.9336685685729981, 0.9021576692771912, 0.8742398647880554, 0.8461910376548767, 0.8208646690750122, 0.7955766617012024, 0.7709870159721375, 0.7477851569938659, 0.725074178276062, 0.7032588380813599, 0.6819741688537597, 0.6613420347213745, 0.6412884362983704, 0.622150240726471, 0.6029653742218017, 0.5853443647575378, 0.5674562091255188, 0.5502173768424988, 0.5339122521400451, 0.5176927592658996, 0.502343973941803, 0.4874694008636475, 0.47273376563072206, 0.4586182439517975, 0.4452102452468872, 0.43167553467750547, 0.4191554284477234, 0.4072655299377441, 0.3945879148006439, 0.3833139417743683, 0.37192415249824523, 0.3613471565723419, 0.3516280630016327, 0.3410772990989685, 0.3307832084655762, 0.3218996960544586, 0.3128656253242493, 0.3062206509971619, 0.3041669868278503, 0.3021331632709503, 0.3001727733230591, 0.2980318712711334, 0.29647942783355713, 0.29468875654220583, 0.29262475882530214, 0.2905368584156036, 0.2892525395965576, 0.2871727282333374, 0.28557579504966735, 0.2838962328624725, 0.2825339810752869, 0.2803624017906189, 0.27858681681632996, 0.27724616662025453, 0.2754657743358612, 0.2736555734729767, 0.272008595085144, 0.27029232330322267, 0.26861598072052, 0.2670788667964935, 0.26542174757003784, 0.2639980045890808, 0.262174075088501, 0.26057380784988404, 0.2591889720153809, 0.25755535416603087, 0.25601788160324096, 0.2544728972625732, 0.25288244060516357, 0.2514379121303558, 0.24986643290519714, 0.248310881524086, 0.2469422299528122, 0.24543729415893556, 0.24404692646980286, 0.24267823030471802, 0.24103693180561064]
0,0.9565217391304348
1,0.9354838709677419
2,0.8695652173913043
3,0.7931034482758621
4,0.8064516129032258
5,0.7083333333333334
6,0.6956521739130435
7,0.8461538461538461
8,1.0
9,1.0
10,0.45
11,0.47619047619047616
12,0.8
13,0.6521739130434783
14,0.8518518518518519
15,0.875
16,0.8846153846153846
17,0.9047619047619048
18,0.7058823529411765
19,0.84
20,0.8333333333333334
21,0.8421052631578947
22,0.9411764705882353
23,0.8461538461538461
24,0.8260869565217391
25,0.75
26,0.875
27,0.9166666666666666
28,0.8
29,0.6896551724137931
30,0.8518518518518519
31,0.8
32,0.6818181818181818
33,0.6896551724137931
34,0.84
35,0.5909090909090909
36,0.9047619047619048
37,0.6842105263157895
38,0.8846153846153846
39,0.9565217391304348
40,0.7857142857142857
41,0.9545454545454546
42,0.8695652173913043
43,0.8695652173913043
44,0.5217391304347826
45,0.7105263157894737
46,0.4090909090909091
47,0.782608695652174
48,1.0
49,0.8235294117647058
50,0.6818181818181818
51,0.7142857142857143
52,0.75
53,1.0
54,0.9545454545454546
55,0.6666666666666666
56,0.8636363636363636
57,0.7142857142857143
58,0.9428571428571428
59,0.7083333333333334
60,0.8148148148148148
61,0.7931034482758621
62,0.8076923076923077
63,0.7083333333333334
64,0.7368421052631579
65,0.6818181818181818
66,0.8461538461538461
67,0.6086956521739131
68,0.9523809523809523
69,0.9
70,0.8666666666666667
71,0.8095238095238095
72,0.45454545454545453
73,0.65625
74,0.6363636363636364
75,0.9285714285714286
76,0.9047619047619048
77,0.6470588235294118
78,0.631578947368421
79,0.7857142857142857
80,0.7241379310344828
81,0.9047619047619048
82,0.9459459459459459
83,0.8666666666666667
84,0.8148148148148148
85,0.9666666666666667
86,0.8571428571428571
87,0.9
88,1.0
89,0.9285714285714286
90,0.875
91,0.9230769230769231
92,0.6
93,0.8095238095238095
94,0.9565217391304348
95,0.6551724137931034
96,0.5217391304347826
97,0.75
98,0.6923076923076923
99,0.9130434782608695
16
7
91
43
14
92
6
89
13
85
47
27
81
63
59
10
78
18
53
17
27
43
10
54
25
79
68
31
69
64
83
41
23
11
47
20
87
90
52
26
83
67
20
20
7
83
27
45
68
93
86
12
69
45
99
18
62
91
26
58
88
64
88
19
3
71
19
48
44
48
58
16
63
3
55
4
32
15
98
32
14
87
38
12
8
45
92
31
62
61
89
62
99
83
26
85
28
37
54
30
95
7
59
24
94
7
94
94
11
42
65
52
40
38
55
4
82
46
75
51
74
34
25
85
30
74
22
95
81
92
91
52
18
44
62
65
69
84
0
43
48
67
62
45
83
18
81
19
8
68
63
3
83
70
83
0
95
51
58
19
89
90
81
61
41
79
52
66
68
80
43
11
25
27
35
50
88
40
75
53
3
5
35
82
7
87
61
7
91
1
5
37
72
41
94
33
67
12
39
23
27
31
63
71
67
26
10
35
74
33
77
65
50
98
51
60
36
3
41
47
54
87
37
75
50
71
14
92
9
99
57
83
45
22
52
63
89
16
85
39
7
25
98
24
70
70
49
70
87
90
41
19
97
36
83
82
77
11
7
74
80
2
9
91
40
36
91
91
99
73
40
83
42
62
90
50
82
24
42
16
65
39
7
63
10
51
96
51
29
66
53
30
84
44
5
26
53
74
72
38
15
44
5
66
77
55
48
95
72
64
77
3
13
18
92
4
13
51
29
91
91
61
75
58
71
70
98
52
94
89
90
56
57
43
60
41
30
96
78
6
80
80
54
83
60
76
61
18
14
26
9
81
85
32
63
43
73
87
44
26
99
70
8
12
65
80
41
17
39
53
66
48
5
88
98
32
87
37
40
91
16
27
37
16
89
5
76
83
74
85
24
72
32
76
45
5
52
46
74
40
58
84
54
91
38
98
66
41
79
0
23
14
15
86
75
45
6
22
33
76
52
41
49
22
34
45
48
7
30
11
1
23
3
22
5
80
93
27
86
69
62
53
54
3
18
84
66
8
59
8
88
62
29
73
73
2
33
39
4
22
45
83
58
73
18
84
4
5
2
18
23
29
85
34
42
16
86
72
95
45
97
0
87
11
44
86
54
29
85
82
91
82
17
80
58
12
26
54
28
58
14
1
33
99
65
3
33
23
91
73
1
1
35
57
19
88
11
29
56
0
54
61
20
13
17
53
89
18
81
6
59
41
26
26
25
60
22
73
4
87
24
79
63
17
7
0
87
26
73
14
56
44
12
54
21
79
8
43
39
51
40
53
98
74
31
8
57
33
88
35
66
94
87
65
22
16
64
57
2
97
88
72
58
27
36
13
91
84
9
89
9
34
85
70
59
90
2
59
79
70
34
97
99
49
18
55
70
64
38
34
61
69
37
75
24
15
78
51
33
35
1
84
22
86
4
91
13
90
68
60
84
0
34
70
32
92
14
49
35
86
3
89
44
15
66
98
50
12
41
31
5
93
84
26
74
77
50
57
54
35
67
44
66
60
26
58
82
67
98
89
28
55
95
76
60
76
91
90
2
3
62
43
91
48
27
34
42
34
53
3
28
8
40
44
47
61
60
30
61
26
63
42
49
92
92
45
55
25
18
20
55
0
85
80
18
23
66
95
81
58
73
60
21
14
19
87
47
79
90
75
27
15
41
39
99
58
94
45
91
36
77
3
75
62
94
61
50
38
12
1
0
30
84
98
29
7
18
48
89
91
84
63
62
31
40
55
30
22
86
96
59
93
25
14
28
75
2
81
61
44
79
5
88
56
81
15
84
69
30
6
68
70
81
74
7
80
55
60
84
14
48
18
0
70
38
4
24
69
16
9
42
41
39
27
0
70
85
9
43
79
7
75
74
80
42
45
8
0
36
89
4
46
69
56
42
22
71
98
72
40
86
0
21
2
1
64
47
43
92
35
68
18
1
25
96
46
47
90
2
28
37
61
31
77
4
92
38
93
28
39
18
41
78
49
1
11
19
91
82
4
60
34
56
19
32
74
16
99
73
98
8
58
93
87
2
79
35
43
47
6
4
27
8
63
26
34
39
97
52
75
33
87
49
11
16
33
76
41
97
8
75
17
80
93
44
4
41
60
30
65
21
14
90
54
87
86
37
47
75
2
73
55
25
62
26
19
28
15
14
47
69
45
92
39
42
58
49
48
44
71
48
69
9
15
16
11
71
66
66
88
82
1
39
88
93
82
7
17
56
40
70
1
68
52
69
45
16
6
85
12
99
88
40
68
36
60
17
94
25
46
75
61
70
58
34
51
75
73
70
37
28
90
72
88
68
38
95
6
16
58
61
39
56
17
33
77
50
87
75
4
16
94
55
76
60
97
1
0
75
31
27
71
75
52
6
43
14
84
14
29
1
88
53
66
5
56
32
59
40
24
86
54
54
88
61
87
54
24
40
85
17
90
22
86
77
79
94
45
0
39
89
82
41
87
91
73
4
62
72
98
51
46
28
38
9
70
13
44
15
24
76
98
51
79
15
47
47
93
73
81
26
70
95
60
70
35
82
66
34
6
65
62
16
31
36
88
59
48
79
99
55
57
66
68
64
64
16
63
16
25
18
29
84
57
9
38
80
74
15
1
96
96
1
84
69
81
10
33
80
68
30
8
3
81
26
72
29
35
20
72
5
53
34
27
93
6
44
93
85
91
35
31
69
47
57
95
85
80
1
82
14
66
18
58
31
42
23
90
14
83
31
51
80
23
64
61
40
51
99
28
19
63
93
97
78
34
55
13
74
17
28
29
10
61
83
83
53
73
7
59
82
34
15
68
68
34
82
75
37
8
94
16
24
21
8
96
53
49
38
85
27
32
96
20
29
43
69
94
26
82
23
91
34
48
23
53
25
0
59
57
69
73
27
12
42
61
21
32
88
28
15
24
1
77
67
82
5
64
51
52
79
70
46
1
59
87
60
88
76
45
19
7
1
35
94
79
16
71
26
30
60
73
9
75
5
27
27
96
38
56
45
44
40
52
2
7
85
30
92
51
79
89
99
86
15
29
63
66
62
80
24
57
43
78
96
99
95
93
63
71
45
86
64
4
23
62
50
17
35
55
32
57
61
2
45
92
82
82
94
95
81
96
1
33
67
31
90
26
74
63
62
82
36
60
31
47
75
77
29
94
27
84
95
32
38
32
37
11
65
40
53
87
95
53
42
43
89
69
93
81
40
71
31
33
91
75
85
47
97
92
13
33
46
83
92
53
46
66
45
48
94
10
69
60
42
35
59
52
44
57
4
83
89
71
68
52
11
58
98
22
62
47
2
58
77
96
86
33
58
69
97
14
51
2
63
67
58
42
6
75
81
99
28
50
51
88
25
38
71
47
53
48
79
59
29
82
90
45
81
17
14
69
25
32
39
62
89
74
67
99
28
98
88
20
42
18
60
48
69
18
87
6
39
2
15
37
83
48
15
89
73
79
38
23
21
96
11
41
84
30
58
30
46
31
83
59
77
74
41
8
19
54
4
68
9
91
67
3
40
71
57
38
9
82
3
76
20
60
42
94
66
72
18
25
61
36
4
14
10
60
14
70
27
33
16
27
93
23
33
88
18
58
51
83
23
85
56
20
79
20
30
56
19
38
98
67
26
0
56
47
83
96
83
78
3
3
23
9
77
43
15
72
77
19
73
24
7
29
4
61
50
30
39
33
51
17
9
17
28
45
90
33
83
49
63
60
12
11
77
35
4
46
15
84
19
66
70
62
34
94
91
11
4
99
33
90
16
56
4
24
71
3
19
14
23
68
45
81
10
90
21
57
22
87
82
90
38
10
93
77
84
41
64
76
25
91
94
42
79
19
76
87
18
51
1
50
37
6
45
23
0
55
91
89
95
48
45
54
69
82
68
56
39
50
37
67
71
25
50
60
79
0
44
55
46
80
2
32
83
10
76
97
13
30
27
74
8
17
42
91
35
36
69
65
57
84
49
85
3
91
44
76
13
8
92
69
82
79
73
89
75
42
39
26
80
63
15
50
16
70
94
60
91
83
62
85
48
33
11
5
2
55
75
75
4
31
72
17
89
70
19
36
77
67
83
63
2
92
37
11
99
77
56
22
84
14
71
94
44
12
41
52
91
85
43
82
40
97
42
96
47
22
1
11
78
72
93
85
12
63
65
25
7
2
86
44
59
2
54
35
56
75
47
76
20
48
97
9
25
38
5
3
36
43
84
18
6
9
72
38
6
75
15
29
35
20
95
3
58
74
14
83
91
74
86
28
51
58
36
90
8
1
65
40
25
14
37
0
58
96
1
61
59
21
60
89
82
61
80
52
65
55
32
77
69
26
42
79
11
20
38
52
15
7
65
63
96
26
29
3
79
39
30
99
5
8
19
52
40
58
54
82
3
96
93
70
99
21
17
56
64
74
1
92
61
85
78
58
61
53
74
47
5
34
81
64
77
30
66
63
45
93
46
26
4
87
63
87
26
41
70
51
21
32
90
36
85
3
87
21
87
71
53
27
74
1
8
93
98
61
88
90
10
83
27
85
34
24
74
49
12
28
74
78
58
45
87
79
67
14
47
31
77
52
60
71
25
67
81
2
54
32
17
21
1
88
21
77
95
91
12
15
82
22
16
66
25
41
29
31
73
27
81
63
53
23
16
86
42
71
28
75
35
45
79
16
8
7
22
81
87
10
65
62
49
70
57
63
66
40
91
23
13
80
6
42
66
30
72
35
84
41
36
59
12
43
86
97
53
50
15
3
61
20
22
57
25
71
72
68
20
49
67
87
16
41
66
27
25
54
1
15
42
6
90
8
2
5
45
85
71
56
99
67
18
2
76
50
30
53
91
81
65
92
23
46
72
40
30
62
11
23
78
96
67
50
8
15
4
80
27
60
7
54
48
16
57
94
30
92
43
92
58
19
23
38
40
33
95
61
99
86
53
89
11
52
58
54
85
74
72
82
55
69
43
81
34
47
52
40
53
45
8
83
3
90
12
28
53
68
59
4
33
92
89
44
12
55
89
98
78
82
91
31
91
47
9
73
69
36
77
91
95
37
61
70
69
98
31
76
55
10
90
98
94
24
39
1
33
27
55
7
39
15
99
3
41
66
80
27
45
4
32
5
45
9
44
33
65
35
24
59
65
11
38
49
39
25
97
58
25
47
29
56
98
82
41
38
51
45
19
18
73
64
78
96
49
64
40
36
97
40
45
49
62
10
33
4
51
81
91
5
87
3
50
80
86
89
17
12
80
3
24
32
40
13
98
59
21
76
14
59
49
30
33
80
51
66
87
38
63
53
4
48
24
13
31
46
84
46
61
24
34
98
45
99
27
51
91
0
72
50
57
4
60
90
86
9
46
1
99
77
57
14
2
70
69
69
91
79
93
58
0
20
7
85
82
79
58
73
58
3
85
55
62
44
97
46
53
37
73
28
86
50
24
31
95
1
2
36
96
99
55
85
0
23
64
82
62
31
86
57
72
73
80
91
84
85
90
69
82
21
89
68
68
76
31
58
8
90
13
30
78
88
47
99
42
12
92
8
82
78
97
62
74
4
90
29
43
32
56
18
77
72
95
54
53
45
87
73
29
33
79
86
19
97
4
9
53
89
14
25
26
49
11
44
65
83
21
27
30
59
74
43
52
90
14
77
4
7
75
27
16
30
74
83
14
51
42
70
