overall_acc,0.794
loss,[11.141863250427246, 6.468021793670654, 4.309587565155029, 3.3254246796417237, 2.855264598693848, 2.6296511931610107, 2.506070809020996, 2.432317332763672, 2.394436884994507, 2.3691202546691894, 2.34755467590332, 2.3407849127197267, 2.3378675927734376, 2.3225468605804442, 2.3153282888793947, 2.3097976240539553, 2.308279594345093, 2.30795250579834, 2.305978415374756, 2.3037229805755617, 2.2999110243988037, 2.315612794342041, 2.319827036819458, 2.318052994918823, 2.3203500116729736, 2.310411555557251, 2.330076050186157, 2.3350072804260256, 2.346180874786377, 2.3511523168945314, 2.348006111831665, 2.3513561988067626, 2.3653323221588134, 2.3591823290252685, 2.387854761199951, 2.3907182654571533, 2.3826152561187746, 2.393717390975952, 2.404348566055298, 2.4003061425018313, 2.4149227113342286, 2.432489407043457, 2.4374716786193846, 2.4349009956359864, 2.442895859069824, 2.4581079573059084, 2.4566260133361815, 2.461810315628052, 2.4743531642913816, 2.4793673873138427, 2.4748865379333496, 2.478938542098999, 2.4904182033538818, 2.498957294921875, 2.5076305995178223, 2.4931817376708985, 2.5088497996520998, 2.5013348929595947, 2.5102059132385253, 2.519974263305664, 1.9933994569396973, 1.6263977099609375, 1.424183072090149, 1.2805992810440063, 1.1910269368362427, 1.1395353918075561, 1.1203718718338014, 1.0995565354156493, 1.0916926238632203, 1.094477212600708, 1.0952984902191163, 1.0988940756225587, 1.0913873847961426, 1.114199157485962, 1.10416695022583, 1.111545953102112, 1.1104671769714356, 1.11672775680542, 1.1179294012832641, 1.1288040616607666, 1.1362835439300538, 1.141440592918396, 1.1219480310058594, 1.1254680613708496, 1.1336293545150757, 1.1434426333618164, 1.1417866236495973, 1.145817502746582, 1.1394541191101075, 1.160369189529419, 1.1515537714004516, 1.1514773487472534, 1.1740426905822754, 1.158660899925232, 1.1677768770980834, 1.1695342232894896, 1.1701689059829712, 1.179901708946228, 1.1797549798202516, 1.1772640710449218, 1.1731192016983032, 1.172878829536438, 1.1744393481063842, 1.1916476572799684, 1.1815995475387573, 1.1828366556549073, 1.1900276069259643, 1.1962866680908204, 1.186111110420227, 1.1823611561584473, 1.2073112271499633, 1.2006798952102662, 1.1988240907669068, 1.2086406911468506, 1.20183229057312, 1.2054417378997804, 1.2200053658294678, 1.2074390222549438, 1.2075844509887694, 1.2030578463363648, 1.0735398383331298, 0.9817683054161072, 0.9443329423522949, 0.9112310746002197, 0.8816500469779969, 0.853898228340149, 0.8275929944419861, 0.801322231464386, 0.7765413979530335, 0.7533189313316345, 0.7305321914291382, 0.7084612516975403, 0.6867618677330017, 0.6659112413215638, 0.6464056317520142, 0.6273538305091858, 0.6081166054916382, 0.5894698184967041, 0.5723722771453857, 0.5544675264167785, 0.5383711879920959, 0.5223092150878906, 0.5064093545341491, 0.4918788178634644, 0.4769348411083221, 0.4625276115989685, 0.44917244254112243, 0.436088684425354, 0.4227262196445465, 0.4108967158126831, 0.3985234560585022, 0.3863952530479431, 0.3754427040576935, 0.3645525815868378, 0.3537724722957611, 0.34392723232269284, 0.33335551171302796, 0.3249340552520752, 0.31544835503578184, 0.30583788599014283, 0.3002890121746063, 0.2979063356494904, 0.29576772008895874, 0.2938116522979736, 0.29189889133453367, 0.2902164745235443, 0.2883808982372284, 0.2868299705505371, 0.28480766542434693, 0.2831670770835876, 0.28144990577697754, 0.2796386544132233, 0.27791548881530764, 0.2762943642902374, 0.2746193700122833, 0.27293659087181094, 0.27119323333740236, 0.2698357563781738, 0.26819389868736265, 0.2664860265827179, 0.26471361124038695, 0.26325045627593996, 0.2617930860900879, 0.25998370931625364, 0.2584762004566193, 0.25686508645057676, 0.25526481127738954, 0.25384674426078796, 0.2524028331184387, 0.2509839674568176, 0.24928301160812377, 0.2479005255317688, 0.24641380007743835, 0.24481942028045656, 0.24347049461841583, 0.2419149332141876, 0.240469455037117, 0.23903073846340178, 0.2376409872341156, 0.23603278635025024]
0,0.9565217391304348
1,0.9354838709677419
2,0.782608695652174
3,0.7586206896551724
4,0.7741935483870968
5,0.7083333333333334
6,0.9130434782608695
7,0.8846153846153846
8,0.9615384615384616
9,1.0
10,0.4
11,0.42857142857142855
12,0.75
13,0.6956521739130435
14,0.7037037037037037
15,0.875
16,0.9230769230769231
17,0.9523809523809523
18,0.6470588235294118
19,0.76
20,0.9444444444444444
21,0.7894736842105263
22,0.8823529411764706
23,0.8461538461538461
24,0.782608695652174
25,0.5416666666666666
26,0.7916666666666666
27,0.7916666666666666
28,0.88
29,0.6896551724137931
30,0.7777777777777778
31,0.72
32,0.7272727272727273
33,0.6551724137931034
34,0.84
35,0.5454545454545454
36,0.9047619047619048
37,0.8421052631578947
38,0.8076923076923077
39,0.9565217391304348
40,0.8214285714285714
41,0.9090909090909091
42,0.8260869565217391
43,0.8695652173913043
44,0.6956521739130435
45,0.6578947368421053
46,0.5454545454545454
47,0.8260869565217391
48,1.0
49,0.8823529411764706
50,0.7272727272727273
51,0.8571428571428571
52,0.8
53,0.896551724137931
54,0.9545454545454546
55,0.6190476190476191
56,0.9090909090909091
57,0.7142857142857143
58,0.8
59,0.5833333333333334
60,0.8518518518518519
61,0.8275862068965517
62,0.8461538461538461
63,0.8333333333333334
64,0.7894736842105263
65,0.6363636363636364
66,0.7692307692307693
67,0.8260869565217391
68,0.9523809523809523
69,0.8666666666666667
70,0.8666666666666667
71,0.7619047619047619
72,0.5
73,0.59375
74,0.6060606060606061
75,0.9642857142857143
76,0.8571428571428571
77,0.6470588235294118
78,0.7894736842105263
79,0.8214285714285714
80,0.7241379310344828
81,0.9047619047619048
82,0.9459459459459459
83,0.8333333333333334
84,0.8148148148148148
85,1.0
86,0.8214285714285714
87,0.8666666666666667
88,0.9523809523809523
89,0.8571428571428571
90,0.9166666666666666
91,0.8717948717948718
92,0.68
93,0.8095238095238095
94,0.9565217391304348
95,0.6896551724137931
96,0.5217391304347826
97,0.7916666666666666
98,0.6923076923076923
99,0.8695652173913043
16
7
91
43
14
92
6
89
13
85
47
27
81
63
59
61
78
7
53
17
27
43
10
54
94
79
68
3
69
64
83
41
23
11
47
20
87
90
52
26
83
67
20
20
7
83
27
45
68
93
86
12
60
45
99
1
62
80
26
58
88
64
88
19
3
71
19
48
58
48
58
16
63
3
71
4
32
15
98
32
14
87
38
96
8
45
92
31
62
61
89
92
78
83
26
85
28
37
54
55
95
7
59
24
94
7
94
94
11
42
65
47
40
38
55
80
82
46
75
51
75
34
5
85
30
74
22
95
81
92
27
52
51
44
62
65
69
84
0
43
48
67
62
89
53
67
81
19
8
68
64
3
53
70
86
0
86
51
58
19
89
90
81
61
41
33
52
66
68
80
43
46
5
27
35
36
88
14
75
53
3
5
35
82
7
87
61
7
91
1
5
17
72
41
94
33
67
8
39
23
6
31
63
71
67
45
10
32
74
49
77
26
50
98
51
85
36
3
41
47
54
81
37
75
27
71
24
0
9
44
57
83
45
61
52
63
89
61
85
39
7
25
98
24
70
54
49
70
87
90
41
79
97
36
83
82
77
46
7
74
80
2
9
51
40
36
85
91
99
73
69
83
42
92
90
50
82
24
42
16
40
39
7
63
10
51
96
51
29
66
53
30
84
44
5
91
53
74
72
15
15
44
25
63
28
55
48
73
72
38
77
3
13
18
92
55
13
30
29
91
91
99
75
58
71
70
98
52
94
89
90
56
57
43
60
90
30
47
78
6
80
80
54
99
60
76
57
18
14
26
9
81
85
32
63
43
56
87
44
26
99
70
8
90
65
80
41
17
39
53
66
48
5
88
5
38
87
37
15
91
16
29
33
16
89
5
69
83
74
85
24
72
32
76
45
35
52
46
74
40
58
84
6
91
4
46
66
41
79
0
23
14
15
86
75
45
6
22
33
76
52
81
90
22
34
45
48
7
30
2
1
23
3
22
5
80
93
12
39
69
92
53
54
63
18
84
12
8
96
8
88
62
29
73
73
2
33
39
63
61
45
83
58
73
18
84
4
5
57
18
23
29
85
34
97
16
16
64
95
45
97
0
66
2
44
86
54
72
85
82
91
82
17
27
85
12
26
54
28
58
79
1
42
44
16
3
33
23
91
73
1
1
35
32
19
88
11
29
56
0
54
61
20
13
17
53
89
18
81
6
47
41
26
26
25
60
22
72
4
47
24
79
78
17
7
0
87
26
73
14
56
18
12
54
19
79
8
43
39
61
40
53
98
4
31
48
57
33
24
35
6
94
87
65
22
16
64
57
2
97
42
55
58
27
36
13
91
84
9
89
9
65
85
70
59
7
2
59
79
70
34
97
61
49
18
55
70
64
38
34
61
69
37
64
24
3
78
51
63
3
1
84
22
86
4
91
13
90
68
60
84
0
80
70
32
92
82
49
35
86
3
89
44
15
66
35
50
12
41
31
34
93
84
26
74
44
50
57
54
11
73
44
66
60
26
58
82
67
98
89
28
55
95
76
60
76
91
37
2
4
62
43
91
48
63
34
42
34
53
3
28
8
40
44
47
61
60
73
61
93
63
97
49
92
92
6
57
87
18
20
4
0
85
65
18
23
4
95
81
58
73
60
21
62
19
87
47
79
90
75
27
15
41
39
99
46
94
45
91
36
77
3
75
62
94
61
50
38
12
1
0
30
84
98
29
7
18
48
87
91
46
63
62
31
40
55
30
43
86
96
96
72
25
14
28
75
2
81
61
44
26
5
88
56
81
15
84
69
30
6
68
70
16
3
7
80
23
60
84
14
48
83
0
70
38
43
24
69
86
9
42
41
39
27
0
70
85
9
43
79
7
75
74
38
42
10
8
0
36
89
4
46
69
56
42
91
71
35
64
40
16
0
21
2
1
64
47
43
0
75
68
18
1
39
96
46
96
90
2
28
37
61
31
14
4
92
38
93
28
39
18
41
44
49
92
11
97
91
82
4
60
34
56
19
32
74
87
99
49
98
8
58
93
87
2
79
35
43
52
6
4
27
8
63
26
34
39
97
37
75
33
87
49
46
16
33
76
41
97
8
75
17
55
93
44
4
41
60
67
65
21
18
90
54
87
86
37
47
66
2
73
55
25
62
26
19
28
15
14
47
17
45
92
39
42
13
49
48
44
71
48
69
9
26
88
11
71
66
66
88
82
1
39
88
93
82
7
17
56
40
70
1
68
52
69
45
16
62
85
12
99
88
40
68
36
23
17
94
20
46
75
61
70
58
34
51
75
73
70
37
28
90
55
88
68
38
95
6
16
58
61
39
56
17
33
77
50
87
75
4
16
94
55
76
60
97
1
0
75
31
55
60
75
52
6
43
14
84
18
51
1
88
53
66
5
56
32
52
40
24
86
54
54
88
61
87
54
24
40
85
17
90
22
86
77
79
94
45
0
39
89
82
41
87
91
73
4
62
72
98
10
46
28
38
27
70
13
7
15
26
76
98
73
79
15
47
47
93
67
81
26
70
95
60
70
11
82
66
34
6
65
62
74
31
36
88
52
48
79
50
55
83
66
68
74
64
16
61
16
84
18
29
63
57
9
38
80
74
15
1
67
32
1
84
92
81
10
33
80
68
30
8
3
81
26
18
20
35
28
74
5
53
34
27
93
6
44
93
37
14
46
31
69
47
57
95
85
80
1
82
14
66
77
58
31
42
23
90
45
83
31
51
80
23
64
61
40
51
99
28
19
63
26
97
78
34
27
13
74
17
28
29
10
22
83
83
53
73
7
59
82
34
15
68
68
34
82
75
37
8
94
16
24
21
8
96
53
49
38
85
27
32
96
20
29
43
69
94
26
54
60
91
34
48
71
53
5
0
56
57
69
73
27
12
42
61
21
67
88
28
15
24
1
77
67
82
5
64
51
47
79
70
46
1
59
87
60
88
76
45
19
7
1
35
94
79
16
71
26
72
60
73
9
75
5
72
27
96
38
56
39
36
40
47
35
7
85
30
83
51
79
13
99
86
15
29
63
66
62
80
24
57
43
78
49
99
95
93
63
71
74
86
64
4
23
62
50
17
98
21
32
57
61
4
6
92
82
82
94
95
81
96
77
33
67
31
60
29
74
63
62
82
36
76
31
47
75
77
29
94
27
70
95
32
38
67
37
36
65
40
53
87
95
53
42
43
89
69
93
81
40
71
31
33
73
75
85
47
97
14
13
33
46
62
92
53
98
66
45
48
94
10
69
60
42
98
59
47
44
57
4
83
89
71
12
52
46
12
98
22
62
52
2
58
77
96
86
33
13
69
97
14
51
2
63
45
58
42
6
75
81
99
28
50
57
88
25
38
23
47
53
48
79
59
29
82
90
93
81
17
14
69
25
32
39
74
89
66
67
99
28
98
88
20
42
18
60
48
69
18
64
6
39
85
15
37
2
48
15
13
67
77
38
23
21
96
11
89
84
30
13
30
98
31
83
59
77
4
41
8
19
54
4
68
9
91
67
75
40
71
77
38
9
82
3
76
20
60
42
94
66
72
14
25
61
36
4
14
10
60
77
62
85
6
16
67
93
23
33
88
18
58
51
83
23
85
56
20
79
20
30
47
19
4
35
38
26
0
56
47
83
52
10
44
64
3
73
9
77
43
15
74
77
19
73
77
24
29
4
61
64
30
39
45
19
51
9
17
28
45
28
12
83
49
63
60
12
2
77
34
31
46
15
84
19
64
70
62
34
94
30
11
45
99
33
90
16
56
4
24
71
3
19
14
23
68
45
81
10
90
21
57
22
87
82
12
38
10
93
51
84
41
64
76
25
91
94
42
79
19
76
87
18
51
1
50
94
6
45
23
0
55
91
48
95
48
45
54
69
83
68
56
2
80
37
67
71
25
50
60
79
0
14
55
98
55
2
32
92
61
69
97
13
30
27
74
8
17
42
91
35
43
69
50
57
84
49
85
3
91
79
76
13
8
92
69
82
7
73
89
64
42
39
45
80
4
15
50
16
51
94
60
91
83
62
85
48
33
11
5
2
55
75
75
4
31
61
17
89
92
19
36
10
67
83
63
2
62
37
11
99
77
56
22
84
14
71
94
44
37
41
52
91
85
43
82
40
97
42
96
47
22
1
11
78
72
93
85
12
63
65
25
44
2
86
44
59
2
54
35
56
75
47
76
20
48
97
9
25
38
5
3
36
43
84
18
6
9
72
38
6
75
15
29
35
20
95
3
58
74
44
83
91
74
86
10
74
58
36
90
8
49
50
40
54
14
37
0
58
96
1
61
59
21
60
89
82
61
80
52
65
55
32
77
69
26
42
79
46
20
38
52
15
7
65
63
52
26
29
3
79
39
30
99
5
8
38
52
40
58
54
82
31
82
93
70
99
21
17
56
64
74
1
62
61
85
78
58
10
53
74
47
5
34
81
64
77
30
66
63
45
93
46
27
45
87
63
87
26
41
70
34
21
32
90
36
85
3
87
21
87
71
83
27
74
1
8
93
98
61
88
38
10
83
55
85
34
24
74
49
12
28
74
44
58
45
87
79
63
14
47
31
77
52
49
71
25
67
81
98
54
67
17
21
1
88
3
77
95
91
12
15
82
22
16
66
5
1
29
29
73
27
81
63
53
23
81
86
42
71
28
75
35
62
79
16
8
7
22
81
13
10
65
62
49
70
57
77
18
40
91
23
13
80
6
42
97
30
55
35
94
41
36
52
12
43
86
97
53
50
64
72
61
20
22
57
25
71
75
68
20
49
67
87
16
41
66
44
12
54
92
15
42
6
85
8
2
5
45
93
71
56
99
67
78
2
76
50
30
53
91
81
65
92
23
11
95
40
71
62
11
23
78
96
67
64
8
15
4
80
27
60
7
54
48
16
57
94
30
92
43
92
58
19
23
38
40
96
95
61
99
86
53
89
11
52
58
54
85
74
55
82
72
32
43
81
34
47
47
40
53
45
8
83
3
90
40
28
53
27
59
4
33
92
89
44
71
55
89
98
78
82
91
31
91
47
9
73
69
36
93
91
95
37
61
83
69
2
15
76
80
82
90
98
94
24
39
1
33
33
55
7
39
15
78
3
41
66
80
27
45
4
32
5
45
9
44
33
22
40
24
59
65
11
38
23
39
25
97
58
25
47
72
56
98
82
41
99
51
74
66
18
95
64
78
96
49
64
40
36
97
40
33
49
62
28
15
4
79
81
91
5
87
3
50
80
86
89
17
12
80
4
24
32
25
13
98
37
21
76
14
59
49
30
33
80
51
66
87
38
63
53
4
48
24
13
31
49
84
46
61
24
34
46
45
99
27
51
91
0
72
50
57
4
60
90
86
9
46
1
99
77
57
62
2
70
69
69
32
79
93
58
0
20
7
24
82
79
58
95
58
75
85
19
70
29
97
46
53
37
30
28
86
50
24
29
95
1
2
36
96
99
55
85
0
23
64
82
62
31
86
57
72
73
63
91
84
85
90
69
82
21
89
68
68
76
31
13
8
37
13
30
78
88
47
99
42
12
92
8
82
78
97
45
74
4
90
29
97
67
56
18
6
3
95
54
0
45
16
73
29
33
6
86
19
97
4
9
6
89
14
86
26
49
11
14
80
83
75
27
30
52
74
42
52
90
14
77
65
7
75
27
16
30
72
83
14
51
42
70
