overall_acc,0.7948
loss,[10.854626974945068, 6.225172219543457, 4.190993116226196, 3.2587097290802003, 2.8167361570739744, 2.5917688986206056, 2.494270875701904, 2.4311406491088867, 2.388356891937256, 2.3732310581207274, 2.3476600689697267, 2.3310752772521974, 2.3256153202056886, 2.3199645098876953, 2.3220271095275877, 2.3081242281341554, 2.315699309692383, 2.311861270675659, 2.3049031109619142, 2.3054871765899656, 2.2996232997131347, 2.30972094329834, 2.314448353347778, 2.326230677108765, 2.3185445237731934, 2.3197438536071777, 2.3395390637969973, 2.3376764514160158, 2.3399597204589844, 2.3486918578338623, 2.350315803527832, 2.359195488128662, 2.374633906402588, 2.372587667388916, 2.381750772476196, 2.3824857543945313, 2.3988903635406493, 2.402122177352905, 2.4199566456604003, 2.426102471847534, 2.445257880554199, 2.453753882369995, 2.4505290660858154, 2.4574534678649904, 2.47117498046875, 2.478823623123169, 2.4832158303833007, 2.4954591273498536, 2.503747817077637, 2.5026142636108397, 2.520581597518921, 2.5216292726898195, 2.531462099380493, 2.5267613875579835, 2.5249259238433837, 2.5364907304382323, 2.5296409066772463, 2.5384642488098144, 2.5544024359893798, 2.5630572257995605, 2.0441235179901125, 1.662997487564087, 1.4523561799621583, 1.3001507336425782, 1.2057400135421752, 1.150378710899353, 1.1233481222915649, 1.1130882529830932, 1.1144915710067749, 1.1006439737701417, 1.1122154568099976, 1.1079058508682251, 1.1139083069229125, 1.1198053886413575, 1.1255766122817994, 1.1309558945465088, 1.1232075801849366, 1.141762795829773, 1.1460422954177856, 1.1495491805267335, 1.1450123105621337, 1.151896018409729, 1.1633056597137452, 1.1633047482299805, 1.1737499007415773, 1.1753557605743408, 1.1718828050994874, 1.176586537513733, 1.1772117234039308, 1.1695760095977783, 1.1991499380493165, 1.1948897513961791, 1.1918696907043458, 1.1977294791412354, 1.1866670499038696, 1.1916612326812743, 1.1898149354553222, 1.1994231658172607, 1.2106145587539674, 1.2047262479400636, 1.2017996812438965, 1.2241499376296998, 1.2126889500045777, 1.2234820358657836, 1.2236146334457398, 1.2198485902786256, 1.2227922583389281, 1.228404349975586, 1.2310120621871947, 1.2200939498519898, 1.2310378808212281, 1.227338745727539, 1.2310872719573975, 1.24514426738739, 1.228687583770752, 1.2207577280044555, 1.231280986557007, 1.23716785861969, 1.2399704316329956, 1.234741171836853, 1.0927043685531617, 1.0032243452644347, 0.9651240577125549, 0.9323454711151123, 0.901520280380249, 0.8727082319641113, 0.8457020015335083, 0.8200010681915283, 0.7944581340789795, 0.7691816148376465, 0.7467398637390137, 0.7235030954360961, 0.7023599207878113, 0.6812621644973755, 0.6597530800056457, 0.6401713648033142, 0.6209150175476075, 0.6024767722892761, 0.5846576087379456, 0.5668117436027527, 0.5498018224334716, 0.5333156825065613, 0.517072356376648, 0.5015299017333984, 0.48716907837867734, 0.4723062055683136, 0.45840591539382936, 0.4446425978088379, 0.4320258530521393, 0.4190486463356018, 0.4071831574630737, 0.39515022594451904, 0.3832297231388092, 0.3723884944915771, 0.36232501463890077, 0.3518109276866913, 0.34267537375450136, 0.3325571055221558, 0.3230532685947418, 0.3130344723415375, 0.3067542029380798, 0.3045128868484497, 0.3026983443260193, 0.30049487324714663, 0.29878672526359557, 0.2968375088119507, 0.2949176144886017, 0.2930309573554993, 0.2911588907241821, 0.28956637645721434, 0.28768272773742676, 0.2859119110107422, 0.28414066150665285, 0.282348150434494, 0.2808214996147156, 0.27918069190979006, 0.27736759101867675, 0.2757031156921387, 0.27399292930603025, 0.27232530542373656, 0.27073681944847106, 0.26911384086608886, 0.2673648923587799, 0.2657208587551117, 0.2641076993751526, 0.2626506422424316, 0.26108750937461855, 0.25949899344444277, 0.25764635011672976, 0.2564059620952606, 0.25492147225379946, 0.2532315447711945, 0.2516601172161102, 0.250093941116333, 0.248606125164032, 0.2471400037240982, 0.24569519151687622, 0.24427597620487213, 0.2428161904811859, 0.2412461299419403]
0,0.9565217391304348
1,0.9354838709677419
2,0.8260869565217391
3,0.7586206896551724
4,0.8387096774193549
5,0.75
6,0.8695652173913043
7,0.8461538461538461
8,0.9615384615384616
9,0.9473684210526315
10,0.5
11,0.5714285714285714
12,0.75
13,0.6956521739130435
14,0.8148148148148148
15,0.875
16,0.9615384615384616
17,0.9523809523809523
18,0.6764705882352942
19,0.8
20,0.8333333333333334
21,0.8947368421052632
22,0.8823529411764706
23,0.6923076923076923
24,0.8260869565217391
25,0.5833333333333334
26,0.8333333333333334
27,0.625
28,0.76
29,0.7586206896551724
30,0.8518518518518519
31,0.8
32,0.6363636363636364
33,0.6551724137931034
34,0.84
35,0.5
36,0.9523809523809523
37,0.7368421052631579
38,0.8846153846153846
39,1.0
40,0.7857142857142857
41,0.9090909090909091
42,0.8260869565217391
43,0.8695652173913043
44,0.4782608695652174
45,0.6578947368421053
46,0.5454545454545454
47,0.7391304347826086
48,1.0
49,0.8235294117647058
50,0.7727272727272727
51,0.8571428571428571
52,0.85
53,0.9310344827586207
54,0.8636363636363636
55,0.47619047619047616
56,0.8181818181818182
57,0.7142857142857143
58,0.8857142857142857
59,0.7916666666666666
60,0.8518518518518519
61,0.7931034482758621
62,0.7692307692307693
63,0.8333333333333334
64,0.7368421052631579
65,0.7272727272727273
66,0.7692307692307693
67,0.6956521739130435
68,0.9523809523809523
69,0.8
70,0.8666666666666667
71,0.8095238095238095
72,0.5454545454545454
73,0.625
74,0.6666666666666666
75,0.9285714285714286
76,0.9047619047619048
77,0.7058823529411765
78,0.7368421052631579
79,0.8571428571428571
80,0.7241379310344828
81,0.9047619047619048
82,0.9459459459459459
83,0.8
84,0.8518518518518519
85,0.9333333333333333
86,0.8214285714285714
87,0.8666666666666667
88,0.9523809523809523
89,0.8928571428571429
90,0.8333333333333334
91,0.8974358974358975
92,0.68
93,0.8571428571428571
94,0.9130434782608695
95,0.7241379310344828
96,0.5652173913043478
97,0.7916666666666666
98,0.6153846153846154
99,0.8695652173913043
16
7
91
43
14
92
6
89
13
85
47
18
81
63
59
61
78
18
53
17
27
43
10
54
94
79
68
31
69
64
83
41
49
98
47
20
87
90
52
26
83
67
20
20
7
83
27
45
68
93
86
13
69
45
99
1
62
44
26
58
88
64
88
19
34
71
19
48
91
48
58
16
63
80
71
4
1
15
98
32
14
87
38
33
8
45
92
31
62
61
89
92
78
83
45
85
28
37
54
30
95
7
59
24
94
7
94
94
11
42
65
52
40
38
55
80
82
80
75
51
74
42
5
85
30
74
22
95
81
92
27
52
51
44
62
65
69
84
0
43
48
67
62
7
70
18
90
19
8
68
64
3
83
70
39
0
40
51
58
19
89
90
81
61
41
65
52
66
68
80
4
46
25
66
35
50
88
79
75
53
3
5
98
82
7
87
61
7
91
1
5
17
72
41
94
33
67
12
39
23
6
31
63
71
67
45
10
46
74
49
77
65
50
11
51
55
36
30
41
47
54
81
37
75
4
71
14
24
9
44
57
83
45
61
52
74
89
22
85
39
14
25
98
77
70
70
49
70
87
89
41
31
97
36
83
82
51
46
7
74
80
2
9
91
40
36
91
91
99
73
79
83
42
62
90
50
82
24
38
16
65
39
7
63
10
51
96
65
29
66
53
30
84
44
5
26
53
74
72
38
15
80
5
66
16
15
48
95
63
65
77
3
13
18
92
55
13
51
29
91
91
61
75
58
71
70
98
52
94
89
90
56
57
43
60
89
30
59
78
6
80
80
54
99
60
76
54
18
14
26
9
81
85
32
63
43
73
87
44
26
99
70
8
12
65
80
41
17
39
53
66
48
5
88
98
64
98
37
41
91
16
27
33
16
89
5
76
83
74
85
24
93
32
76
33
5
52
46
21
40
58
84
54
91
38
35
66
7
79
0
23
14
15
86
75
45
6
22
96
76
52
81
49
22
34
45
78
24
30
35
1
23
3
22
5
80
93
18
5
79
92
53
54
63
90
84
99
8
59
8
88
62
29
30
73
2
33
39
4
22
45
83
58
73
18
84
4
5
53
18
23
29
85
34
42
16
16
26
95
45
97
0
87
35
44
86
62
29
85
82
91
82
17
27
37
12
26
54
28
58
79
1
4
99
57
3
33
23
91
73
1
1
11
1
19
88
11
29
56
0
54
61
20
13
17
53
89
18
81
6
47
41
26
26
25
60
22
93
4
87
24
90
78
17
7
0
87
26
73
14
56
26
12
54
21
79
8
43
39
61
40
53
98
4
31
8
57
33
26
35
6
94
16
65
22
16
64
57
98
4
88
72
58
27
36
13
91
84
9
89
9
65
85
70
59
7
2
59
79
70
34
97
86
49
18
55
70
27
38
34
61
69
37
64
24
43
78
72
33
35
1
84
8
86
55
91
13
90
68
60
84
0
34
54
32
92
14
49
35
86
3
89
18
15
66
35
50
12
41
31
5
93
84
26
74
93
50
57
70
35
67
44
66
60
26
58
82
67
98
89
28
55
95
76
60
76
91
37
2
4
62
43
91
48
63
34
42
34
53
3
28
8
40
44
96
22
60
73
61
26
59
97
49
92
92
6
55
76
18
20
55
0
85
65
18
23
4
95
81
58
73
60
21
14
19
87
47
79
90
75
72
15
41
39
99
33
94
45
91
36
77
3
75
62
94
61
50
38
12
1
0
30
84
98
29
7
18
48
41
91
84
63
62
31
40
95
30
43
86
96
96
98
25
14
28
75
11
81
61
73
79
5
87
56
81
31
84
69
30
6
68
70
81
74
7
80
55
60
5
14
48
18
0
70
38
24
24
69
16
9
42
41
39
27
0
70
85
9
43
79
77
75
74
80
42
45
8
0
36
89
43
46
69
56
63
10
71
35
72
40
16
0
21
2
1
64
47
43
92
66
68
18
1
25
96
46
47
90
2
28
37
61
31
14
4
92
38
93
28
39
18
41
44
49
1
11
19
91
82
4
60
34
56
19
32
74
87
99
30
98
38
58
93
87
11
7
35
43
52
6
4
27
8
63
26
34
39
97
37
75
33
87
49
46
16
33
76
41
97
8
75
17
55
93
27
4
41
60
67
31
21
77
90
54
87
86
37
47
19
2
73
55
25
62
26
19
28
15
14
47
69
45
92
39
42
58
49
48
44
71
48
69
91
26
88
46
71
66
66
88
82
1
39
88
93
82
7
17
56
40
70
54
68
52
69
45
16
62
85
12
99
88
40
68
36
60
17
87
25
46
75
61
70
58
97
51
75
73
54
37
28
90
55
88
68
38
73
6
16
58
61
39
56
17
33
77
50
87
75
4
16
94
55
76
60
97
1
0
75
31
97
71
75
52
6
43
14
84
14
51
1
88
53
66
5
56
32
52
40
24
86
54
82
88
61
87
54
24
40
85
17
90
22
86
77
79
94
18
0
39
89
82
41
87
91
73
4
62
72
2
10
46
28
38
74
70
13
7
15
24
76
98
73
79
15
47
47
93
73
81
26
70
95
60
70
11
82
81
34
6
65
62
74
31
36
88
47
48
79
50
31
57
66
68
97
64
16
10
16
86
18
29
84
53
9
38
4
74
15
1
42
96
1
84
18
81
10
33
80
68
30
8
3
13
48
18
44
11
20
72
5
53
34
27
93
18
44
93
85
91
46
31
69
47
86
95
85
80
1
82
45
66
44
58
31
42
23
90
6
83
31
51
80
23
64
61
16
51
99
28
19
63
26
97
78
34
60
13
74
17
28
29
10
61
83
83
53
73
7
59
82
34
15
68
68
34
82
75
37
8
94
16
24
21
8
96
53
49
38
10
27
32
96
20
29
43
69
5
26
96
23
91
34
48
71
53
5
0
59
57
69
73
66
12
42
61
21
95
88
61
15
24
1
77
67
82
5
64
51
59
79
70
46
1
59
87
60
88
76
45
19
7
1
35
94
79
83
71
26
72
60
73
9
75
5
27
27
96
38
56
45
36
40
47
11
7
85
30
18
51
79
89
99
86
15
29
63
66
62
80
24
57
43
78
49
99
95
93
72
12
45
86
64
4
15
62
50
17
35
21
32
57
61
2
6
1
82
82
94
95
81
96
1
33
67
38
60
50
74
63
62
82
36
68
31
47
75
77
29
94
96
70
95
32
38
67
37
2
65
40
53
87
95
53
42
43
89
69
93
81
84
71
31
33
91
75
85
47
97
92
13
33
46
83
92
53
46
66
45
48
94
16
40
60
42
35
59
52
80
57
4
83
89
71
68
52
46
58
98
22
62
52
2
58
77
96
86
33
58
69
97
14
51
2
4
45
58
42
6
75
81
99
28
50
57
88
25
38
71
47
53
48
79
59
29
82
90
93
81
17
14
69
25
32
39
74
89
50
67
99
28
98
88
20
42
18
60
48
69
1
21
6
39
38
15
37
44
48
57
89
67
77
38
23
21
96
11
41
84
30
58
30
98
72
83
59
77
4
41
8
19
54
4
68
9
91
67
3
40
71
57
38
9
82
3
76
20
60
42
94
66
72
6
25
61
36
4
14
10
60
77
70
84
79
16
27
93
23
33
88
18
58
51
83
23
85
56
20
79
20
30
47
19
55
98
67
26
0
56
47
57
52
10
44
3
3
69
9
77
43
15
72
77
19
73
24
7
29
4
61
14
30
39
45
51
51
9
17
28
45
8
12
70
49
63
60
12
2
77
98
68
46
15
84
19
66
70
62
34
94
30
11
6
99
33
90
16
47
4
24
71
3
19
14
23
68
45
81
10
90
21
57
22
87
82
12
38
10
93
77
84
41
64
76
25
91
94
42
79
19
76
87
18
51
1
50
94
6
45
23
0
74
91
89
95
48
45
54
69
83
68
56
86
80
47
67
71
25
50
60
79
0
65
55
46
93
2
32
92
10
76
97
13
30
27
74
8
17
42
91
11
36
69
50
57
84
76
85
3
91
44
76
13
8
92
69
82
7
73
89
74
42
39
78
34
4
15
50
16
62
94
60
91
83
62
58
48
33
11
5
11
91
75
75
4
31
72
17
89
70
19
36
77
73
83
63
2
62
37
2
99
77
56
22
84
14
71
94
44
12
41
52
91
85
43
82
40
97
42
96
47
22
1
11
78
72
93
85
12
63
65
25
7
2
86
44
59
2
54
11
56
75
47
76
20
48
97
9
1
38
5
3
36
43
84
18
6
9
72
38
6
75
15
29
35
20
95
3
90
74
75
83
91
74
86
86
74
58
36
90
8
1
65
40
61
14
37
0
58
96
1
61
59
21
60
89
82
61
80
52
65
55
32
77
69
26
42
79
11
20
38
52
15
7
65
63
96
26
29
3
79
39
30
99
5
8
19
52
40
58
54
82
3
82
93
70
99
21
17
56
64
74
1
92
61
85
78
58
10
53
74
47
5
34
81
64
77
30
66
63
35
30
46
45
45
87
63
87
26
41
70
51
21
32
90
36
85
65
87
21
87
71
83
27
74
1
8
93
98
61
88
90
10
83
55
85
34
24
74
49
12
28
74
44
58
45
87
79
63
14
47
31
77
59
60
71
25
67
81
35
54
67
17
21
1
88
21
77
95
91
12
15
82
22
16
66
5
1
97
29
73
67
81
63
53
23
81
86
78
71
28
75
46
62
79
16
8
7
22
81
87
10
65
62
49
70
57
55
44
40
91
23
13
80
6
42
66
30
95
35
94
41
36
52
12
43
86
97
53
50
97
3
61
20
22
57
25
71
72
68
20
49
67
87
16
41
66
27
10
63
1
15
42
6
85
8
2
5
45
45
71
56
99
67
72
2
76
50
30
53
91
81
65
92
71
98
95
40
74
62
11
23
78
96
67
50
8
15
4
80
74
60
7
54
48
16
57
94
30
92
43
92
58
19
23
38
40
96
95
61
99
86
53
89
11
52
58
54
85
74
15
82
72
32
43
81
34
47
52
40
53
45
8
83
3
90
40
28
53
27
59
4
33
92
89
44
44
55
89
98
78
82
91
31
91
47
9
73
69
36
45
91
95
37
61
83
69
11
15
76
84
82
90
98
94
24
39
1
33
33
55
7
39
15
99
3
41
66
80
27
45
72
32
20
45
9
93
33
22
40
24
37
65
11
38
23
39
25
97
58
25
47
29
56
98
82
41
38
51
79
34
18
95
64
78
96
49
64
40
36
97
40
93
49
62
10
49
4
18
81
91
5
87
3
50
80
86
89
17
12
80
46
24
32
40
13
98
37
21
76
14
59
49
30
33
80
51
66
87
38
63
53
4
48
24
13
31
29
84
46
61
24
34
98
45
99
27
51
91
0
72
50
57
4
60
90
86
9
46
92
99
77
57
14
2
70
69
69
91
79
93
58
0
20
7
85
82
79
58
72
58
3
85
55
62
44
97
98
53
37
30
28
86
50
24
31
95
70
2
36
59
99
91
85
0
60
64
82
62
31
86
57
72
73
42
91
84
85
90
69
82
21
89
68
68
76
31
58
8
90
13
30
78
88
47
73
27
12
92
8
82
78
97
62
50
4
12
29
43
77
56
18
77
3
95
54
83
45
16
73
29
33
79
86
19
97
4
9
53
89
14
5
26
49
11
14
80
83
21
27
30
52
74
29
52
90
14
77
65
7
75
27
16
30
55
83
65
51
42
70
