overall_acc,0.7972
loss,[10.858458128051758, 6.237957658386231, 4.187641759796143, 3.2611980632019044, 2.826861114883423, 2.599848473892212, 2.503215562362671, 2.4272353574371337, 2.393020015640259, 2.3793526209259035, 2.3497520780181884, 2.3472721992492676, 2.329634547729492, 2.323391452331543, 2.3196287271881104, 2.316849082183838, 2.311486808166504, 2.3093776065826415, 2.315322415008545, 2.3087626695251466, 2.3088509996795654, 2.3081822846221924, 2.3147874588012693, 2.3140157025909422, 2.3286891875457765, 2.326855861663818, 2.327771113204956, 2.346564885253906, 2.3526097998809816, 2.352588031463623, 2.347498659362793, 2.3546576902770995, 2.3678865961456297, 2.3846582870483397, 2.3834941149902344, 2.3975271878051756, 2.397341672744751, 2.410595606689453, 2.427560305633545, 2.437299224624634, 2.449567275466919, 2.4618477488708495, 2.470599362106323, 2.461344553527832, 2.469965209121704, 2.500009253616333, 2.4941523681640625, 2.4925495622253417, 2.514891114654541, 2.514248606414795, 2.5168360593414305, 2.520230740280151, 2.5329335664367676, 2.539779262084961, 2.533774148788452, 2.555070558547974, 2.5546905137634277, 2.5628842931365967, 2.5639801985168456, 2.572253821182251, 2.0431984322738646, 1.6657793593597412, 1.4495574376678466, 1.3023104082107544, 1.2067810961151122, 1.1412152696609497, 1.1094195222091674, 1.0994934494400024, 1.1025383353424072, 1.0935483464050293, 1.1036038774108887, 1.106037177810669, 1.1119095287322998, 1.1116949167251586, 1.1248069927597046, 1.1304662564468384, 1.1379767287445068, 1.1335544937515258, 1.1290176009750366, 1.1393892153930665, 1.1530201598739624, 1.156824381752014, 1.1567850917816163, 1.1655926094055176, 1.1719078649139405, 1.165701499862671, 1.1716202849578858, 1.1676758708190917, 1.1697506402206421, 1.1810002151870727, 1.1816870935821533, 1.193011323928833, 1.1958871476745605, 1.1892588681411742, 1.190405391769409, 1.1896809156799317, 1.1949231787109376, 1.2067887783813476, 1.2086116260910034, 1.208332876663208, 1.2114221403884888, 1.215714113960266, 1.2135889791488648, 1.2262857307052613, 1.2212139025497437, 1.2237378695678711, 1.2208172386169434, 1.2209224978256226, 1.2382860262680053, 1.2262762292098999, 1.2295442580413818, 1.2227021947479249, 1.2463858415222169, 1.243700732498169, 1.2400834161376952, 1.2414834664535523, 1.2385045150756835, 1.2488439223480226, 1.2453316987991332, 1.2471457270050048, 1.10125694190979, 1.0120593741226196, 0.9731608962631225, 0.9409501253128052, 0.9098796566200257, 0.8811087305450439, 0.8533730937576294, 0.8263896174812317, 0.8009315083694458, 0.7768101047325134, 0.7528290302848816, 0.7301021740150452, 0.708329795665741, 0.6870624239730835, 0.6659582723999024, 0.6461699841308594, 0.6264878345108033, 0.6075892986488343, 0.5895056843757629, 0.5717010797309875, 0.5552328019142151, 0.5378936414718628, 0.5218318323326111, 0.5066332971191406, 0.4916123617839813, 0.47680980511665344, 0.46229843007087706, 0.4489630264854431, 0.4359096521186829, 0.42309990913391116, 0.4107763931941986, 0.39798237049102786, 0.38652422839164735, 0.37558173590660093, 0.36509122424125673, 0.3553715298652649, 0.3448854141521454, 0.3341104068470001, 0.32422772652626036, 0.31554154664039613, 0.30921414805412295, 0.30686767446517943, 0.3046168272972107, 0.30260988063812255, 0.3006791074943542, 0.29883117316246033, 0.2970950069141388, 0.2951958890914917, 0.2933687083053589, 0.2916658155441284, 0.28992181171417236, 0.28802040475845336, 0.2863393872451782, 0.28470281252861024, 0.28271277894973756, 0.2812407040977478, 0.27938281059265135, 0.27758199697494507, 0.27589903455734255, 0.2742103072547913, 0.27269280562400816, 0.2710029612350464, 0.26934000204086306, 0.26775381355285643, 0.2661809819602966, 0.2644005301094055, 0.2629437266731262, 0.2612686518478394, 0.2597531560897827, 0.25804583734512326, 0.2566753671646118, 0.25494006534576413, 0.2536035601615906, 0.2519091354370117, 0.2504688220310211, 0.2489047116136551, 0.2474642571401596, 0.24602130771160124, 0.2443913995218277, 0.24310162282466888]
0,0.9565217391304348
1,0.967741935483871
2,0.782608695652174
3,0.8620689655172413
4,0.7419354838709677
5,0.8333333333333334
6,0.8695652173913043
7,0.9230769230769231
8,1.0
9,1.0
10,0.35
11,0.47619047619047616
12,0.65
13,0.6086956521739131
14,0.7407407407407407
15,0.8333333333333334
16,0.9230769230769231
17,0.9523809523809523
18,0.6176470588235294
19,0.8
20,0.9444444444444444
21,0.8421052631578947
22,0.9411764705882353
23,0.8846153846153846
24,0.782608695652174
25,0.625
26,0.875
27,0.75
28,0.84
29,0.7241379310344828
30,0.8888888888888888
31,0.72
32,0.7272727272727273
33,0.6896551724137931
34,0.84
35,0.36363636363636365
36,0.9047619047619048
37,0.7894736842105263
38,0.8461538461538461
39,0.9565217391304348
40,0.6785714285714286
41,0.9545454545454546
42,0.8260869565217391
43,0.8260869565217391
44,0.6086956521739131
45,0.6578947368421053
46,0.45454545454545453
47,0.782608695652174
48,1.0
49,0.8823529411764706
50,0.7727272727272727
51,0.7142857142857143
52,0.9
53,0.9310344827586207
54,0.9545454545454546
55,0.7619047619047619
56,0.8181818181818182
57,0.6428571428571429
58,0.8857142857142857
59,0.6666666666666666
60,0.8518518518518519
61,0.7586206896551724
62,0.8076923076923077
63,0.75
64,0.7368421052631579
65,0.5909090909090909
66,0.8076923076923077
67,0.6956521739130435
68,0.9523809523809523
69,0.8666666666666667
70,0.9
71,0.8571428571428571
72,0.5
73,0.65625
74,0.7272727272727273
75,0.9285714285714286
76,0.8571428571428571
77,0.6470588235294118
78,0.8421052631578947
79,0.7857142857142857
80,0.7586206896551724
81,0.8095238095238095
82,0.9459459459459459
83,0.8
84,0.8888888888888888
85,1.0
86,0.8214285714285714
87,0.9
88,0.9523809523809523
89,0.9285714285714286
90,0.8333333333333334
91,0.9230769230769231
92,0.72
93,0.8095238095238095
94,0.9565217391304348
95,0.5862068965517241
96,0.6086956521739131
97,0.7916666666666666
98,0.7307692307692307
99,0.8695652173913043
16
7
91
43
14
92
6
89
13
85
47
27
81
63
59
61
78
24
53
17
26
43
10
54
94
79
68
99
69
64
83
41
23
46
37
20
87
90
52
26
83
83
20
20
7
83
27
45
68
93
86
55
60
73
99
1
62
44
26
58
88
64
88
19
3
23
19
48
91
48
58
16
63
3
71
4
32
15
98
32
14
87
38
37
8
45
92
31
62
61
89
92
78
83
45
85
28
37
54
30
95
7
59
24
94
7
94
94
11
42
65
52
40
38
55
80
82
46
75
51
74
34
5
85
30
74
22
95
81
92
27
52
18
44
92
65
69
84
0
43
48
67
62
89
53
67
58
19
8
68
30
3
53
70
39
0
95
51
58
72
89
90
81
61
41
66
52
66
68
80
4
46
25
66
35
50
88
7
75
53
3
5
98
82
7
81
61
7
91
1
5
17
72
41
94
33
67
39
39
23
28
31
63
71
67
45
10
32
74
49
77
65
50
15
51
55
36
3
41
47
54
87
37
75
74
71
14
0
9
44
57
83
45
22
52
63
89
22
85
39
7
25
98
98
70
54
49
70
87
89
41
79
97
36
83
82
96
46
7
74
80
2
9
91
40
36
91
91
99
73
79
83
42
10
90
50
82
24
38
16
16
39
7
63
10
51
96
77
29
66
53
30
84
44
5
91
53
74
72
15
15
44
5
66
77
15
48
73
72
64
77
3
13
18
92
55
13
72
29
91
91
61
75
58
71
70
98
52
94
89
90
56
57
43
60
15
30
59
78
6
80
80
54
83
23
76
54
18
14
26
9
90
85
32
63
43
73
87
44
26
99
70
8
90
65
80
41
17
39
53
66
48
5
88
5
67
87
37
90
91
16
27
33
16
89
5
23
83
74
85
24
72
32
76
7
5
52
46
55
40
58
84
6
91
63
46
66
9
79
0
23
14
80
86
75
45
6
22
33
76
52
81
90
22
34
45
48
7
30
98
1
23
3
22
5
80
93
27
86
79
92
53
54
80
18
84
22
8
59
8
88
62
29
30
73
2
33
39
63
22
45
83
58
73
18
84
4
5
53
18
23
29
85
34
73
16
86
31
95
45
97
0
66
32
44
86
62
29
85
82
91
82
17
43
17
12
26
54
28
58
79
1
45
30
57
3
33
23
91
73
1
1
35
57
19
88
11
29
56
0
54
61
20
13
17
53
89
18
81
6
96
41
26
26
25
60
22
1
4
47
24
90
78
17
7
0
87
26
73
14
56
18
12
54
21
79
8
43
39
61
40
53
98
4
31
8
57
33
18
35
6
94
94
16
22
16
63
57
98
66
88
55
58
27
36
13
91
84
9
85
9
65
85
70
52
45
2
59
79
70
34
97
99
49
18
55
70
32
38
34
61
69
37
66
24
3
78
74
33
2
1
84
22
86
55
91
13
90
68
60
84
0
34
22
32
92
7
49
35
86
3
89
7
15
66
35
50
12
41
31
34
93
84
26
74
78
50
10
54
11
73
44
66
60
26
58
82
67
98
89
28
55
95
76
60
76
91
37
2
3
62
43
91
48
63
44
42
34
53
3
28
8
40
44
47
22
60
73
61
26
63
42
49
92
92
45
57
76
18
20
55
0
85
75
19
23
42
95
81
58
73
60
21
62
19
87
47
79
90
75
72
15
41
39
99
33
94
45
91
36
77
3
75
92
94
61
50
38
12
1
0
30
84
98
29
7
18
48
89
91
84
63
62
31
40
55
30
61
86
96
33
15
20
14
28
75
2
81
61
44
26
5
43
56
81
15
84
69
30
6
68
70
81
74
7
80
55
60
5
14
48
83
0
70
38
26
24
69
16
9
42
41
25
27
0
70
85
9
43
79
77
75
74
80
42
62
8
0
36
89
4
46
69
56
42
22
71
98
55
86
25
0
21
2
1
64
47
43
92
32
68
18
1
25
96
98
47
90
2
28
37
61
31
14
4
92
38
93
28
39
18
41
44
49
1
11
19
91
82
4
60
34
56
19
32
74
39
99
30
98
8
58
93
87
45
79
22
43
52
6
4
27
8
63
26
34
39
97
37
75
33
87
49
35
16
33
76
41
80
8
75
17
55
93
33
4
41
60
30
35
21
77
90
54
87
86
37
47
75
2
73
55
25
62
26
19
28
15
73
47
17
45
92
39
42
58
49
48
44
71
48
69
9
26
25
11
71
66
66
88
82
1
39
88
93
82
7
17
56
40
70
14
68
52
76
45
16
6
85
12
99
88
40
68
36
60
17
90
20
46
75
61
70
58
88
51
75
73
70
37
28
90
55
88
68
38
73
7
16
58
61
39
56
17
33
77
63
87
63
4
16
94
55
76
60
97
1
0
75
31
55
71
75
52
6
43
14
84
14
51
1
88
53
66
5
56
32
52
40
24
86
54
54
88
61
87
54
24
40
85
17
90
22
86
77
79
94
45
0
39
89
82
41
87
91
73
72
62
55
98
16
46
28
38
27
70
13
7
15
26
76
98
51
79
15
47
47
93
73
81
26
70
95
60
70
11
82
66
34
6
65
62
74
17
36
88
47
48
79
74
55
57
66
68
97
64
16
63
16
84
18
29
84
57
9
38
3
74
15
1
78
91
1
84
69
81
10
33
80
68
30
8
3
81
45
18
20
11
28
72
5
53
34
27
93
6
44
93
37
91
46
31
69
47
57
95
85
80
1
82
26
66
44
58
31
42
23
90
44
83
19
51
80
23
64
61
40
51
99
28
19
63
7
97
78
34
71
13
50
17
28
29
10
22
83
83
53
73
7
59
82
34
15
68
68
34
82
75
37
8
94
16
24
21
8
96
53
49
38
85
55
32
96
20
29
43
69
94
26
92
23
91
34
48
71
53
5
0
59
84
69
73
27
12
42
61
21
95
88
28
15
24
1
77
67
82
5
64
51
52
79
70
46
1
59
87
60
88
76
45
55
7
1
35
94
55
16
71
26
55
60
73
9
75
5
27
27
32
38
18
78
36
87
47
2
7
85
30
92
51
79
13
99
86
15
29
63
66
62
80
24
57
43
78
74
99
95
93
72
71
77
86
64
4
23
62
50
17
98
21
32
57
61
11
6
70
82
82
94
95
81
96
93
49
67
31
60
20
90
63
62
82
36
12
31
47
75
4
29
94
27
70
95
32
38
67
37
2
65
40
53
87
95
53
42
43
89
69
93
81
84
71
31
33
73
75
85
47
97
1
81
33
46
83
92
53
46
66
45
48
94
61
69
60
29
98
59
52
44
57
4
83
89
71
12
52
46
58
98
22
62
52
2
58
77
96
86
33
58
69
97
14
51
2
4
79
58
42
6
75
81
99
28
50
57
88
25
38
71
47
53
48
79
59
29
82
90
18
81
17
14
69
25
32
39
10
89
55
67
99
28
98
88
20
64
44
60
48
69
7
41
6
39
38
15
37
2
48
98
89
67
79
38
23
21
96
11
87
84
23
58
30
98
31
83
23
77
50
41
8
19
54
4
68
9
91
67
3
40
71
77
38
9
82
3
76
20
60
42
94
66
72
18
25
10
36
4
14
10
60
77
62
85
75
16
27
93
23
33
88
18
58
51
83
23
85
56
20
79
20
30
96
19
4
35
80
26
0
56
47
53
59
83
29
97
3
23
9
77
43
15
72
77
19
73
24
7
29
4
61
64
30
39
42
19
17
9
17
28
45
16
81
70
49
63
60
12
11
77
98
31
46
15
84
19
66
70
62
34
94
91
35
44
99
33
90
16
59
4
24
71
3
15
14
23
68
45
81
10
90
21
57
22
87
82
12
38
10
93
77
84
41
64
76
25
91
94
42
79
19
76
87
18
51
1
50
94
6
45
23
0
55
91
48
95
48
45
54
69
51
68
56
86
80
56
67
71
5
50
60
79
0
44
55
98
80
2
32
92
67
69
97
13
30
27
74
8
17
42
91
35
43
69
65
57
84
13
85
3
91
6
76
13
8
92
69
82
7
73
89
74
42
39
45
80
74
15
50
16
62
94
60
27
83
62
85
48
59
11
5
2
55
75
75
4
3
72
17
89
92
19
36
22
67
83
63
2
62
37
11
99
77
56
22
84
14
71
94
44
12
41
52
91
85
43
82
40
97
42
96
47
22
1
6
78
72
93
85
18
63
65
25
44
11
22
44
59
2
54
98
56
75
47
76
20
48
97
9
25
38
5
3
36
43
84
18
6
9
72
38
6
75
15
29
11
25
95
3
58
74
14
83
91
74
86
16
44
58
36
90
8
49
65
40
13
14
37
0
58
96
1
61
59
21
60
89
82
61
80
52
65
55
32
77
69
26
42
79
11
20
38
52
15
79
3
63
96
26
29
3
79
39
30
99
5
8
19
52
40
58
54
82
3
82
93
70
99
21
17
56
64
74
1
92
61
85
78
58
10
53
74
47
5
34
81
64
77
30
66
63
2
30
46
45
45
87
75
87
26
41
70
34
21
32
90
36
85
65
87
21
87
71
83
27
74
1
8
93
22
61
88
90
10
83
55
85
34
24
74
49
76
28
74
26
58
45
87
79
63
14
47
31
77
59
60
71
25
67
81
98
54
67
17
21
1
88
3
77
95
91
12
15
82
22
16
66
5
1
29
31
73
27
81
63
53
23
81
86
78
71
28
75
98
62
79
16
8
7
22
13
87
83
65
62
49
70
57
55
18
40
91
23
13
80
6
42
46
30
67
35
94
41
36
52
12
43
86
97
53
50
97
3
61
20
22
57
25
71
72
68
20
49
67
87
16
41
66
27
5
51
1
15
42
6
85
8
2
25
45
5
71
56
99
67
78
2
76
50
30
53
91
81
65
92
23
98
72
40
71
62
11
23
78
96
67
26
8
15
4
80
27
60
7
54
48
16
57
94
30
62
43
62
58
19
23
38
40
59
95
61
99
86
53
89
11
52
58
54
85
74
72
82
72
95
43
31
34
47
52
40
53
45
8
83
3
90
87
28
53
68
59
4
33
92
89
44
44
4
89
98
78
82
91
31
91
47
9
73
69
36
45
91
95
37
61
83
69
35
72
76
80
10
12
98
94
24
39
1
33
74
55
7
39
15
39
3
41
66
80
27
45
55
32
5
45
9
93
33
65
40
24
56
65
11
38
23
39
25
97
58
25
47
29
56
98
82
41
38
51
79
88
18
73
64
78
96
49
64
40
36
97
40
33
49
62
10
49
4
18
81
91
5
87
3
50
80
86
89
17
12
80
55
26
32
25
13
98
37
21
76
14
59
49
30
33
80
51
66
87
38
63
53
4
48
24
13
31
21
84
46
61
24
34
46
45
99
27
51
91
0
72
50
57
63
60
90
86
9
11
92
99
77
57
14
2
70
69
69
32
79
93
58
0
20
7
85
82
79
58
72
87
3
85
65
70
44
97
46
53
37
30
28
86
50
24
60
95
1
2
36
96
99
55
85
0
71
64
82
62
31
86
57
72
73
63
91
84
85
90
69
82
21
89
68
68
76
31
58
8
90
13
30
78
88
33
99
42
12
92
8
82
78
97
62
74
4
69
29
97
77
56
18
77
72
95
54
0
45
16
73
29
33
6
86
19
97
4
9
53
89
57
25
26
49
11
14
80
83
75
27
30
52
74
29
52
90
14
77
4
7
75
27
16
30
23
83
14
51
42
70
