overall_acc,0.8052
loss,[10.87388318359375, 6.239892916107178, 4.196129858856201, 3.2645973249053957, 2.821063561553955, 2.5986584981536867, 2.4776586361694335, 2.42671846244812, 2.377243341598511, 2.359869382171631, 2.3429918941497805, 2.33295287940979, 2.3252865105438234, 2.3131026844787597, 2.311082049407959, 2.3022224782562257, 2.3041704666519167, 2.2903180489349366, 2.303825713806152, 2.2928577828979493, 2.290071590118408, 2.3026281549835206, 2.302474376754761, 2.310875648803711, 2.3128093419647215, 2.304903665008545, 2.314915578842163, 2.32331182510376, 2.3193489198303223, 2.334648651885986, 2.339009125366211, 2.346913236618042, 2.3377731217193602, 2.3542260583496093, 2.3508991466522215, 2.3576659271240232, 2.3690702488708495, 2.368520242462158, 2.3857688359069824, 2.392166184234619, 2.38578830078125, 2.409563005142212, 2.421647724380493, 2.4289139205932617, 2.4277301503753663, 2.428146360321045, 2.438304563064575, 2.4511831275177003, 2.4548850076293944, 2.4519519720458987, 2.4585213007354736, 2.463461798782349, 2.4633663062286377, 2.465656464767456, 2.4770824815368653, 2.481909443435669, 2.4970497234344484, 2.489008946228027, 2.4896395151519775, 2.493359412536621, 1.974334606666565, 1.6082226257705687, 1.4115313147354125, 1.2656931912612914, 1.1756741120529175, 1.1266127093887328, 1.0993408965682983, 1.091739077911377, 1.082360880126953, 1.0782413969039917, 1.0883168925476074, 1.0905844552612305, 1.099249568786621, 1.0998722869873048, 1.0997696994018555, 1.1020801111602783, 1.0996724663543702, 1.1015849967956544, 1.1199408823394776, 1.1148075030899047, 1.110132201461792, 1.1168046407318115, 1.1269947220230103, 1.1337346166610718, 1.1323882246017456, 1.1406475429534912, 1.1357002892684938, 1.1368885646438598, 1.1390364645767213, 1.1553811429214478, 1.1615334800338746, 1.1425196277999878, 1.161225972366333, 1.1661671761703492, 1.153817156791687, 1.164259467163086, 1.1651312662124633, 1.174749119911194, 1.1715007022857666, 1.1678344678115844, 1.181765990447998, 1.1822725384902955, 1.1822514420700074, 1.1730440953445433, 1.1878477338790894, 1.1924738558959962, 1.1939208095169067, 1.1806929092407226, 1.2050705982589722, 1.2028733153533935, 1.1816934200286866, 1.1920083139801025, 1.1974945225143432, 1.2151667632293701, 1.2110008963394165, 1.2032124999237062, 1.2094781382369995, 1.2011648572540283, 1.1946040252304078, 1.2201014131164551, 1.0703745976448058, 0.9824118811225891, 0.9434948161315918, 0.9112232801437378, 0.8819253748321533, 0.8539776784133911, 0.8278756523132325, 0.801419716796875, 0.7773301556015014, 0.7530193647766114, 0.7306645829391479, 0.7086949656105042, 0.6869407552146911, 0.6664690951156617, 0.6461388830375672, 0.6272964095497131, 0.6079033244895935, 0.5895450780296325, 0.5718789902114868, 0.5547750450325012, 0.5383205682563782, 0.5221135546684265, 0.5066132376670838, 0.4916300402164459, 0.47643224391937256, 0.4622549817943573, 0.4490375772571564, 0.4357885936546326, 0.4227467413902283, 0.41010230985641477, 0.39818586716651916, 0.3867048832702637, 0.37510213097572326, 0.36396658233642576, 0.35336690240859986, 0.34289045879364016, 0.3330506719112396, 0.323650603685379, 0.314416924533844, 0.3080657488822937, 0.30101754051208496, 0.2980640808200836, 0.2957096544265747, 0.2940093770694733, 0.2921589715766907, 0.2903757712650299, 0.2885660488700867, 0.2866678172683716, 0.28486606755256655, 0.28317262340545657, 0.28129540449142454, 0.2797908249759674, 0.27782373468399046, 0.27658597673416135, 0.2745895491504669, 0.2728987273979187, 0.271347371006012, 0.2696933416652679, 0.2679613580417633, 0.266423388338089, 0.26474832363128664, 0.263170193901062, 0.26150566502571104, 0.259889685049057, 0.2584188222503662, 0.2568669713592529, 0.25525023144721987, 0.25364804933547974, 0.25205500219345095, 0.2506901284265518, 0.2491576134967804, 0.24767844444274903, 0.24623935923576354, 0.24486940884113312, 0.24313572490215302, 0.24177176541805268, 0.24043927319526673, 0.23892833958625795, 0.2373294858932495, 0.23613096059322358]
0,0.9565217391304348
1,0.967741935483871
2,0.8260869565217391
3,0.6551724137931034
4,0.8709677419354839
5,0.7916666666666666
6,0.8695652173913043
7,0.7692307692307693
8,1.0
9,1.0
10,0.6
11,0.47619047619047616
12,0.8
13,0.6521739130434783
14,0.8518518518518519
15,0.875
16,0.8846153846153846
17,0.9523809523809523
18,0.6176470588235294
19,0.8
20,0.8888888888888888
21,0.8421052631578947
22,0.8823529411764706
23,0.7692307692307693
24,0.8695652173913043
25,0.7083333333333334
26,0.7916666666666666
27,0.8333333333333334
28,0.8
29,0.7931034482758621
30,0.8148148148148148
31,0.84
32,0.7727272727272727
33,0.6551724137931034
34,0.88
35,0.5909090909090909
36,0.8571428571428571
37,0.8947368421052632
38,0.8076923076923077
39,1.0
40,0.7142857142857143
41,1.0
42,0.8260869565217391
43,0.8695652173913043
44,0.6521739130434783
45,0.6578947368421053
46,0.36363636363636365
47,0.8260869565217391
48,1.0
49,0.8823529411764706
50,0.7272727272727273
51,0.7619047619047619
52,0.85
53,0.9310344827586207
54,0.9545454545454546
55,0.6190476190476191
56,0.8181818181818182
57,0.6785714285714286
58,0.8857142857142857
59,0.6666666666666666
60,0.8888888888888888
61,0.8275862068965517
62,0.8076923076923077
63,0.7083333333333334
64,0.7368421052631579
65,0.7727272727272727
66,0.8846153846153846
67,0.6521739130434783
68,0.9523809523809523
69,0.8333333333333334
70,0.8
71,0.8571428571428571
72,0.5454545454545454
73,0.65625
74,0.696969696969697
75,0.9642857142857143
76,0.8571428571428571
77,0.7352941176470589
78,0.7368421052631579
79,0.8571428571428571
80,0.7241379310344828
81,0.9523809523809523
82,0.9459459459459459
83,0.8
84,0.8888888888888888
85,0.9666666666666667
86,0.7857142857142857
87,0.8666666666666667
88,1.0
89,0.8928571428571429
90,0.8333333333333334
91,0.8717948717948718
92,0.68
93,0.7619047619047619
94,0.9565217391304348
95,0.6896551724137931
96,0.6956521739130435
97,0.7916666666666666
98,0.6923076923076923
99,0.8695652173913043
16
7
91
43
14
92
6
89
13
85
47
27
81
63
59
10
78
7
53
17
27
43
10
54
25
79
68
31
69
64
83
41
23
11
96
20
87
90
52
26
83
67
20
20
7
83
27
45
68
93
86
12
60
45
99
1
62
44
26
58
88
64
88
19
34
71
19
48
44
48
58
16
63
75
71
4
32
55
98
32
14
87
42
12
8
45
92
31
62
61
89
92
78
83
45
85
28
37
54
30
95
7
59
24
94
7
94
94
11
42
65
52
40
38
55
80
82
11
75
51
74
34
5
85
30
74
22
95
81
92
44
52
6
44
62
65
40
84
0
43
48
67
62
89
53
18
31
19
8
68
3
3
53
62
39
0
95
51
58
3
89
90
81
61
41
27
52
66
68
80
43
46
5
27
35
36
88
14
75
53
3
5
11
82
7
81
61
7
91
1
5
17
72
41
94
33
67
33
39
23
28
31
63
71
67
93
84
35
74
33
77
65
50
98
51
85
36
3
41
47
54
87
37
75
74
71
14
0
9
44
57
83
45
22
52
42
89
22
85
39
7
25
98
24
70
54
49
70
87
89
41
19
97
36
83
82
65
11
7
74
80
2
9
93
40
36
91
91
99
73
73
83
42
62
90
50
82
24
65
16
10
39
7
63
10
51
96
44
29
66
53
55
84
44
5
10
53
74
72
15
15
93
25
66
77
55
48
73
63
65
77
3
13
18
92
55
13
95
29
1
91
61
75
58
71
70
98
52
94
89
90
56
57
43
60
55
30
59
78
6
80
80
54
99
60
69
54
18
14
26
9
81
85
32
63
43
73
87
44
54
99
70
8
90
65
80
48
17
39
53
66
48
20
88
32
97
98
37
41
91
16
27
33
16
89
5
76
83
74
85
24
72
32
76
79
5
52
46
27
40
58
84
24
91
63
35
66
25
26
0
23
14
15
86
75
45
6
22
33
76
52
41
90
22
34
45
48
7
30
98
1
23
3
22
5
80
93
18
86
79
62
53
54
31
18
84
12
8
59
8
88
62
29
30
73
2
33
39
4
10
45
83
58
73
18
84
4
5
2
18
23
29
85
88
64
16
86
26
95
45
61
0
87
32
44
86
92
29
85
82
91
82
17
32
85
12
26
54
28
58
79
1
4
95
16
3
56
23
91
73
1
1
35
32
19
88
11
29
56
0
54
61
20
13
17
53
89
18
81
6
96
41
26
26
25
60
22
93
4
47
24
79
78
17
7
0
87
26
95
14
56
51
12
54
11
79
8
43
39
65
40
53
98
4
31
8
57
33
7
35
6
94
87
65
22
16
48
57
98
4
88
72
58
27
36
13
91
84
9
58
9
65
85
70
52
7
2
59
79
70
34
97
16
49
44
55
70
32
38
34
61
69
37
64
24
3
78
51
63
35
1
84
22
86
4
91
13
90
68
60
84
0
34
14
32
92
14
49
35
40
3
89
7
15
66
35
50
12
41
31
34
93
84
26
74
4
50
57
54
11
73
44
66
60
26
58
82
67
98
89
28
55
95
76
60
76
91
37
2
4
62
43
91
48
63
34
42
34
53
3
28
8
40
44
96
61
60
73
61
29
63
42
49
92
92
6
55
87
18
20
55
0
85
65
44
23
66
95
81
58
73
60
21
14
19
87
47
79
90
75
73
15
41
39
99
87
94
45
91
36
77
72
75
62
94
61
50
38
12
1
0
30
84
98
29
7
18
48
81
91
84
63
62
31
40
29
30
43
86
47
96
15
25
14
28
75
11
81
22
44
79
5
88
56
81
15
84
69
30
6
68
70
81
74
7
80
55
60
5
14
48
83
0
70
38
4
24
69
86
9
42
41
39
27
0
70
85
9
43
79
77
75
74
80
42
62
8
0
36
89
4
46
69
56
42
10
71
98
63
40
16
0
21
2
1
64
47
43
92
65
68
18
1
25
96
98
47
90
2
28
37
61
31
77
4
92
38
93
28
39
18
41
44
49
1
11
19
91
82
4
60
34
56
19
32
74
76
99
73
98
8
58
93
87
11
24
35
43
52
6
4
27
8
4
26
34
39
97
37
75
33
87
49
11
16
33
76
41
97
8
75
17
74
93
27
4
41
60
30
35
21
77
90
54
87
86
37
47
66
2
73
55
25
62
26
19
28
15
14
96
17
45
92
39
42
13
49
48
44
71
48
69
9
15
37
11
71
66
66
88
82
1
39
88
93
82
18
17
56
40
70
1
68
52
69
45
16
6
85
12
99
88
40
68
36
60
17
90
25
46
75
61
70
58
97
51
75
73
70
37
28
90
72
88
68
38
73
6
16
58
61
39
56
17
33
77
50
87
75
4
16
94
55
76
60
97
1
0
75
31
27
71
75
52
6
43
14
84
14
51
1
88
53
66
5
56
32
52
40
24
86
54
54
88
61
87
54
24
10
85
17
90
22
86
77
79
94
18
0
39
89
82
41
87
91
73
4
62
65
98
10
46
28
38
72
70
13
29
15
24
76
98
73
79
15
47
47
93
67
81
26
70
95
60
70
2
82
66
34
6
65
62
74
17
36
88
52
48
79
38
55
83
66
68
74
64
16
61
16
84
18
29
63
57
9
38
4
74
15
1
67
74
1
84
69
58
10
33
80
68
30
8
3
81
45
18
20
35
20
72
5
53
34
27
93
6
44
93
37
91
35
31
69
47
57
30
85
80
1
82
79
66
2
58
31
42
23
90
6
83
31
51
80
23
64
61
5
51
99
28
19
63
26
97
78
34
90
13
74
17
28
29
10
61
83
83
53
73
7
59
82
34
15
68
68
34
82
75
37
8
94
16
24
21
8
96
53
49
63
85
55
32
96
20
29
43
69
94
26
82
23
91
34
48
23
53
5
0
59
57
69
73
27
12
42
61
21
95
88
28
15
24
1
77
67
82
5
64
1
52
79
70
46
1
59
87
60
88
76
45
19
6
1
35
94
79
25
71
2
72
60
73
9
75
5
27
27
32
38
56
4
64
87
47
35
77
85
30
34
51
79
89
99
86
15
29
63
66
62
80
24
57
43
78
49
99
95
93
72
71
99
86
64
4
19
62
50
17
35
21
32
57
61
11
6
1
82
82
94
95
81
96
93
49
67
31
60
96
74
63
62
82
36
76
31
47
75
77
29
94
27
70
95
32
38
32
37
2
65
40
53
87
95
53
42
43
89
69
93
81
40
71
31
33
73
75
85
47
97
62
13
34
46
62
92
53
46
66
45
48
94
10
69
60
42
98
59
52
44
57
4
83
89
71
49
52
46
58
98
22
62
52
2
58
77
96
86
33
58
69
97
14
51
2
63
65
58
63
6
75
81
99
28
50
57
88
25
38
71
47
53
48
79
59
29
82
90
93
81
17
14
69
25
32
39
62
89
4
67
99
28
98
88
20
42
44
60
48
69
18
41
6
39
19
15
37
62
48
57
89
73
77
38
27
21
96
11
41
84
30
58
30
98
31
83
59
77
74
41
8
19
54
4
68
9
91
67
3
40
71
77
38
9
82
4
76
20
60
42
94
66
72
14
25
61
36
4
14
10
60
77
70
85
66
16
67
63
23
33
88
18
58
51
83
23
85
56
20
79
20
30
96
19
38
98
77
26
0
56
47
53
52
10
51
3
3
30
9
77
43
15
72
77
19
73
77
7
29
4
61
64
30
39
33
19
51
9
17
28
45
16
12
70
49
63
71
12
2
77
98
68
86
15
84
19
66
70
62
34
94
91
11
32
99
33
90
16
42
4
24
71
3
19
14
23
68
45
81
61
90
21
57
22
87
82
85
38
10
93
51
84
41
64
76
25
91
94
42
79
19
76
87
18
51
1
50
94
6
45
23
0
55
91
48
95
48
45
54
69
14
68
56
86
80
47
67
71
25
50
60
79
0
44
55
46
80
2
32
92
10
76
97
13
30
27
74
8
17
42
91
63
36
69
50
57
84
49
85
21
91
79
76
13
8
92
69
82
7
73
89
64
42
39
26
43
93
15
50
16
62
94
60
91
83
62
85
48
33
11
5
11
67
75
75
4
31
72
17
89
92
19
36
22
73
83
63
2
62
37
2
99
77
56
22
84
14
71
94
44
37
41
52
91
85
43
82
40
97
42
96
47
22
1
6
78
72
93
85
18
64
65
25
44
2
22
44
59
2
54
11
56
75
47
76
20
48
97
9
10
38
5
3
35
43
84
18
6
9
72
38
6
75
15
29
35
20
95
3
58
74
14
83
91
74
86
10
50
58
36
90
8
49
65
61
32
14
37
0
58
96
1
61
59
21
60
89
82
61
80
52
65
55
32
77
69
26
42
79
11
20
38
47
15
79
65
63
96
26
29
3
79
39
30
99
5
8
38
52
40
58
54
82
3
82
93
70
99
21
17
56
64
74
1
92
61
85
78
58
10
53
74
47
5
34
81
64
77
67
66
63
35
93
46
26
45
87
63
87
26
41
70
64
21
32
90
36
85
3
87
21
87
71
83
27
74
1
8
6
98
61
88
90
10
83
37
85
34
24
74
49
12
28
74
48
58
45
87
79
63
14
47
31
77
52
60
71
25
73
81
2
54
67
17
21
1
88
21
77
95
91
12
15
82
22
16
66
25
41
15
29
73
27
81
63
53
23
81
86
78
71
28
75
35
62
79
16
8
7
22
81
87
83
65
62
49
70
57
77
33
40
91
23
13
80
6
42
35
30
30
35
94
41
36
52
12
43
86
97
53
50
64
95
61
20
22
57
25
71
72
68
20
49
67
87
16
41
66
44
87
51
1
15
42
6
85
8
2
5
45
85
71
56
99
67
67
2
76
50
30
53
91
81
65
92
71
35
72
40
80
62
11
23
78
96
67
50
8
15
4
80
27
60
7
54
48
16
57
94
30
92
43
62
58
19
23
38
40
96
95
10
99
86
53
89
11
52
58
54
85
74
72
82
72
69
43
37
34
47
52
40
53
45
8
83
3
45
40
28
53
27
59
4
33
92
89
44
12
4
89
98
78
82
91
31
91
47
9
73
69
36
77
91
95
37
61
83
69
11
64
76
65
78
90
98
94
24
39
1
33
42
29
7
39
15
41
3
41
66
80
27
45
4
32
5
45
9
93
33
22
40
24
37
65
11
38
23
39
25
97
85
25
96
29
56
98
82
41
38
51
79
19
18
95
64
78
96
49
64
40
36
97
40
45
49
62
28
33
4
77
81
91
5
87
3
50
80
86
89
17
12
80
4
24
32
84
13
98
37
21
76
14
59
49
30
33
80
51
66
87
38
63
53
4
48
24
13
31
72
84
46
61
24
34
46
45
99
27
51
91
0
72
50
57
4
60
81
86
9
46
92
99
77
57
62
2
70
69
69
32
79
93
58
0
20
7
85
82
79
58
95
58
75
85
55
62
29
97
98
53
37
73
28
86
50
24
31
95
1
2
36
59
99
55
85
0
23
64
82
62
31
86
2
72
73
80
91
84
41
90
69
82
21
89
68
68
76
31
58
8
37
13
30
78
88
47
99
42
12
92
8
82
78
97
70
74
4
90
29
97
67
56
18
79
72
95
54
0
45
16
73
29
33
6
86
19
97
4
9
53
89
18
25
26
49
11
14
80
83
75
27
30
52
74
29
59
90
14
77
72
7
75
27
16
30
50
83
14
51
42
70
