overall_acc,0.8012
loss,[10.850699112091064, 6.228628600769043, 4.198428986663818, 3.260020439529419, 2.8242279875946044, 2.608988388900757, 2.4902764097595216, 2.4220890442657472, 2.396847802886963, 2.363194445114136, 2.3521630172729493, 2.3390644371032714, 2.3241067388916017, 2.3213973497772216, 2.3142062547302245, 2.321111270828247, 2.3104763758850098, 2.3057360661315918, 2.304040807800293, 2.315766800918579, 2.310990111465454, 2.299986938171387, 2.317516548538208, 2.3082381102752687, 2.327845545501709, 2.3272072418212892, 2.328168123626709, 2.3283857849121095, 2.3366315111541747, 2.3466240258789064, 2.3526041506958006, 2.3605857125854492, 2.3677665409088133, 2.3797568110656737, 2.378836853790283, 2.396116444168091, 2.41033526260376, 2.405608402175903, 2.4286334113311767, 2.4175549252319337, 2.44206441947937, 2.452982893295288, 2.4563226385498047, 2.4642327793884276, 2.467137403945923, 2.47891998916626, 2.514686658401489, 2.499678610305786, 2.5017048375701902, 2.50980194519043, 2.518299489593506, 2.533475646972656, 2.5355216284942625, 2.5412467944335937, 2.5509149601745604, 2.5482830849456786, 2.5510797624969483, 2.5616008180236816, 2.569412360153198, 2.5560922548675538, 2.0390343330383303, 1.6683569916534424, 1.4571735320663453, 1.3018612965393066, 1.2126921772766113, 1.150958445777893, 1.1224873749160766, 1.1075733475112914, 1.0976240515518187, 1.1092106472015382, 1.1097613062286378, 1.1108194682693482, 1.110431719856262, 1.11713817237854, 1.1180091370010377, 1.13038324760437, 1.1294447717285157, 1.1388744964599609, 1.1434193402481079, 1.1428905777359009, 1.1428577472305297, 1.1557821851348877, 1.1581629154586792, 1.1574702033233644, 1.1611347797012328, 1.1679943893051148, 1.1682429834365844, 1.176398892250061, 1.178555642929077, 1.1957999765014649, 1.190066323661804, 1.1908104243469237, 1.1973916952896118, 1.1897903191757202, 1.1970555115890502, 1.2080952143859864, 1.2062351290130615, 1.2089972547912597, 1.203361424484253, 1.2185489012527466, 1.2058601156997681, 1.2155142766571045, 1.223622801551819, 1.2254655400466918, 1.211915927467346, 1.2137752587127686, 1.2231638962554932, 1.2285282420349122, 1.2184227418518065, 1.2388965587615968, 1.216475057067871, 1.240359471206665, 1.24290515083313, 1.2294560076904297, 1.237118067893982, 1.2384059993743897, 1.2463917552947998, 1.2451920788574218, 1.2508143482971192, 1.2467459812545776, 1.1025837820053102, 1.0137132671356202, 0.9726921323776245, 0.938985060005188, 0.9090668341255188, 0.8799632999038697, 0.852160225429535, 0.8257425650405884, 0.8004050562095643, 0.77632302110672, 0.7530484532356262, 0.7301356258964539, 0.7083607906723023, 0.6858194514656067, 0.6652744137001038, 0.6454308059501648, 0.6256982480239868, 0.607095166797638, 0.5889118579864502, 0.5710776514434814, 0.5537459650611878, 0.5379505592536926, 0.52153051902771, 0.5064405465316772, 0.4907951114845276, 0.47647835180282594, 0.4624603104972839, 0.4495078140640259, 0.4354487452983856, 0.4227396871852875, 0.409898805437088, 0.3975634405040741, 0.38612866334915164, 0.374964919834137, 0.36450429607391355, 0.3545019864368439, 0.34433790170669554, 0.3344527952671051, 0.3261248189640045, 0.3160490951442719, 0.3095635500431061, 0.30709069829940794, 0.3050378403663635, 0.30286288529396055, 0.30087617782592774, 0.2989829234790802, 0.29752409225463866, 0.2954793869400024, 0.29380686155319213, 0.2917707734298706, 0.2899560604095459, 0.2883196287536621, 0.2865141274738312, 0.2846351474380493, 0.2828832423019409, 0.2814432493686676, 0.2794339424800873, 0.2777955164527893, 0.2762321602344513, 0.2745832998561859, 0.27272714319229124, 0.27107004390716555, 0.26971934092521666, 0.26788213732719424, 0.2663243400382996, 0.2649267852497101, 0.262825050573349, 0.2616073871135712, 0.2599623201370239, 0.25822626497268675, 0.2567193590450287, 0.255327476272583, 0.2535595471763611, 0.2522131822872162, 0.250652417640686, 0.24916992510318756, 0.24748577293395996, 0.24617330847263336, 0.24456618284225465, 0.2432569183111191]
0,0.9130434782608695
1,0.8709677419354839
2,0.8695652173913043
3,0.7931034482758621
4,0.7741935483870968
5,0.75
6,0.9565217391304348
7,0.7692307692307693
8,1.0
9,1.0
10,0.45
11,0.47619047619047616
12,0.85
13,0.6521739130434783
14,0.7777777777777778
15,0.875
16,0.8461538461538461
17,0.9523809523809523
18,0.7058823529411765
19,0.88
20,0.8888888888888888
21,0.8947368421052632
22,0.9411764705882353
23,0.8076923076923077
24,0.8260869565217391
25,0.5416666666666666
26,0.9166666666666666
27,0.7916666666666666
28,0.84
29,0.7241379310344828
30,0.8148148148148148
31,0.76
32,0.6818181818181818
33,0.6551724137931034
34,0.92
35,0.45454545454545453
36,0.9523809523809523
37,0.7894736842105263
38,0.8461538461538461
39,1.0
40,0.6428571428571429
41,0.9090909090909091
42,0.8260869565217391
43,0.9130434782608695
44,0.5652173913043478
45,0.7105263157894737
46,0.5454545454545454
47,0.782608695652174
48,1.0
49,0.8235294117647058
50,0.7272727272727273
51,0.8571428571428571
52,0.75
53,0.9310344827586207
54,0.9545454545454546
55,0.6666666666666666
56,0.8636363636363636
57,0.6785714285714286
58,0.9714285714285714
59,0.75
60,0.8888888888888888
61,0.8620689655172413
62,0.8076923076923077
63,0.7083333333333334
64,0.631578947368421
65,0.6363636363636364
66,0.8076923076923077
67,0.6956521739130435
68,0.9523809523809523
69,0.8333333333333334
70,0.9666666666666667
71,0.8095238095238095
72,0.5
73,0.6875
74,0.6060606060606061
75,0.9642857142857143
76,0.9047619047619048
77,0.6470588235294118
78,0.7368421052631579
79,0.8214285714285714
80,0.7586206896551724
81,0.9523809523809523
82,0.972972972972973
83,0.8666666666666667
84,0.8888888888888888
85,1.0
86,0.75
87,0.8666666666666667
88,0.9047619047619048
89,0.9285714285714286
90,0.9166666666666666
91,0.8974358974358975
92,0.68
93,0.8571428571428571
94,0.9565217391304348
95,0.5862068965517241
96,0.43478260869565216
97,0.75
98,0.6538461538461539
99,0.9130434782608695
16
7
91
43
14
92
6
89
13
85
47
27
81
63
59
61
78
24
53
17
27
43
10
54
25
79
68
99
69
64
83
41
23
48
47
20
87
90
52
26
83
57
20
20
7
83
27
45
68
93
86
12
60
73
99
18
62
74
26
58
88
97
88
19
34
71
19
48
91
48
58
16
63
3
55
4
32
15
98
32
14
87
38
12
8
45
92
31
62
61
89
92
78
83
45
85
28
37
54
30
95
7
59
24
94
7
94
94
11
42
65
52
40
38
55
4
82
34
75
51
74
34
5
85
30
74
22
19
81
92
27
52
6
44
92
65
69
84
0
43
48
67
62
89
83
67
37
19
8
68
75
3
53
70
39
0
95
51
58
19
89
90
81
61
41
77
52
66
68
80
4
46
5
66
35
36
88
14
75
53
3
25
98
82
7
90
61
7
91
1
5
17
72
41
94
33
67
33
39
23
6
31
63
71
67
45
84
46
74
49
77
97
50
55
51
27
36
3
41
47
54
81
37
75
55
71
14
24
9
44
57
83
45
61
52
42
89
61
85
39
7
25
98
1
70
70
49
70
87
89
41
85
97
36
83
82
51
11
7
74
80
2
9
78
40
36
91
91
99
73
79
83
42
70
90
50
82
24
38
16
28
39
7
63
10
51
96
51
29
66
83
30
84
44
5
91
53
74
72
15
15
44
5
66
77
55
48
73
72
65
77
3
13
18
92
55
13
72
29
91
91
61
75
58
71
70
98
52
94
89
90
56
57
43
60
25
30
59
78
6
80
80
54
83
60
76
54
18
14
26
9
81
85
32
63
43
30
87
44
26
99
70
8
90
65
80
89
17
39
53
66
48
5
88
25
42
87
37
8
91
16
27
33
16
89
5
76
83
74
85
24
3
32
76
33
94
52
46
95
40
58
84
6
91
63
98
66
41
79
0
23
14
80
86
75
45
6
22
33
76
52
81
90
22
34
45
48
7
30
2
1
23
3
22
5
80
93
27
39
41
92
53
54
63
18
10
26
8
59
8
88
62
29
30
73
2
33
39
4
22
45
83
58
73
18
84
4
5
45
18
23
29
85
34
42
16
86
99
95
45
10
0
46
2
44
86
54
29
85
82
91
82
17
47
58
12
26
54
28
58
79
1
45
99
16
3
33
23
91
73
1
1
35
32
19
88
11
29
56
0
54
61
20
13
17
53
89
18
81
6
47
41
26
26
25
60
22
72
4
47
24
79
78
17
7
0
87
26
73
14
56
57
12
54
21
79
8
43
39
61
40
53
98
4
31
8
57
33
82
35
6
94
16
65
22
16
64
57
2
3
88
72
58
27
36
13
91
84
9
89
9
65
85
70
59
93
2
59
79
70
34
97
99
49
18
55
70
21
38
34
61
69
37
96
24
3
78
26
63
35
1
84
22
86
55
91
13
90
68
60
84
0
34
54
32
92
14
49
35
86
3
89
18
15
66
35
50
12
41
31
34
93
84
26
74
44
50
57
54
11
73
44
66
60
26
58
82
67
98
89
28
55
95
76
60
76
91
37
2
4
62
43
91
48
27
34
42
34
53
3
28
8
40
44
47
61
60
73
61
26
63
63
49
92
92
6
55
87
18
20
55
0
85
75
18
23
66
95
81
58
73
60
21
53
19
87
47
79
90
75
27
15
41
39
99
33
94
45
91
36
77
3
75
62
94
61
50
38
12
1
0
30
84
98
29
7
18
48
89
91
84
63
62
31
40
27
30
43
86
96
96
65
25
14
28
75
2
81
22
73
79
5
28
56
81
15
84
69
30
6
68
70
81
74
7
80
3
60
5
14
48
18
0
70
38
26
24
69
86
9
42
41
39
27
0
70
85
9
43
79
77
75
74
80
42
62
8
0
36
89
43
46
69
56
42
22
71
98
55
99
16
0
21
2
1
63
47
43
92
75
68
18
1
39
63
98
47
90
2
28
37
61
31
9
4
92
38
93
28
39
18
41
44
49
92
11
19
91
82
4
60
34
56
19
32
74
16
99
73
98
8
58
93
87
35
77
35
43
52
6
4
27
8
63
26
34
39
97
47
75
33
87
49
46
16
33
76
41
97
8
75
17
55
93
4
4
41
60
30
65
21
53
90
54
87
86
37
47
19
2
73
55
25
62
26
19
28
15
73
59
69
45
92
39
42
58
49
48
44
71
48
69
9
65
37
46
71
66
66
88
82
1
39
88
93
82
7
17
56
40
70
1
68
52
69
45
16
62
85
12
99
88
40
68
36
60
17
26
20
46
75
61
70
58
88
51
75
73
70
37
28
90
55
88
68
38
73
7
16
58
61
39
56
17
33
77
50
87
75
4
16
94
55
76
60
97
1
0
75
31
97
60
75
52
6
43
14
84
14
51
1
88
53
66
5
56
32
59
40
24
86
54
54
88
61
87
54
24
18
85
17
90
22
86
77
79
94
45
0
39
89
82
41
87
91
73
4
62
55
46
10
46
28
38
27
70
13
7
15
24
76
98
73
79
15
47
47
93
73
81
26
70
95
60
70
11
82
66
34
6
65
62
16
31
36
88
47
48
79
50
75
83
66
68
97
64
16
61
16
95
18
29
10
53
9
38
43
74
15
1
33
96
1
84
69
81
10
33
80
68
30
8
3
81
26
18
55
2
40
55
5
53
34
27
93
18
44
93
85
91
46
31
69
47
57
95
85
80
1
82
45
66
80
58
31
42
23
90
18
83
31
51
80
23
64
61
16
51
99
28
19
63
93
97
78
34
27
13
50
17
28
29
10
61
83
83
53
73
7
59
82
34
15
68
68
34
82
75
37
8
94
16
24
21
8
96
53
49
38
85
27
32
96
20
29
43
69
94
26
54
23
91
34
48
23
53
69
0
59
57
69
73
27
12
42
61
21
65
88
28
15
24
1
77
67
82
5
64
51
59
79
70
46
1
59
87
60
96
76
45
15
7
1
35
94
79
13
71
26
55
60
73
9
75
5
72
27
96
38
56
45
36
40
47
2
14
85
30
83
51
7
31
99
87
15
29
63
66
62
80
24
57
43
78
49
99
95
93
63
71
78
86
64
4
92
62
50
17
98
21
32
57
61
2
6
70
82
82
94
95
81
96
1
33
67
31
60
99
44
63
62
82
36
60
31
47
75
77
29
94
27
70
95
32
38
67
37
2
65
40
53
87
95
53
42
43
89
69
93
81
84
71
31
33
91
75
85
47
97
62
13
34
46
83
92
53
46
66
45
48
94
10
69
60
42
35
59
52
80
57
4
83
89
71
58
52
46
58
98
22
62
52
2
58
77
96
86
33
58
69
97
14
51
2
4
45
58
42
6
80
81
99
28
36
57
88
25
38
71
47
53
48
79
59
29
82
90
18
81
17
14
69
25
32
39
1
89
4
67
99
28
98
88
20
50
18
60
48
69
93
86
6
39
72
15
37
77
48
31
89
67
79
38
23
21
96
11
87
84
30
58
30
46
31
45
59
77
74
41
8
19
54
4
68
9
91
67
19
40
71
77
38
9
82
3
76
20
60
42
94
66
72
6
25
61
36
4
14
10
60
77
62
85
75
61
27
93
23
33
88
18
58
51
83
23
85
56
20
6
20
30
52
19
85
98
18
26
0
56
47
92
52
10
51
3
3
23
9
77
43
15
3
77
19
73
77
7
29
4
61
50
30
39
62
19
17
9
17
28
45
28
12
41
48
63
71
12
2
77
98
3
46
15
84
19
66
70
62
34
94
30
11
45
99
33
90
16
59
4
24
71
3
19
14
23
68
45
81
61
90
21
57
22
87
82
12
38
10
93
44
84
41
64
76
25
91
94
42
79
19
76
87
18
51
1
50
17
6
45
23
0
55
91
48
95
48
45
54
69
82
68
56
86
80
37
67
71
25
50
60
79
0
73
55
46
80
2
32
92
61
76
97
13
30
27
74
8
17
42
91
46
36
69
50
57
84
76
85
3
91
44
76
13
8
92
85
82
7
73
89
64
42
39
26
80
4
15
74
16
62
94
60
91
83
62
85
48
59
11
5
2
55
75
75
4
31
72
17
89
70
19
36
93
67
83
63
2
62
37
35
99
77
56
22
84
14
71
94
44
37
41
52
91
85
43
82
69
80
42
96
47
22
1
11
78
72
93
85
12
63
65
25
44
2
86
44
59
2
54
35
56
75
52
76
20
48
97
9
41
38
84
3
36
43
84
18
6
9
72
38
6
75
15
29
11
20
95
3
58
74
14
83
91
74
86
86
74
58
36
90
8
49
65
40
26
14
81
0
58
96
1
61
59
21
60
89
82
61
80
52
65
55
32
77
69
26
42
79
11
20
38
52
15
79
65
63
52
26
29
3
79
39
30
99
5
8
19
52
40
58
54
82
31
96
93
70
99
21
17
56
64
74
1
92
61
85
78
58
10
53
74
47
5
34
81
64
77
30
66
63
35
93
46
44
45
87
63
87
26
41
70
57
21
32
90
36
85
3
87
21
87
71
83
27
74
1
8
93
98
61
88
90
10
83
55
85
34
24
74
49
12
28
74
78
58
45
87
79
63
14
47
31
77
52
60
71
25
67
81
98
54
67
17
21
1
88
21
77
95
91
12
15
82
22
16
66
5
41
29
29
73
67
81
63
53
23
81
86
78
71
28
75
35
62
79
16
8
77
22
81
87
83
65
62
49
70
57
63
44
40
91
23
13
80
6
42
35
30
63
35
5
41
36
52
12
43
86
97
53
50
55
3
61
20
22
57
25
71
72
68
20
49
67
87
16
41
66
72
10
54
70
15
42
6
85
8
2
5
45
77
71
56
99
67
18
2
76
50
30
53
91
81
65
92
23
11
72
40
74
62
11
23
78
96
67
50
8
15
4
80
27
60
7
54
48
16
57
94
30
92
43
62
58
19
23
38
65
33
95
10
99
86
53
89
11
52
58
54
85
74
72
82
72
32
43
31
34
47
52
40
53
45
8
83
3
90
12
28
53
27
59
4
33
92
89
44
12
55
89
98
78
82
91
31
91
47
9
73
69
36
26
91
95
37
61
83
69
11
64
76
80
78
90
98
94
24
39
1
33
49
55
79
39
15
99
3
41
66
80
27
45
55
32
5
45
9
93
33
65
35
24
56
65
11
38
23
39
25
97
58
46
47
93
56
98
82
41
38
51
79
88
18
95
64
45
96
49
64
40
36
97
40
45
49
62
10
56
4
79
81
91
5
87
3
50
80
86
89
17
12
80
32
6
32
40
13
98
37
21
76
74
59
49
30
33
80
51
66
87
38
63
53
98
48
24
13
31
29
84
46
61
24
34
46
45
99
27
51
91
26
72
50
57
4
60
90
86
9
46
92
99
77
57
14
2
70
69
69
91
79
77
58
0
20
6
85
82
79
58
72
58
3
85
65
70
44
97
35
53
37
73
28
41
50
24
31
95
1
2
36
59
99
55
85
0
71
64
82
62
31
86
57
72
73
80
91
84
85
90
69
82
21
89
68
68
76
31
58
8
37
13
95
78
88
96
99
72
12
92
8
82
78
97
62
50
4
12
29
38
77
56
18
77
63
95
54
53
45
16
73
79
33
6
86
19
97
4
9
57
89
18
5
26
49
11
14
80
83
3
27
30
59
74
29
59
90
14
77
72
7
75
27
16
30
64
83
65
51
42
70
