overall_acc,0.7972
loss,[10.961815758056641, 6.295945972595215, 4.224660013885498, 3.2808758634185793, 2.833664400100708, 2.6265733227539063, 2.4984235608673098, 2.4297951109313964, 2.4044211629486085, 2.3661432218170164, 2.357373104171753, 2.3396913307952882, 2.338988269958496, 2.32169153465271, 2.3167075834655764, 2.3019025843811036, 2.3150408418273924, 2.306558493041992, 2.302673158950806, 2.3177484227752685, 2.318234592437744, 2.3036883227539064, 2.309637906036377, 2.3133138803863527, 2.3115782875823974, 2.334467617340088, 2.3168616343688964, 2.3385105375671387, 2.343167442779541, 2.3391987658691407, 2.339411283340454, 2.3608089413452147, 2.3677241073608397, 2.3670747885131838, 2.377276735153198, 2.395763307266235, 2.3856165737152097, 2.4100670500183106, 2.405991498641968, 2.422534984359741, 2.437239881591797, 2.450213656005859, 2.4419299812316893, 2.457437445602417, 2.469892591629028, 2.470919372711182, 2.4751770908355715, 2.4747883334350584, 2.483979207687378, 2.488514221954346, 2.496811774978638, 2.511811934967041, 2.5099102561187743, 2.522917593460083, 2.510777280960083, 2.522899796218872, 2.5256418785095214, 2.5345437424468993, 2.5476494258880615, 2.534770161743164, 2.020054659805298, 1.6470925510787964, 1.4402171447372436, 1.2950579321670532, 1.201508757133484, 1.1431309592819214, 1.1130185875320435, 1.1078488356018066, 1.1040387278747559, 1.1019877278900148, 1.1000007191467285, 1.0967757424163818, 1.113689960823059, 1.1132628076934814, 1.1262933184814452, 1.1259251890182496, 1.121706715965271, 1.128096014137268, 1.1389635998916625, 1.1327975813293456, 1.1335876602554322, 1.1438901146697997, 1.1415888726043701, 1.1456613616943359, 1.15926087890625, 1.1556894807815552, 1.1560354404449462, 1.1566314965820312, 1.1786808113098144, 1.1819599549102784, 1.1824275576019287, 1.1798634705352784, 1.1804883803939819, 1.1925630136489869, 1.194134674797058, 1.1996563282775878, 1.1803666219329834, 1.1889132048416138, 1.210662317466736, 1.2066653386688233, 1.2084646818542482, 1.200516438179016, 1.2075021300125122, 1.2116467217636109, 1.2165269921493531, 1.2222507540893555, 1.2193300456619263, 1.222409217453003, 1.2178572500610352, 1.2178439475631715, 1.2296842858505248, 1.2337325606155396, 1.2207475591278076, 1.2255335906600953, 1.2421023025894165, 1.2242171393203736, 1.2386010927200317, 1.2387373455047608, 1.2381279944992065, 1.2363831579208373, 1.093215394706726, 1.0018262810707093, 0.9628399126434326, 0.9294947306632996, 0.899078047580719, 0.8711288735771179, 0.843911168346405, 0.8177043999290466, 0.7926313388824463, 0.7687564253997803, 0.7455837300682068, 0.7229544378471374, 0.7010749523353577, 0.6795710578918457, 0.6591318304634094, 0.6391925556373597, 0.6195351620674133, 0.6014654968643188, 0.5834729061698913, 0.5655853737449646, 0.5489769966125488, 0.5331462136268615, 0.5170599407958985, 0.5018746668148041, 0.4864322395133972, 0.47231618209838866, 0.45822333481788635, 0.4447172449684143, 0.4313269672393799, 0.4188956502914429, 0.40642144642829897, 0.39446379645347596, 0.38231393592834473, 0.3718492917537689, 0.3609496938419342, 0.35012422154426576, 0.3401355322933197, 0.3306058737754822, 0.321834626455307, 0.31318920682907103, 0.30650344915390015, 0.3040522989368439, 0.30196578783035277, 0.2998301096820831, 0.2981929259777069, 0.29597856321334837, 0.29416191721916196, 0.2923735969543457, 0.2904303406047821, 0.2888898103523254, 0.2868512492275238, 0.28524470854759215, 0.283570228433609, 0.281782003326416, 0.279927163066864, 0.27837050981521605, 0.27670800415039065, 0.27510368740081786, 0.2736191108131409, 0.2716619071292877, 0.26997734882354735, 0.2683695034313202, 0.2667156506252289, 0.2650103398895264, 0.2635641652870178, 0.2618105817890167, 0.2603386617469788, 0.2588976976966858, 0.257344691362381, 0.25591023698806764, 0.2539914175033569, 0.2526089339923859, 0.2510515553712845, 0.249543304438591, 0.24803553754329682, 0.2464927480649948, 0.24517068020820618, 0.24360370958805083, 0.2421436285352707, 0.24064815628051758]
0,0.9565217391304348
1,0.967741935483871
2,0.782608695652174
3,0.896551724137931
4,0.8064516129032258
5,0.75
6,0.782608695652174
7,0.8076923076923077
8,1.0
9,1.0
10,0.45
11,0.6190476190476191
12,0.85
13,0.6956521739130435
14,0.8148148148148148
15,0.8333333333333334
16,0.9615384615384616
17,0.9523809523809523
18,0.7941176470588235
19,0.8
20,0.9444444444444444
21,0.8421052631578947
22,0.8823529411764706
23,0.7692307692307693
24,0.8260869565217391
25,0.5833333333333334
26,0.8333333333333334
27,0.9166666666666666
28,0.84
29,0.7241379310344828
30,0.7777777777777778
31,0.8
32,0.6363636363636364
33,0.5862068965517241
34,0.88
35,0.5454545454545454
36,0.8095238095238095
37,0.7368421052631579
38,0.8461538461538461
39,1.0
40,0.75
41,0.9090909090909091
42,0.8260869565217391
43,0.8260869565217391
44,0.6521739130434783
45,0.6842105263157895
46,0.5909090909090909
47,0.7391304347826086
48,1.0
49,0.8823529411764706
50,0.7272727272727273
51,0.6190476190476191
52,0.9
53,0.896551724137931
54,0.9545454545454546
55,0.6190476190476191
56,0.8636363636363636
57,0.7142857142857143
58,0.8857142857142857
59,0.625
60,0.8148148148148148
61,0.7241379310344828
62,0.8076923076923077
63,0.7916666666666666
64,0.6842105263157895
65,0.6818181818181818
66,0.7692307692307693
67,0.6521739130434783
68,0.9523809523809523
69,0.8666666666666667
70,0.7333333333333333
71,0.8095238095238095
72,0.5454545454545454
73,0.65625
74,0.696969696969697
75,0.8928571428571429
76,0.8571428571428571
77,0.7058823529411765
78,0.8421052631578947
79,0.8571428571428571
80,0.7586206896551724
81,0.8571428571428571
82,0.9459459459459459
83,0.7666666666666667
84,0.8888888888888888
85,0.9333333333333333
86,0.7857142857142857
87,0.9
88,0.9523809523809523
89,0.9285714285714286
90,0.9166666666666666
91,0.8205128205128205
92,0.72
93,0.7619047619047619
94,0.9565217391304348
95,0.6551724137931034
96,0.6086956521739131
97,0.7916666666666666
98,0.5769230769230769
99,0.9130434782608695
16
7
91
43
14
92
6
89
13
85
47
27
81
63
59
61
78
18
53
17
26
43
10
54
40
79
68
31
69
64
83
41
23
35
96
20
87
90
52
26
83
41
20
20
7
83
27
45
68
93
86
12
60
73
99
1
70
80
26
58
88
64
88
19
34
23
19
78
44
48
58
16
63
43
71
4
1
15
98
32
14
87
38
96
8
45
92
31
62
61
89
92
78
83
45
85
28
37
54
72
95
7
59
24
94
7
94
94
11
42
65
52
40
97
4
80
82
46
75
93
80
34
5
85
30
74
22
95
81
92
44
52
6
44
62
65
69
84
0
43
48
67
62
89
53
18
81
19
8
68
75
3
83
62
39
0
95
51
58
19
89
90
81
61
41
33
52
66
68
80
4
46
25
27
35
50
88
40
75
53
3
5
35
82
7
90
61
7
91
1
5
17
72
41
94
33
67
12
39
23
27
31
63
71
67
45
84
46
74
33
77
66
50
11
51
85
36
3
41
47
54
87
37
75
74
71
14
46
9
78
57
83
45
22
52
63
89
22
85
39
7
25
98
57
70
54
49
70
87
89
38
11
97
36
83
82
38
46
7
74
80
2
9
78
40
54
91
91
78
73
69
83
42
62
90
50
82
24
65
16
28
39
7
63
10
51
96
77
29
26
53
30
84
27
5
91
53
74
72
15
15
44
5
66
16
55
48
95
18
64
77
3
13
18
92
55
13
72
29
91
91
99
75
58
71
54
98
52
94
89
90
59
57
43
60
41
30
59
78
6
80
80
54
99
60
76
54
18
14
26
9
81
85
32
63
43
23
87
44
26
99
70
8
12
65
80
41
17
39
53
66
48
5
88
13
67
87
37
40
91
16
27
33
16
89
5
69
83
74
85
24
72
32
76
33
5
52
46
72
40
58
84
54
91
38
46
66
18
26
0
23
14
21
86
75
45
6
22
33
76
52
81
90
22
34
45
78
7
30
11
1
23
3
22
5
80
93
27
39
79
92
53
54
63
18
84
99
8
59
8
88
62
29
73
73
2
33
39
63
61
45
83
58
30
18
84
4
5
57
18
23
29
85
34
42
16
86
99
95
45
97
0
87
32
44
86
92
44
85
82
91
82
17
47
85
12
26
54
28
58
79
1
88
99
16
3
33
62
61
73
1
1
35
32
19
88
11
29
56
0
54
61
20
13
17
53
89
18
81
6
96
41
19
26
25
60
22
1
4
47
24
90
78
17
7
0
87
26
73
14
56
44
12
54
80
79
8
43
39
51
40
53
98
4
31
8
57
33
96
35
6
94
94
65
22
16
64
57
98
38
88
72
58
27
36
13
91
84
9
89
9
65
85
70
59
7
2
52
79
70
34
97
99
49
18
55
70
64
38
34
61
69
37
96
24
3
78
72
74
2
1
84
22
86
4
91
13
90
68
60
84
0
80
18
32
92
14
49
35
86
3
89
44
15
66
35
50
12
41
31
34
93
84
26
74
78
50
57
54
11
67
44
66
60
79
58
82
67
98
89
28
55
95
76
60
76
91
37
2
3
62
43
91
48
27
34
42
34
53
3
28
8
40
44
47
61
60
67
61
26
63
18
49
92
92
6
57
68
18
20
72
0
85
65
18
23
66
95
81
58
73
60
21
62
19
87
47
79
90
75
73
15
41
39
99
46
94
45
91
36
77
72
75
62
94
61
50
38
12
1
0
30
84
98
29
7
18
48
89
91
84
32
62
31
40
55
30
43
86
96
18
65
20
14
28
75
11
81
10
44
79
5
33
56
81
31
84
69
30
6
68
70
81
74
7
67
55
60
5
14
48
83
0
92
38
26
24
69
16
9
88
41
39
27
0
70
85
9
43
79
77
75
74
80
42
62
8
0
36
89
4
46
69
56
42
22
71
35
72
40
16
0
21
2
1
64
47
43
92
75
68
18
1
25
96
46
47
90
46
28
37
61
31
77
4
92
38
93
28
39
44
41
44
49
1
11
19
91
82
4
60
34
56
19
32
74
76
99
49
98
8
58
93
87
11
24
35
43
52
6
4
27
8
63
26
34
39
97
37
75
33
87
49
46
16
33
76
41
97
8
75
17
55
93
27
4
41
49
73
31
21
77
90
54
87
86
37
47
19
2
73
55
25
62
26
19
28
15
14
52
17
45
92
39
42
58
49
48
44
71
48
69
9
26
37
46
71
66
66
88
82
1
39
88
93
82
7
17
56
40
70
1
68
52
69
45
16
62
85
12
99
88
40
68
36
60
17
87
20
46
75
22
70
58
97
51
75
73
54
37
28
90
55
88
68
38
73
7
16
58
61
39
56
17
33
77
63
87
63
4
16
94
55
76
60
97
1
0
75
31
55
71
75
52
6
43
14
84
14
18
1
88
53
66
5
56
32
52
40
24
86
54
54
88
61
87
54
24
16
85
17
90
22
86
77
79
94
45
0
39
89
82
41
87
91
73
55
62
3
46
10
46
28
38
72
70
13
29
15
26
76
98
73
79
15
47
47
93
73
81
26
70
95
60
70
11
82
66
34
6
65
62
74
31
36
88
47
48
79
50
15
57
66
68
97
64
16
10
16
84
18
29
63
53
9
38
3
74
15
1
93
96
1
84
69
13
10
33
80
68
30
8
3
81
45
18
20
35
28
72
5
53
34
27
93
18
44
93
37
91
46
21
69
47
57
95
85
80
1
82
45
66
80
58
31
42
23
90
18
83
31
51
80
23
64
61
40
51
99
28
19
63
26
97
78
34
90
13
74
17
28
29
10
61
83
83
53
73
7
59
82
34
15
68
68
34
82
75
37
8
94
16
24
21
8
96
53
67
38
85
27
32
96
20
29
43
69
94
26
82
23
91
34
48
23
53
5
0
42
57
69
73
27
12
42
61
21
95
88
28
15
24
1
77
72
82
5
64
51
52
79
70
46
1
59
87
60
88
76
45
55
7
1
35
94
79
16
71
26
55
60
73
9
75
5
72
27
96
38
56
4
29
40
96
98
18
85
30
83
51
79
25
99
86
15
29
63
66
62
80
24
57
43
78
49
99
95
93
63
71
77
86
64
4
3
62
65
17
98
21
32
57
99
98
6
70
82
82
94
95
81
96
77
49
67
38
60
8
74
63
62
82
36
12
31
47
75
77
29
94
27
62
95
46
38
67
37
2
65
40
53
87
95
53
42
43
89
69
93
81
40
71
31
33
73
75
85
47
97
92
13
33
46
83
92
53
46
66
45
48
94
10
69
60
42
35
59
52
44
57
4
83
89
71
68
52
46
58
11
22
62
52
2
58
77
96
86
33
58
69
97
14
51
2
4
45
58
97
6
75
81
99
28
50
57
88
25
38
71
47
53
48
79
59
29
82
90
93
81
17
14
69
25
32
39
10
89
4
67
99
28
98
88
20
74
18
60
48
69
18
97
6
39
73
15
37
38
48
2
89
67
79
38
23
21
96
11
16
84
30
13
73
98
31
83
59
77
4
41
8
19
54
4
68
9
91
67
3
40
71
57
38
9
82
3
76
20
71
42
94
66
72
6
25
61
36
4
14
31
60
77
62
27
33
16
67
93
23
33
88
18
58
51
33
23
85
56
20
7
20
30
56
19
4
98
18
26
0
56
47
57
52
10
40
21
3
71
9
77
43
15
72
77
19
73
24
7
37
4
61
50
30
39
33
19
17
9
17
28
45
16
12
41
49
63
60
12
2
77
98
68
46
15
84
19
66
70
92
34
94
73
11
69
99
33
90
16
56
4
24
71
3
19
14
23
68
45
81
61
90
21
57
22
87
82
12
38
10
93
51
84
41
50
76
25
91
94
42
79
19
76
87
18
51
1
50
94
6
45
23
0
55
91
48
95
48
45
54
69
83
68
56
86
80
47
67
71
25
50
60
79
0
44
55
46
93
2
32
92
61
69
97
13
30
27
74
8
17
42
91
35
36
69
50
57
84
76
85
3
91
79
76
13
8
92
69
82
79
73
89
32
42
39
26
80
32
15
74
16
70
94
60
91
83
62
85
48
59
11
5
2
67
75
75
4
3
72
17
89
92
19
36
22
67
83
63
2
92
37
2
99
77
56
22
84
14
71
94
44
12
41
52
91
85
43
82
69
80
42
96
47
22
1
11
78
72
93
85
18
63
65
25
44
2
22
44
59
2
54
35
56
75
52
76
20
48
97
9
1
38
5
3
50
43
84
18
6
9
72
38
14
75
15
29
35
20
95
3
58
74
44
83
32
74
86
86
44
58
36
90
8
49
65
40
1
14
37
0
58
96
1
61
59
21
60
89
82
61
80
52
65
55
32
77
69
26
42
79
11
20
38
52
15
7
65
63
47
26
29
3
79
39
30
99
5
8
67
52
40
58
54
82
3
82
93
70
99
21
17
56
64
74
1
92
61
85
78
58
10
53
74
47
5
34
81
64
77
30
66
63
88
93
46
18
74
87
63
87
26
41
70
57
21
32
90
36
85
65
87
21
87
71
83
27
74
1
8
6
98
61
88
90
10
83
55
13
34
24
74
49
76
28
74
48
58
45
87
79
63
14
47
31
77
52
17
71
25
67
81
2
54
32
17
21
1
88
21
77
95
91
12
15
82
22
16
66
25
1
29
31
73
27
81
63
53
23
81
86
42
71
28
75
35
62
79
16
8
7
22
90
87
83
65
62
49
70
57
75
77
40
91
23
13
80
6
42
98
30
67
11
94
41
36
52
12
43
86
97
53
50
97
3
61
20
22
57
25
71
72
68
20
49
67
87
16
41
66
72
12
51
83
15
42
6
12
8
2
25
45
85
71
56
99
67
44
2
76
50
30
53
91
81
65
70
23
11
72
40
30
62
11
23
78
96
67
65
8
15
4
80
27
60
7
54
48
16
57
94
30
92
43
62
58
19
23
38
40
33
95
61
99
86
53
89
11
52
58
54
85
74
72
82
72
32
43
81
34
47
52
69
53
45
8
83
3
90
40
28
53
27
59
4
33
92
89
44
12
4
89
98
78
82
91
31
91
47
9
73
69
36
45
44
95
37
61
83
69
11
18
76
33
10
90
35
94
24
39
1
33
37
55
7
39
15
99
3
41
66
80
27
45
72
32
5
45
9
44
33
87
35
24
59
65
11
38
23
39
25
97
58
25
47
29
56
98
82
41
38
51
79
34
18
95
64
78
96
49
64
40
36
97
40
33
49
62
10
56
4
18
81
91
5
87
3
50
80
86
89
17
12
80
43
24
32
40
13
98
59
21
76
14
59
49
30
33
80
51
66
87
38
63
53
4
48
24
13
31
29
84
46
61
24
34
98
45
99
27
51
91
0
72
50
57
63
60
90
86
9
11
92
99
77
57
14
2
70
69
69
91
79
93
58
0
20
7
24
82
79
58
72
58
4
85
55
70
29
97
46
53
37
30
28
86
50
24
31
95
1
2
36
96
99
91
85
0
60
64
82
62
31
86
53
72
73
63
91
84
85
90
69
82
21
89
68
68
76
31
58
8
81
13
30
78
88
47
99
42
12
92
8
82
78
97
62
74
4
12
29
97
77
56
18
77
3
95
54
57
45
16
73
29
47
14
86
19
97
4
9
57
89
18
5
26
49
11
14
80
83
3
27
30
52
74
29
52
90
14
77
3
7
75
27
16
30
55
83
14
51
42
70
