overall_acc,0.7952
loss,[10.883317506713867, 6.273117855529785, 4.21717651687622, 3.2716253943634035, 2.829681171569824, 2.60625050201416, 2.4885870781707764, 2.4312300330352783, 2.391551122970581, 2.371165036239624, 2.3429457361602783, 2.3383921044921876, 2.32866841796875, 2.314934266662598, 2.3117691488647463, 2.318922603149414, 2.3114388608551026, 2.312865278167725, 2.2978888872528076, 2.3079840866088865, 2.2990455098724367, 2.301790580444336, 2.307403399887085, 2.3100219942474367, 2.313022349395752, 2.3227401264953613, 2.323874166717529, 2.327109485244751, 2.326777738647461, 2.3341046448516845, 2.3535967210388185, 2.3576637546539305, 2.355778144302368, 2.375447226791382, 2.3821770985412596, 2.3794647135162355, 2.4028185095977785, 2.4049474796295165, 2.4159665154266357, 2.4247951181793215, 2.4243701391601564, 2.44458879486084, 2.4446929876708983, 2.46138777671814, 2.4741292863464355, 2.47990590927124, 2.4786729693603515, 2.498967784805298, 2.5091811876678465, 2.514607161178589, 2.515198483276367, 2.525890563583374, 2.537146571960449, 2.5311993643188475, 2.541263350982666, 2.5520397982025145, 2.5508297969055174, 2.5429214569854737, 2.545027196121216, 2.562442407684326, 2.032176513557434, 1.6626444744873048, 1.4543884762573243, 1.3003337060165405, 1.2037902140045167, 1.1528838821792602, 1.1151628188323974, 1.1088591997528077, 1.0904311141204834, 1.0942793785095215, 1.0981664101791382, 1.108905546875, 1.1093025828170777, 1.108140883216858, 1.12714050201416, 1.120536729927063, 1.1154289695739745, 1.1336356733703614, 1.1326649740982055, 1.1457726695251464, 1.1407091996383667, 1.1422354845428466, 1.1494187166976928, 1.1553427180862428, 1.167485590133667, 1.1645422092056275, 1.1707887253952027, 1.1753152528762818, 1.1745935772705078, 1.1763532418823242, 1.1754161512374879, 1.1875643290328979, 1.1938428525161744, 1.1906422647476196, 1.2024288194274901, 1.1876229935073852, 1.1971384503555298, 1.1985425164413452, 1.1906893114471435, 1.1923168022155761, 1.205126424484253, 1.212884282913208, 1.2211666452789307, 1.210597276954651, 1.211456830253601, 1.2185368164825439, 1.2150180648040771, 1.2101960943603516, 1.2254739475250245, 1.2094695233154298, 1.2293226426696777, 1.2277360603332519, 1.2309904166793824, 1.2247624504470824, 1.2168517079925538, 1.236805009651184, 1.231928433036804, 1.2346378436279297, 1.238220531616211, 1.2345053006362916, 1.0997596199417115, 1.005992192955017, 0.9670193645668029, 0.9341237644195557, 0.9018401768302917, 0.8735800563049316, 0.8460923615074157, 0.8203488216018677, 0.7954069048690796, 0.7707682422447205, 0.7475920337486267, 0.725050820903778, 0.702772908668518, 0.6821688502502441, 0.6607850209236145, 0.6411093225097656, 0.6217626222419739, 0.6031412011146545, 0.5851991415214538, 0.5675531175231934, 0.5507638698959351, 0.5341422531890869, 0.5180916427612304, 0.5033731965827942, 0.4875198271846771, 0.47313669723510743, 0.45916427213668826, 0.44579426268577577, 0.43289493531227113, 0.4201922472286224, 0.407814301776886, 0.3952387418460846, 0.38347404906272886, 0.372919048948288, 0.36256092044830324, 0.3520909252357483, 0.3425902029323578, 0.3329402346229553, 0.32277566589355466, 0.31406821025848386, 0.308164388999939, 0.30521214233398436, 0.3029421565437317, 0.3013910701942444, 0.29933798157691954, 0.2972954310321808, 0.29551911085128785, 0.2936202560901642, 0.29181971967697146, 0.2898537576007843, 0.28824188844680787, 0.28633668677330015, 0.284586381816864, 0.28308184432983396, 0.281068581161499, 0.2794716919803619, 0.27777273527145385, 0.27618993921279905, 0.2746590737819672, 0.27298116362571717, 0.2710353088092804, 0.2695953664970398, 0.2677951955127716, 0.26610734516143797, 0.26458560272216797, 0.26297066259384155, 0.26149596606254577, 0.2598988139247894, 0.2581142274856567, 0.25658729023933413, 0.25522068155288696, 0.2535448351860046, 0.25205188683509827, 0.2504772448158264, 0.2489535181045532, 0.24760214041233064, 0.24605151727199553, 0.24464518847942351, 0.24316767407417297, 0.24175432766914368]
0,0.9130434782608695
1,0.967741935483871
2,0.782608695652174
3,0.7586206896551724
4,0.7096774193548387
5,0.8333333333333334
6,0.782608695652174
7,0.9230769230769231
8,1.0
9,0.9473684210526315
10,0.5
11,0.42857142857142855
12,0.85
13,0.6521739130434783
14,0.8148148148148148
15,0.9166666666666666
16,0.9615384615384616
17,0.8571428571428571
18,0.6764705882352942
19,0.84
20,0.7777777777777778
21,0.8947368421052632
22,0.8823529411764706
23,0.7307692307692307
24,0.782608695652174
25,0.5416666666666666
26,0.7916666666666666
27,0.7916666666666666
28,0.84
29,0.7931034482758621
30,0.8148148148148148
31,0.68
32,0.7272727272727273
33,0.7241379310344828
34,0.8
35,0.5
36,0.9047619047619048
37,0.7368421052631579
38,0.8461538461538461
39,0.9565217391304348
40,0.8214285714285714
41,0.9090909090909091
42,0.8260869565217391
43,0.8260869565217391
44,0.4782608695652174
45,0.6842105263157895
46,0.5
47,0.6086956521739131
48,1.0
49,0.8823529411764706
50,0.8181818181818182
51,0.7619047619047619
52,0.8
53,0.896551724137931
54,0.9545454545454546
55,0.5714285714285714
56,0.8636363636363636
57,0.7142857142857143
58,0.8571428571428571
59,0.7083333333333334
60,0.8518518518518519
61,0.896551724137931
62,0.8076923076923077
63,0.7916666666666666
64,0.6842105263157895
65,0.7727272727272727
66,0.8461538461538461
67,0.5652173913043478
68,0.9523809523809523
69,0.8666666666666667
70,0.8666666666666667
71,0.7619047619047619
72,0.6363636363636364
73,0.65625
74,0.6363636363636364
75,0.9285714285714286
76,0.9047619047619048
77,0.7058823529411765
78,0.8421052631578947
79,0.8214285714285714
80,0.7586206896551724
81,0.9047619047619048
82,0.972972972972973
83,0.9
84,0.8888888888888888
85,0.9333333333333333
86,0.8571428571428571
87,0.9
88,0.9047619047619048
89,0.9285714285714286
90,0.8333333333333334
91,0.8717948717948718
92,0.72
93,0.7619047619047619
94,0.9565217391304348
95,0.6551724137931034
96,0.5652173913043478
97,0.75
98,0.5384615384615384
99,0.8695652173913043
16
7
91
43
14
92
6
89
13
85
47
27
81
63
59
10
78
18
53
17
27
43
61
54
94
79
68
31
69
64
83
41
49
11
47
20
87
90
52
26
83
67
20
20
7
83
72
45
68
93
86
12
60
73
99
1
62
44
26
58
88
64
88
19
3
71
19
48
91
48
58
16
63
3
71
4
32
15
98
32
14
87
38
12
8
45
92
31
62
61
89
92
78
83
45
85
28
37
54
30
95
7
59
24
94
7
94
94
11
42
65
52
40
38
55
80
82
46
75
93
32
34
5
85
30
74
22
95
81
92
44
52
51
18
62
65
69
84
0
43
48
67
62
89
83
18
90
19
8
68
64
3
83
70
84
0
95
77
58
55
89
90
81
61
41
77
52
66
68
80
4
46
25
74
35
50
88
7
75
53
3
5
11
82
7
81
61
7
91
1
5
37
72
41
94
33
67
79
39
23
28
31
63
71
67
45
10
32
74
33
77
65
50
3
51
55
36
3
41
47
54
87
37
75
63
71
14
0
9
2
57
83
45
22
52
32
89
22
85
39
7
25
98
19
70
70
49
70
87
89
29
4
97
36
83
82
6
11
7
74
80
2
9
78
40
36
91
91
99
73
79
83
42
62
90
50
82
24
38
16
40
39
7
63
10
51
47
44
29
66
53
30
84
44
5
26
53
74
72
15
15
93
5
66
28
55
48
95
72
64
77
3
13
18
92
55
13
51
29
91
91
61
75
58
71
70
98
52
94
89
90
56
57
43
60
90
30
59
78
74
80
80
54
83
60
76
54
18
14
26
9
90
85
32
63
43
73
87
44
26
99
70
8
90
65
80
90
17
39
53
66
48
5
97
89
38
87
37
50
91
16
27
33
16
89
5
76
83
74
85
24
72
32
76
33
5
52
46
27
40
58
84
6
91
38
98
66
41
79
0
23
14
15
86
75
45
6
22
33
76
52
81
49
22
34
45
55
7
30
2
1
23
3
22
5
80
93
27
86
79
92
53
54
63
18
84
16
8
59
8
88
62
29
30
73
2
33
39
63
32
45
83
58
73
18
84
4
5
83
18
23
29
85
34
64
16
86
31
95
45
97
0
87
35
44
86
54
29
85
82
91
82
17
32
37
12
26
54
28
58
6
1
88
99
22
3
33
23
91
73
1
1
11
32
19
88
11
29
56
0
54
61
7
13
17
53
89
18
81
6
96
41
26
26
25
60
22
73
4
87
24
90
78
17
7
0
87
26
73
14
56
18
12
54
21
79
8
43
39
51
40
53
98
4
31
8
57
33
83
35
6
94
16
65
22
16
63
57
2
3
88
72
58
27
36
13
91
84
9
5
9
65
85
70
59
90
2
59
79
70
34
97
81
49
18
55
70
27
38
34
61
69
37
96
24
15
78
51
96
35
1
84
22
86
4
91
13
90
68
60
84
0
34
18
32
92
14
52
35
86
3
89
18
15
66
35
50
12
41
31
5
93
84
26
74
72
50
57
54
11
67
44
66
60
79
58
82
50
98
89
28
55
95
76
60
76
91
37
2
4
62
43
91
48
63
34
42
34
53
21
28
8
40
44
59
61
60
93
61
26
63
63
49
92
92
6
55
76
18
20
72
0
85
75
19
23
42
95
81
58
73
60
21
62
19
87
47
79
90
75
27
15
41
39
99
33
94
45
91
36
77
3
75
92
94
61
50
38
12
1
0
30
84
98
29
7
18
48
81
91
84
63
62
31
40
55
30
61
86
96
59
43
20
14
28
75
2
81
16
44
79
5
33
56
81
15
84
69
30
6
68
70
16
74
7
67
23
60
5
14
48
83
0
70
38
78
24
69
16
9
42
41
39
27
0
70
85
9
43
79
77
75
74
80
42
45
8
0
36
89
4
46
69
56
63
22
71
98
63
40
16
0
21
98
1
64
47
43
83
65
68
18
1
25
96
46
84
90
46
28
37
61
31
9
4
92
38
93
28
39
6
41
44
49
1
11
19
91
82
4
60
34
56
19
32
74
76
99
73
98
8
58
93
87
98
79
35
43
52
6
4
27
8
63
26
34
39
97
37
75
33
87
49
46
16
33
76
41
97
8
75
17
55
93
44
4
41
60
30
55
21
77
90
54
87
86
37
47
75
2
73
55
25
62
26
19
28
15
14
52
17
45
92
39
42
13
49
48
44
71
48
69
9
26
25
46
71
66
66
88
82
1
39
88
93
82
7
17
56
51
70
1
68
52
69
45
16
62
85
12
99
88
40
68
36
60
17
87
25
32
75
61
70
58
97
51
75
73
70
37
28
90
55
88
68
38
93
6
16
58
61
39
56
17
33
77
50
87
63
4
16
94
55
76
60
97
1
0
75
31
55
71
75
52
6
43
14
84
14
51
1
88
53
66
5
56
32
52
40
24
86
54
54
88
61
87
54
24
84
85
17
90
22
86
77
79
94
45
0
39
89
82
41
87
91
73
4
62
72
98
10
46
28
38
74
70
13
7
15
26
76
98
73
79
15
47
47
93
73
81
26
70
95
60
70
11
82
66
34
6
65
62
74
31
36
88
52
48
79
50
55
57
66
68
4
64
16
61
16
84
18
29
84
57
9
38
4
74
15
1
32
67
1
84
18
81
10
33
80
68
30
8
3
81
45
18
77
35
40
55
5
53
34
27
30
6
44
93
85
7
98
31
69
47
57
95
85
80
1
82
2
66
77
58
31
42
23
90
6
83
19
51
80
23
64
61
40
51
99
28
19
63
93
97
78
34
55
13
50
17
28
29
10
61
83
83
53
73
7
59
82
34
15
68
68
34
82
75
37
8
94
16
24
21
8
96
53
49
63
22
27
32
96
20
29
43
69
94
26
82
60
91
34
48
23
53
5
0
59
57
69
73
27
12
42
61
21
72
88
28
15
24
1
77
67
82
5
64
51
47
79
70
46
1
59
87
60
88
76
45
15
14
1
35
94
79
16
71
26
55
60
73
9
75
5
72
27
96
38
33
45
80
40
47
98
7
85
30
14
51
79
13
99
86
15
29
63
66
62
80
24
57
43
78
49
99
95
93
72
12
67
86
64
4
11
62
50
37
35
21
32
57
61
2
6
1
82
82
94
95
81
96
93
33
67
38
60
20
48
63
62
82
36
12
31
47
75
77
29
94
27
70
95
32
38
32
37
2
65
40
53
87
95
53
42
43
89
69
93
81
84
71
31
33
91
75
85
47
97
1
13
3
46
62
92
53
46
66
45
48
94
61
69
60
42
35
59
52
44
57
4
83
89
71
12
52
46
58
46
22
62
52
2
58
77
96
86
33
58
69
97
14
51
2
63
67
58
42
6
75
81
99
28
50
57
88
25
38
71
47
53
48
79
59
29
82
90
93
81
17
14
69
25
32
39
10
89
4
67
99
28
98
88
20
42
18
60
48
69
18
86
6
39
25
15
37
77
48
35
89
73
77
38
72
21
96
11
89
84
30
58
30
35
72
83
59
77
74
41
8
19
54
4
68
9
91
67
19
40
71
57
38
9
82
3
76
20
60
42
94
66
72
14
25
61
36
4
14
10
60
77
70
85
66
16
27
93
23
33
88
18
58
51
83
23
85
56
20
79
20
30
96
19
55
35
18
26
0
56
47
92
52
83
51
46
3
23
9
77
43
15
72
77
19
73
24
7
37
4
61
50
30
39
43
19
17
81
17
28
45
28
12
83
49
63
60
12
2
77
11
68
46
15
84
19
66
70
62
34
94
30
2
5
99
33
90
16
56
4
24
71
3
19
14
23
68
45
81
61
90
21
0
22
87
82
12
38
10
93
77
84
41
64
76
5
91
94
42
79
19
76
87
18
51
1
50
94
6
45
23
0
55
91
89
95
48
45
54
69
82
68
56
39
80
40
67
71
25
50
60
79
0
73
55
46
80
2
32
92
50
69
97
13
30
27
74
8
17
42
91
35
36
69
50
57
84
27
85
3
73
79
76
13
8
92
69
82
7
73
89
74
42
39
78
80
63
15
50
16
70
94
60
91
83
62
85
48
33
11
5
2
55
75
75
4
31
72
17
89
92
19
36
22
73
83
63
2
62
37
11
99
77
56
22
84
14
71
94
44
12
41
52
91
85
43
82
40
97
42
96
47
22
1
11
78
72
93
85
12
63
65
25
32
2
86
44
59
2
54
35
56
75
52
76
20
48
97
9
45
38
5
3
50
43
84
18
6
9
72
38
6
75
15
29
11
20
95
3
90
74
44
83
91
74
86
10
44
58
36
90
8
49
65
61
14
14
81
0
58
96
1
61
59
21
60
89
82
61
80
52
65
55
32
77
69
26
42
79
11
20
38
52
15
7
65
63
96
26
29
3
79
39
30
99
5
8
36
52
40
58
54
82
3
82
93
70
99
21
17
56
64
74
1
92
61
85
78
58
10
53
74
47
5
34
81
64
77
67
66
63
35
93
46
27
45
87
63
87
26
41
70
51
21
32
90
36
85
34
87
21
87
71
83
27
63
1
8
93
67
61
88
90
10
83
55
85
80
24
74
49
12
28
74
78
58
45
87
79
67
14
47
31
77
52
69
71
25
67
81
98
54
67
17
21
1
88
21
77
95
91
12
15
82
22
16
66
5
41
29
29
73
27
81
63
53
23
81
86
78
71
28
75
35
62
79
16
8
7
22
81
87
10
65
62
49
70
57
7
78
40
91
23
13
80
6
42
21
30
65
35
94
41
36
52
12
43
86
97
53
50
97
3
61
20
22
57
25
71
72
68
20
49
67
87
16
41
66
27
10
54
1
15
42
6
85
8
2
5
45
85
71
56
99
67
78
2
76
50
30
53
91
81
65
92
23
35
72
40
95
62
11
23
78
96
67
36
8
15
4
80
27
60
7
54
48
16
57
94
30
92
43
62
58
19
23
38
40
47
95
16
99
86
53
89
11
52
58
54
85
74
72
82
72
69
43
81
34
47
52
40
53
45
8
92
3
90
40
28
53
27
59
4
33
92
89
44
44
55
89
98
78
82
91
31
91
52
9
73
69
36
77
91
95
37
61
83
69
11
55
76
15
10
90
98
94
24
39
1
33
27
55
7
39
15
78
3
41
66
80
27
45
4
32
5
33
9
44
33
28
35
24
56
65
11
38
23
39
25
97
10
46
47
29
56
98
82
41
38
51
73
6
18
95
64
78
96
49
64
40
36
97
40
45
49
62
10
37
4
79
81
91
5
87
3
50
80
86
89
17
12
80
87
26
32
40
13
98
85
21
76
74
59
49
30
33
80
51
66
87
38
63
53
98
48
24
13
31
29
84
46
61
24
34
46
45
99
27
51
91
0
72
50
57
74
60
90
86
9
46
92
99
77
57
14
2
70
69
69
32
79
44
58
83
20
7
85
82
79
58
72
58
3
85
55
92
29
97
46
53
37
73
28
86
50
24
96
95
1
2
36
59
99
91
85
0
60
64
82
62
31
86
57
72
73
42
91
84
27
90
69
82
21
89
68
68
76
31
58
8
37
13
30
78
45
33
99
42
12
92
8
82
78
97
70
74
4
69
29
43
77
56
18
6
72
95
54
57
88
16
73
29
33
79
86
19
97
4
9
57
89
14
5
26
49
11
14
80
83
3
27
30
59
74
29
52
90
14
77
65
7
75
27
16
30
90
83
63
51
42
70
