overall_acc,0.8012
loss,[10.849034108886718, 6.219586696777344, 4.194542209167481, 3.258561954498291, 2.817247202835083, 2.599145672607422, 2.489282280731201, 2.4320862378692625, 2.37508610748291, 2.3673935846710203, 2.346788212966919, 2.326069154510498, 2.3230590842437744, 2.3161697397613525, 2.305094690475464, 2.3060972873687744, 2.2971843817138673, 2.304712112045288, 2.2941004222106933, 2.305223779144287, 2.3067653536987303, 2.3012671488189698, 2.3053767511749266, 2.313184836730957, 2.3095072186279295, 2.3011803688812256, 2.3112180032348633, 2.321482618560791, 2.333189986190796, 2.332173952407837, 2.3415639008331297, 2.3543240245056154, 2.357349973678589, 2.3553794169616697, 2.3711825638580324, 2.369612764968872, 2.3859344792175294, 2.385940906524658, 2.404948256149292, 2.40938964553833, 2.412084359512329, 2.4235479585266115, 2.4382660440063475, 2.446667770690918, 2.4496933519744872, 2.4599962979125976, 2.467152113800049, 2.482219094696045, 2.4821668366241454, 2.4990957654571533, 2.505615046234131, 2.500120941619873, 2.5002407303619383, 2.519795915527344, 2.5130885025787353, 2.510564957199097, 2.5264325426483154, 2.534024295349121, 2.5310340771484374, 2.5384063928985596, 2.020464220161438, 1.6517217639923096, 1.4422291623306274, 1.2862504713821412, 1.1970273896789552, 1.1331484325408936, 1.1022539487457275, 1.1044945532989503, 1.093778427886963, 1.0919363544464111, 1.0899505422973632, 1.0947010132980346, 1.0985500219345092, 1.1038162940979004, 1.1101275051116943, 1.1087493893051148, 1.1196537197875978, 1.1182918980407714, 1.1260883583831787, 1.1303087064361572, 1.1360582439041138, 1.125428334388733, 1.146545508003235, 1.1491565116882325, 1.1722832122802735, 1.1557366603851318, 1.1481534400939941, 1.1674219787597657, 1.1601953913497924, 1.1586413347625732, 1.1770683521270753, 1.1668406414413452, 1.184977486038208, 1.1847586180877685, 1.1941152143478393, 1.1876146535491943, 1.194755309677124, 1.1911538876342773, 1.18610555519104, 1.2017063330841065, 1.1995191618728638, 1.196110399093628, 1.1996654891586305, 1.2074454279327393, 1.2227981818771363, 1.2071751274871827, 1.2129519979858399, 1.2151431949234008, 1.2114235298919678, 1.207868812904358, 1.2145774236679077, 1.2084400734710694, 1.2245207186889648, 1.2128740440368653, 1.218534821586609, 1.2303558141326905, 1.228080094795227, 1.2406668328094483, 1.2312695245742797, 1.2308758824157715, 1.0959546108627318, 0.9992684668159485, 0.9606740382003784, 0.9274791911506652, 0.8975558281898498, 0.869518936328888, 0.8414005572509765, 0.8160354984664917, 0.7907298755645752, 0.7660796340370178, 0.7436253010559082, 0.7206913619041443, 0.6985124032402038, 0.6778855285453796, 0.6571749145889282, 0.6380012842178344, 0.6186016739654541, 0.6002388690567017, 0.581981954574585, 0.564334785747528, 0.5476963050270081, 0.5316536624336242, 0.5149296105957031, 0.49966640298843384, 0.4847585242843628, 0.47036444138526917, 0.45655336953163145, 0.4430115223407745, 0.4296224308109283, 0.4178308817958832, 0.4047037482357025, 0.3934154050159454, 0.38129551995277405, 0.3705326391983032, 0.3589020263576508, 0.3491624751663208, 0.3389742473602295, 0.3298224378108978, 0.32157726011276244, 0.31292689702034, 0.3068183511734009, 0.30355154686927793, 0.30139632106781006, 0.29940468545913695, 0.2975699859619141, 0.29554227829933166, 0.2934855569267273, 0.2918641380882263, 0.2902732491493225, 0.28838791808128356, 0.28654892848968505, 0.28477969205856324, 0.28315507739067075, 0.28127851509094237, 0.27960071712493895, 0.2778946265888214, 0.27618708488464355, 0.2745857859706879, 0.27268524856567383, 0.27120739574432373, 0.2693684317970276, 0.2678379620075226, 0.2661099170207977, 0.2645234582424164, 0.26287377458572386, 0.2614064171791077, 0.25985314628601075, 0.25828181383132937, 0.2566521455192566, 0.25512771637916565, 0.25346261944770815, 0.2520296682167053, 0.2505281564426422, 0.24895912131309508, 0.2476096463108063, 0.2459899583530426, 0.24454788811206818, 0.2431049989461899, 0.24162528964996338, 0.24009745742321015]
0,0.9565217391304348
1,0.8709677419354839
2,0.8695652173913043
3,0.6896551724137931
4,0.7419354838709677
5,0.7916666666666666
6,0.782608695652174
7,0.8846153846153846
8,1.0
9,1.0
10,0.4
11,0.42857142857142855
12,0.85
13,0.6086956521739131
14,0.7777777777777778
15,0.8333333333333334
16,0.9230769230769231
17,0.8571428571428571
18,0.7058823529411765
19,0.8
20,0.8333333333333334
21,0.8947368421052632
22,0.9411764705882353
23,0.9230769230769231
24,0.8260869565217391
25,0.75
26,0.75
27,0.7083333333333334
28,0.76
29,0.8275862068965517
30,0.7777777777777778
31,0.8
32,0.7272727272727273
33,0.6206896551724138
34,0.88
35,0.6363636363636364
36,0.8571428571428571
37,0.7368421052631579
38,0.8461538461538461
39,1.0
40,0.7142857142857143
41,0.9545454545454546
42,0.8695652173913043
43,0.9130434782608695
44,0.5652173913043478
45,0.631578947368421
46,0.36363636363636365
47,0.782608695652174
48,1.0
49,0.8235294117647058
50,0.8181818181818182
51,0.7142857142857143
52,0.85
53,0.9310344827586207
54,0.9545454545454546
55,0.6190476190476191
56,0.8636363636363636
57,0.6785714285714286
58,0.8571428571428571
59,0.7916666666666666
60,0.8518518518518519
61,0.7931034482758621
62,0.8461538461538461
63,0.75
64,0.7368421052631579
65,0.6818181818181818
66,0.8461538461538461
67,0.782608695652174
68,0.9523809523809523
69,0.8666666666666667
70,0.9
71,0.8095238095238095
72,0.5454545454545454
73,0.6875
74,0.6666666666666666
75,0.9642857142857143
76,0.9047619047619048
77,0.6764705882352942
78,0.7368421052631579
79,0.8928571428571429
80,0.7241379310344828
81,0.8571428571428571
82,0.9459459459459459
83,0.8333333333333334
84,0.9259259259259259
85,0.9666666666666667
86,0.8571428571428571
87,0.8666666666666667
88,0.9523809523809523
89,0.8571428571428571
90,0.875
91,0.8461538461538461
92,0.8
93,0.8095238095238095
94,0.9565217391304348
95,0.6206896551724138
96,0.6521739130434783
97,0.75
98,0.6923076923076923
99,0.9130434782608695
16
7
91
43
14
92
6
89
13
85
96
27
81
63
59
10
78
18
53
17
27
43
10
54
94
79
68
99
69
64
83
41
23
11
47
20
87
90
52
26
83
67
20
20
7
83
27
45
68
93
86
12
60
73
99
18
62
44
26
58
88
74
88
19
3
23
19
48
44
48
58
16
63
19
55
4
32
15
98
32
14
87
38
33
8
45
92
31
62
61
89
92
78
83
26
85
28
37
54
55
95
7
59
24
94
7
94
94
11
42
65
52
40
38
72
80
82
80
75
51
74
34
5
85
30
74
22
95
81
92
44
52
18
44
62
65
69
84
0
43
48
67
62
8
83
41
37
19
8
68
3
3
53
62
39
0
95
51
58
27
89
90
81
61
41
77
52
66
68
80
4
46
25
27
35
50
88
7
75
53
3
5
98
82
7
87
61
7
91
1
5
37
72
41
94
33
67
79
39
23
28
31
63
71
67
45
84
46
74
49
77
72
50
15
51
27
36
3
41
47
54
87
37
75
74
71
14
0
9
44
57
83
45
22
47
42
89
16
85
39
7
25
98
50
70
70
49
70
87
89
41
4
97
36
83
82
88
98
7
74
80
2
9
91
40
19
32
91
99
73
40
83
42
62
90
50
82
24
65
16
65
39
7
63
10
51
96
77
29
66
53
30
84
29
5
16
53
74
72
46
15
80
25
66
77
15
48
73
63
64
77
4
13
18
92
55
13
51
29
91
91
61
75
58
71
70
98
52
94
89
90
56
57
43
60
41
30
59
78
6
65
80
54
99
60
76
92
18
14
26
9
90
85
32
63
43
73
87
44
26
99
70
8
90
65
80
41
17
39
53
66
48
20
88
8
80
46
37
35
91
16
74
33
16
89
5
76
83
74
85
24
55
32
76
7
5
52
46
21
40
58
84
6
91
63
35
66
9
79
53
23
14
80
86
75
45
6
22
33
76
52
41
90
22
34
45
48
7
30
35
1
23
3
22
5
80
93
18
86
79
92
53
54
63
90
84
61
8
96
8
88
62
29
30
73
2
33
39
4
61
45
83
58
73
18
84
4
5
2
18
23
29
85
34
97
16
86
31
95
45
97
0
59
93
44
86
92
29
85
82
91
82
17
27
58
12
26
54
28
58
79
1
64
99
14
3
33
23
91
73
1
1
98
1
19
88
11
29
56
0
54
61
20
84
17
53
89
18
81
6
96
41
72
26
25
60
22
73
74
87
24
90
78
17
7
0
87
26
73
14
56
19
12
54
21
79
8
43
39
51
40
53
98
93
31
8
57
33
26
35
6
94
86
10
22
16
64
57
46
55
88
72
58
27
36
13
91
84
9
89
9
65
85
70
59
7
2
59
79
70
34
97
16
49
18
55
70
90
38
34
61
69
37
55
24
43
78
51
63
35
1
84
22
86
55
91
58
90
68
60
84
0
34
22
32
92
18
49
35
86
3
89
7
15
66
35
50
12
41
31
34
93
84
26
74
39
50
57
54
11
67
44
66
60
79
58
82
67
98
89
28
55
95
76
60
76
91
67
2
4
62
43
91
48
27
34
42
34
53
3
28
8
29
44
96
61
60
73
61
29
59
55
49
92
92
6
57
94
18
20
72
0
85
75
18
23
4
95
81
58
30
60
21
62
19
87
47
79
90
75
91
15
41
39
99
46
94
45
91
36
77
3
75
92
94
61
50
38
12
1
0
30
84
98
29
7
18
48
81
91
84
63
62
31
40
72
30
43
86
47
59
57
25
14
28
75
41
81
10
73
79
5
45
56
81
31
84
69
30
6
68
70
12
74
7
67
55
60
5
14
48
18
0
70
38
26
24
69
16
9
42
41
39
27
0
70
85
9
43
79
77
75
74
80
42
50
8
0
36
89
43
46
69
56
42
22
71
35
72
40
16
0
21
2
1
64
47
43
83
65
68
44
1
25
96
98
47
90
2
51
37
61
31
14
4
92
38
93
28
39
6
41
44
49
1
11
19
91
82
4
60
34
56
19
32
74
16
99
49
98
8
58
93
87
35
7
35
43
52
6
4
27
8
63
26
34
39
97
37
75
33
87
49
46
16
33
76
41
97
8
75
17
55
93
44
63
41
60
30
65
21
77
90
54
87
86
37
47
66
2
73
55
25
62
26
19
28
15
9
59
69
45
92
39
42
13
49
48
44
71
48
69
9
99
16
46
71
66
66
88
82
48
39
88
93
82
7
17
56
40
70
1
68
52
69
45
16
62
85
12
99
88
40
68
36
60
37
94
25
46
75
61
70
58
97
51
75
73
70
37
28
90
55
88
68
38
91
6
16
58
61
39
56
17
33
77
42
87
75
4
16
94
55
76
60
97
1
0
75
31
72
71
75
52
6
43
14
84
14
39
1
88
53
66
5
56
32
52
40
24
86
54
54
88
61
87
54
24
40
85
17
90
22
86
77
79
94
18
0
39
89
82
41
87
91
73
4
62
55
98
10
46
28
38
74
70
13
7
15
24
76
98
74
79
15
47
47
93
73
81
26
70
95
60
70
2
82
66
34
6
65
62
74
31
36
88
52
48
79
50
55
57
66
68
74
64
16
63
16
84
18
29
84
14
9
38
43
74
15
1
59
96
1
84
69
81
10
33
80
68
30
8
3
81
26
18
55
35
28
72
5
53
34
27
93
18
44
93
85
91
35
31
69
47
57
95
85
80
1
82
45
66
44
58
31
42
23
90
18
83
31
51
80
23
64
61
40
51
99
28
19
63
93
97
78
34
18
13
74
17
28
29
10
61
83
83
53
73
7
59
82
34
15
68
68
34
82
75
37
8
94
16
24
21
8
96
53
49
38
85
27
32
96
20
29
43
69
94
26
82
23
91
34
48
23
53
25
0
59
57
69
73
27
12
42
61
21
72
88
10
15
24
1
77
67
82
5
64
51
52
79
70
2
1
59
87
60
88
76
45
19
7
1
35
94
79
25
71
26
55
60
73
9
75
5
74
14
32
38
14
45
80
40
47
2
7
85
30
92
51
79
13
99
86
15
29
63
66
62
80
24
57
43
78
49
99
95
93
72
71
78
86
64
4
23
62
50
17
98
21
32
57
61
2
6
70
82
82
94
95
81
96
93
33
67
31
60
79
78
63
62
82
36
12
31
47
75
4
29
94
63
70
95
32
38
67
37
2
65
40
53
87
95
53
42
43
89
69
93
81
40
71
31
33
91
75
85
47
97
92
13
34
46
62
92
53
46
66
45
48
94
10
69
60
42
35
59
52
44
57
4
83
89
71
58
52
46
12
98
22
62
52
2
58
77
96
86
33
13
69
97
14
51
2
63
67
58
63
6
75
81
99
28
50
57
88
25
38
71
47
53
48
79
59
29
82
90
93
81
17
14
69
25
32
39
10
89
4
67
99
28
98
88
20
42
18
60
48
69
18
21
6
39
19
15
37
83
48
2
89
67
77
38
23
21
96
11
41
84
30
13
30
46
31
83
59
77
74
41
8
19
54
4
68
9
91
67
3
40
71
57
38
9
82
3
76
20
23
42
94
66
72
14
25
61
36
4
14
26
60
14
62
85
75
16
67
93
23
33
88
18
58
51
83
23
85
56
20
7
20
30
96
19
85
98
38
26
0
56
47
83
52
83
51
98
3
23
9
77
43
15
74
77
19
73
24
7
29
4
61
50
30
39
33
19
17
9
17
28
45
16
12
41
49
63
60
12
2
77
35
55
46
15
84
19
66
70
62
34
94
30
35
32
99
33
90
16
56
4
24
71
3
19
14
23
68
1
81
61
90
21
57
22
87
82
12
38
10
93
77
84
41
64
76
25
91
94
42
79
19
76
87
18
51
1
50
37
6
45
23
0
55
91
48
95
48
45
54
69
51
68
56
39
80
69
67
71
25
50
60
79
0
44
55
98
80
2
32
92
61
76
97
13
30
27
74
8
17
42
91
46
98
69
50
57
84
39
85
21
91
79
76
13
8
92
69
82
7
73
89
64
42
39
45
80
63
15
50
16
62
94
60
91
83
62
85
48
59
11
5
11
55
75
75
4
3
72
17
89
92
19
36
77
67
83
63
2
92
37
11
99
77
56
22
84
14
71
94
44
12
41
52
91
85
43
82
40
80
42
96
47
22
1
11
78
72
93
85
18
63
65
25
7
2
86
44
59
2
54
98
56
75
47
76
20
48
97
9
10
38
84
3
36
43
84
18
6
9
72
38
14
75
15
29
35
25
95
3
87
74
78
83
91
74
86
86
50
58
36
90
8
1
65
55
91
14
81
0
58
96
1
61
59
21
60
89
82
61
80
52
65
55
32
77
69
26
42
79
11
20
38
52
15
7
65
63
52
26
29
78
79
39
30
99
5
8
67
52
40
58
54
82
3
82
93
70
99
21
17
56
64
74
1
92
61
85
78
58
10
53
74
47
5
34
81
64
77
67
66
63
35
93
46
63
45
87
63
87
26
41
70
22
21
32
90
36
85
65
87
21
87
71
83
27
74
1
8
93
98
61
88
90
10
83
27
85
34
24
74
49
12
28
50
78
58
45
87
79
67
14
47
31
77
52
60
71
25
67
81
98
54
67
17
21
1
88
21
77
95
91
12
15
82
22
16
66
25
41
29
29
73
27
81
63
53
23
81
86
99
71
28
75
35
62
79
16
8
7
22
81
87
83
65
62
49
70
57
63
44
40
91
23
13
80
6
42
66
30
55
35
25
41
36
52
12
43
86
97
53
50
55
3
61
20
22
57
25
71
72
68
20
49
67
87
16
41
66
34
12
51
92
15
42
6
12
8
2
5
45
85
71
56
99
67
34
2
76
50
30
53
91
13
65
70
23
11
72
40
80
62
11
23
78
96
67
36
8
15
4
80
27
60
7
54
48
16
57
94
30
92
43
92
58
19
23
38
40
96
95
61
99
86
53
89
11
52
58
54
85
74
72
82
72
69
43
81
34
47
52
40
53
45
8
83
3
90
87
28
53
27
59
4
33
48
89
44
44
4
89
98
78
82
91
31
91
47
9
73
69
36
26
91
95
37
61
83
69
11
15
76
80
78
90
98
94
24
39
1
33
90
55
79
39
15
99
3
41
66
80
27
45
55
32
5
67
9
93
33
19
35
24
59
65
11
38
23
39
25
97
58
25
47
29
56
98
82
41
38
51
79
19
18
95
64
78
96
49
64
40
36
97
40
45
49
62
10
33
4
79
81
91
5
87
3
50
80
86
89
17
12
80
21
24
32
40
13
98
37
21
76
14
59
49
30
33
80
51
66
87
38
63
53
4
48
24
13
31
29
84
46
61
24
34
98
45
99
27
51
91
0
72
50
57
4
60
90
86
9
46
92
99
77
57
14
2
70
69
69
32
79
93
58
0
20
7
85
82
79
58
72
58
74
85
55
70
44
97
98
53
37
73
28
86
50
24
31
95
1
2
36
59
99
55
85
0
23
64
82
62
31
86
10
72
73
42
29
84
85
90
69
82
21
89
68
68
76
31
58
8
90
13
30
78
14
96
99
42
12
92
8
82
78
97
62
74
4
12
29
97
32
56
18
77
72
95
54
0
45
16
73
29
33
14
86
19
97
4
9
53
89
18
5
26
49
11
14
80
83
75
27
30
52
74
29
59
90
14
77
55
7
75
27
16
30
50
83
14
51
42
70
