overall_acc,0.7952
loss,[10.886153047485351, 6.263545474853515, 4.209060371170044, 3.269999300460815, 2.8279515734863283, 2.6027239959716795, 2.479592117919922, 2.431211957092285, 2.3888508350372315, 2.3622323663330076, 2.342944910736084, 2.326825302658081, 2.320375782318115, 2.3129831841278077, 2.308712947921753, 2.3100369089508055, 2.310743548736572, 2.2911051446533204, 2.3077715940856933, 2.2978211546325684, 2.2927414107513426, 2.306337706451416, 2.304015448989868, 2.307756915283203, 2.309433884124756, 2.3179252420806886, 2.317253767852783, 2.3242455329895018, 2.326281262893677, 2.3349922871398925, 2.340199669647217, 2.3461996588897707, 2.34423256149292, 2.3569357891082765, 2.3655912479400634, 2.367293767776489, 2.3745271925354006, 2.3741170407104493, 2.3873777304840087, 2.389216257247925, 2.4012752725982667, 2.3995550367736818, 2.4195724295806884, 2.429550449447632, 2.4371690089416504, 2.436673071746826, 2.439038887023926, 2.459816826019287, 2.463501040420532, 2.464627776184082, 2.483951562728882, 2.472751856842041, 2.482892409057617, 2.4798416134643553, 2.4948366360473635, 2.5018739559936525, 2.504436450805664, 2.5096884963989257, 2.508309700088501, 2.517924468231201, 1.9957596894836427, 1.6279590871429443, 1.428298550338745, 1.2824350459671021, 1.182179668121338, 1.1307731932830811, 1.1091264627456665, 1.0963353598785401, 1.0887565422058105, 1.0957567627716065, 1.0906106484985352, 1.0953717292404175, 1.1020210318374635, 1.1047347620773316, 1.1125277156066895, 1.1228749502182007, 1.1104796321487427, 1.1107470558547974, 1.1281049773788452, 1.1232823838806152, 1.1202142998886109, 1.1180103074264527, 1.131134939994812, 1.139045323486328, 1.1442390510559082, 1.1409058317565919, 1.1458785525894164, 1.1567517302703858, 1.1532887190628052, 1.152127171936035, 1.176216640625, 1.1663604578399658, 1.1646060110092162, 1.1758635029602051, 1.197503144454956, 1.1730134928894043, 1.1795584454345702, 1.1918032275009156, 1.1901863359832763, 1.1835040084075927, 1.1900605434417724, 1.188886984024048, 1.1954673490142822, 1.1909811464691162, 1.1989134189987183, 1.200868536491394, 1.202087036628723, 1.2075101488494873, 1.2026744874572755, 1.2085577139663697, 1.209862677268982, 1.2165452598571778, 1.214153578338623, 1.2202537247085572, 1.21370749584198, 1.2166819021224975, 1.2049145585632324, 1.2189300651550292, 1.2223010148620606, 1.2401755924987794, 1.0890375737762452, 0.9995699850845337, 0.9596653737449646, 0.9267153024291992, 0.8967337349319457, 0.8679476725196839, 0.8422486632156372, 0.8150160310745239, 0.7906316561317444, 0.7653371362113953, 0.7425627962684631, 0.7200870644569397, 0.6985020886611939, 0.677049857597351, 0.6564282676696778, 0.6371426645088196, 0.6176437818145752, 0.599526574459076, 0.5812629283523559, 0.563822161769867, 0.5468625872039795, 0.5305775937652588, 0.5148506465148925, 0.4994247891998291, 0.4843708031654358, 0.4700286918926239, 0.45607351157188414, 0.44300377601623536, 0.42955242803573607, 0.417058068151474, 0.40546144404411316, 0.39367226945877076, 0.38189952403068544, 0.3701727170658112, 0.3601650608062744, 0.3491219964122772, 0.3390552120399475, 0.32931051933288574, 0.320915907125473, 0.3115983395957947, 0.3055637916851044, 0.30290993991851806, 0.30076879590034483, 0.29858212894439695, 0.2967599684047699, 0.29524594756126404, 0.2931656479644775, 0.29120837312698367, 0.28956938451766967, 0.28787296368598936, 0.2860372048091888, 0.28453732053756714, 0.2823380663204193, 0.28093232887268066, 0.2790335187149048, 0.27751213292121885, 0.27574765592575073, 0.2740678005504608, 0.27226222173690795, 0.27069803875923154, 0.2691673596191406, 0.2673219262313843, 0.26570179542541505, 0.264107315568924, 0.26273145263671877, 0.26105852685928344, 0.2593792381191254, 0.2577042923069, 0.25618971144676206, 0.25476295273780825, 0.25317856731414795, 0.25158635023117065, 0.2501664168262482, 0.24879401185512542, 0.24712485207557677, 0.245602735452652, 0.24420929036617278, 0.24275185760974885, 0.24124036946773528, 0.2398471217107773]
0,0.9565217391304348
1,0.9032258064516129
2,0.8260869565217391
3,0.7586206896551724
4,0.8064516129032258
5,0.6666666666666666
6,0.9130434782608695
7,0.9230769230769231
8,0.9615384615384616
9,0.9473684210526315
10,0.5
11,0.5238095238095238
12,0.85
13,0.6521739130434783
14,0.7777777777777778
15,0.8333333333333334
16,0.8461538461538461
17,0.9047619047619048
18,0.6470588235294118
19,0.76
20,0.8333333333333334
21,0.8947368421052632
22,0.8823529411764706
23,0.8846153846153846
24,0.8260869565217391
25,0.5416666666666666
26,0.875
27,0.7916666666666666
28,0.84
29,0.7586206896551724
30,0.8148148148148148
31,0.76
32,0.7727272727272727
33,0.6206896551724138
34,0.88
35,0.5454545454545454
36,0.9523809523809523
37,0.8421052631578947
38,0.8461538461538461
39,0.9565217391304348
40,0.7857142857142857
41,0.9090909090909091
42,0.782608695652174
43,0.8695652173913043
44,0.43478260869565216
45,0.7894736842105263
46,0.5
47,0.782608695652174
48,1.0
49,0.7647058823529411
50,0.7727272727272727
51,0.7619047619047619
52,0.9
53,0.9310344827586207
54,0.9545454545454546
55,0.5238095238095238
56,0.8636363636363636
57,0.6428571428571429
58,0.9142857142857143
59,0.6666666666666666
60,0.8148148148148148
61,0.7586206896551724
62,0.7692307692307693
63,0.7083333333333334
64,0.6842105263157895
65,0.6363636363636364
66,0.8461538461538461
67,0.6956521739130435
68,0.9523809523809523
69,0.9333333333333333
70,0.9
71,0.7619047619047619
72,0.45454545454545453
73,0.71875
74,0.6363636363636364
75,0.9285714285714286
76,0.8571428571428571
77,0.6470588235294118
78,0.6842105263157895
79,0.8214285714285714
80,0.7931034482758621
81,0.8571428571428571
82,0.9459459459459459
83,0.8
84,0.8148148148148148
85,0.9666666666666667
86,0.7857142857142857
87,0.8333333333333334
88,0.9523809523809523
89,0.9285714285714286
90,0.8333333333333334
91,0.8974358974358975
92,0.68
93,0.8571428571428571
94,0.9130434782608695
95,0.6896551724137931
96,0.6521739130434783
97,0.8333333333333334
98,0.6153846153846154
99,0.9130434782608695
16
7
91
43
14
92
6
89
13
85
47
27
81
63
59
61
78
24
53
17
27
43
10
54
94
79
68
99
69
64
83
41
23
46
47
20
87
90
52
26
83
51
20
20
7
83
27
45
68
93
86
12
69
73
99
44
62
50
26
58
88
3
88
19
3
23
19
48
73
48
58
16
63
80
71
4
32
15
98
32
14
87
38
33
8
45
92
31
62
61
89
92
78
83
45
85
28
37
54
72
95
7
59
24
94
7
94
94
11
42
65
52
40
38
55
80
82
80
75
51
74
34
5
85
30
74
22
95
81
92
27
52
57
44
62
65
69
84
0
43
48
67
14
89
53
99
58
19
8
68
3
3
53
62
39
0
95
51
58
19
89
90
81
61
41
33
52
66
68
80
4
46
5
66
35
50
88
14
75
53
3
84
98
82
7
90
61
7
91
36
5
37
72
41
94
33
67
8
39
23
16
31
63
71
67
64
44
84
74
49
77
65
50
98
51
55
36
3
41
47
54
81
37
75
74
71
14
0
9
78
57
83
45
61
52
63
89
22
85
39
7
25
98
50
70
70
49
70
87
89
41
25
97
36
83
82
88
11
7
74
80
2
9
91
40
36
91
91
99
73
79
83
42
62
90
50
82
24
42
16
65
39
7
63
10
51
96
51
29
66
53
30
84
26
5
10
53
74
72
15
15
44
5
66
77
55
48
95
72
64
77
3
13
18
92
55
13
73
29
91
91
61
75
58
71
70
98
52
94
89
90
56
57
43
60
90
30
59
78
6
80
80
54
83
60
69
54
18
14
26
9
90
85
32
63
43
73
87
44
26
99
70
8
90
65
80
41
17
39
53
66
48
5
88
32
97
98
37
40
91
16
27
96
16
89
5
76
83
74
85
24
93
32
76
45
5
52
46
21
40
58
84
6
91
38
35
66
10
79
0
23
14
21
86
75
45
6
22
33
76
52
81
49
22
34
45
48
7
30
11
1
23
3
22
5
80
93
27
39
79
92
53
54
63
18
84
22
8
59
8
88
62
29
30
73
2
33
39
63
61
45
83
58
73
18
84
4
5
2
18
23
29
85
34
73
16
86
26
95
45
97
0
46
30
18
86
54
29
85
82
91
82
17
50
58
12
26
54
28
58
79
1
45
99
16
3
33
23
91
73
1
1
35
32
19
88
11
29
56
0
54
61
20
13
17
53
89
18
81
6
96
41
26
26
25
60
22
73
4
47
24
90
78
17
7
0
87
26
73
14
56
18
12
54
21
79
8
43
39
51
40
53
98
4
31
8
57
33
18
35
6
94
22
10
22
16
63
57
2
66
88
80
58
26
36
13
91
84
9
85
9
65
85
70
52
7
2
52
79
70
34
97
81
49
18
55
70
64
38
34
61
69
37
27
24
3
78
72
33
35
1
84
22
86
4
91
13
90
68
60
84
0
34
54
32
92
14
49
35
28
3
89
44
15
66
35
50
12
41
31
34
93
84
26
74
57
50
57
54
35
67
44
66
60
26
58
82
67
98
89
28
63
95
76
60
76
91
37
2
4
62
43
91
48
27
34
42
34
53
3
28
8
40
44
47
22
60
73
61
26
63
42
49
92
92
6
57
39
18
20
55
0
85
75
76
23
4
95
81
58
73
60
21
70
19
87
47
79
90
75
27
15
41
39
99
46
94
45
91
36
77
3
75
62
94
61
50
38
12
1
0
30
84
98
29
7
18
48
87
91
84
4
62
31
40
30
30
43
86
47
59
72
20
14
28
75
11
81
22
44
79
25
93
56
81
31
84
69
30
6
68
70
81
74
7
80
55
60
5
14
48
18
0
70
38
4
24
69
16
9
42
41
39
27
0
70
85
9
43
79
77
75
74
80
42
62
8
0
36
89
43
46
69
56
42
22
71
35
72
40
16
0
21
2
1
64
47
43
92
4
68
18
1
39
96
46
96
90
2
28
37
61
31
77
4
92
38
93
28
39
6
41
44
49
1
11
19
91
82
4
60
34
56
19
32
74
86
99
49
98
8
58
93
87
11
7
35
43
52
6
4
27
8
63
26
34
39
97
37
75
33
87
49
11
16
33
76
41
97
8
75
17
55
93
44
4
41
60
30
98
21
53
90
54
87
86
37
47
66
2
73
55
25
62
26
65
28
15
14
41
69
45
92
39
42
58
49
48
44
71
48
69
9
93
94
11
71
66
66
88
82
1
39
88
93
82
7
17
56
40
70
1
68
52
69
45
16
6
85
12
99
88
40
68
36
60
17
94
25
46
75
61
70
58
97
51
75
73
70
37
28
90
72
88
68
38
73
7
16
58
61
39
56
17
33
77
63
87
63
4
16
94
55
76
60
97
1
0
75
31
55
60
75
52
6
43
14
84
14
34
1
88
53
66
5
52
32
52
40
24
86
54
54
88
61
87
54
24
40
85
17
90
22
86
77
79
94
45
0
39
89
82
41
87
91
73
4
62
4
98
10
46
28
38
74
70
13
7
15
24
76
98
42
79
15
47
47
93
73
81
26
70
95
60
70
11
82
66
34
6
65
62
74
31
36
88
59
48
79
38
29
57
66
68
74
64
16
66
16
95
18
29
63
53
9
74
4
74
15
1
42
96
1
84
69
81
28
33
80
68
30
8
3
81
45
18
14
35
28
72
5
53
34
27
93
6
44
93
85
91
46
31
69
47
57
95
85
80
1
82
57
66
44
58
31
42
23
90
18
83
31
51
80
23
64
61
40
51
99
28
19
63
7
97
78
34
90
13
50
17
28
29
10
22
83
83
53
73
7
59
82
34
15
68
68
34
82
75
37
8
94
86
24
21
8
96
53
67
38
85
27
32
96
20
29
43
69
94
26
54
23
91
34
48
23
53
25
0
59
57
69
73
27
12
42
61
21
67
88
28
15
24
1
77
67
82
5
64
51
52
79
70
46
1
59
87
60
88
76
45
19
7
1
35
94
79
86
71
26
72
60
73
9
75
5
74
27
32
38
56
45
36
40
47
35
7
85
30
92
51
79
89
99
86
15
29
63
66
62
80
24
57
43
78
49
99
95
93
27
71
78
86
64
4
23
62
50
17
35
21
32
57
61
11
6
70
82
82
94
95
81
96
93
33
67
15
60
53
63
63
62
82
36
12
31
47
75
77
29
94
27
70
95
32
38
67
37
36
65
40
53
87
95
53
42
43
89
69
93
81
40
71
31
33
73
75
85
47
97
62
13
42
46
83
92
53
35
66
45
48
94
10
69
60
29
98
59
52
44
57
4
83
89
71
68
52
46
58
35
22
62
52
2
58
77
96
86
33
58
69
97
14
51
2
63
45
58
42
6
80
81
99
28
50
57
88
25
38
71
47
53
48
79
59
29
82
90
26
81
17
14
69
25
32
39
57
89
4
67
99
28
98
88
20
42
18
60
48
69
18
19
6
39
85
15
37
77
48
3
89
67
35
38
23
21
96
11
81
84
30
13
30
92
31
83
59
77
4
41
8
19
54
4
68
9
91
67
19
40
71
57
38
9
82
72
76
20
60
42
94
66
72
6
25
61
36
4
45
10
60
77
62
27
33
48
27
93
23
33
88
18
58
51
33
23
85
56
20
7
20
30
96
19
4
35
18
26
0
56
47
83
52
10
51
3
3
23
9
77
43
15
74
77
19
73
24
7
29
4
61
50
30
39
43
51
17
81
17
28
45
8
12
83
49
63
60
12
35
77
98
3
46
15
84
19
66
70
62
34
5
30
41
32
99
33
90
16
56
4
24
71
3
19
14
23
68
10
81
10
90
21
0
22
87
82
12
38
10
93
77
84
41
64
76
25
91
94
42
79
19
76
87
18
51
1
50
37
6
45
23
0
55
91
89
95
48
45
54
69
51
68
56
86
80
37
67
71
25
50
60
76
0
73
55
46
80
2
32
92
55
69
97
13
30
27
74
8
17
42
91
35
43
69
4
57
84
49
85
3
91
79
76
13
8
92
69
82
7
73
89
66
42
39
78
88
32
15
50
16
62
94
60
91
83
62
85
48
59
11
5
2
44
75
75
4
31
72
17
89
70
19
36
22
67
83
63
2
62
37
11
99
77
56
22
84
14
71
94
44
12
41
52
91
85
43
82
69
97
42
96
47
22
1
11
78
72
93
85
12
27
65
25
7
2
86
45
59
2
54
98
56
75
47
76
20
48
97
9
45
38
5
3
36
43
84
18
6
9
72
38
6
75
15
29
2
20
95
3
58
74
14
83
91
74
86
10
74
58
36
90
8
1
65
56
1
14
37
0
58
96
1
61
59
21
60
89
82
61
80
52
65
55
32
77
69
26
42
79
46
20
38
52
15
79
65
63
96
26
15
3
79
39
30
99
5
8
38
52
69
58
54
82
3
82
93
70
99
21
17
56
64
74
1
70
61
85
78
58
22
53
74
47
5
34
81
64
77
30
66
63
98
93
46
66
45
87
63
87
26
41
70
34
21
32
90
36
85
3
87
21
87
71
83
27
74
1
8
93
98
61
88
35
10
83
33
85
34
24
74
49
12
28
88
62
58
45
87
79
67
14
47
31
77
52
49
71
25
67
81
98
54
67
17
21
1
88
21
77
95
91
12
15
82
22
16
66
25
41
29
29
73
27
81
63
53
23
81
86
78
71
28
75
35
62
79
16
8
7
22
81
87
83
65
62
49
70
57
26
44
40
91
23
13
80
6
42
35
30
30
35
94
41
36
52
12
43
86
97
53
50
17
95
61
20
22
57
25
71
74
68
20
49
67
87
16
41
66
27
10
54
1
15
51
6
85
48
2
25
45
10
71
56
99
67
99
2
76
50
30
53
91
81
65
92
23
35
95
40
80
62
11
23
78
96
67
36
8
15
4
80
59
60
7
54
48
16
57
94
30
92
43
62
58
19
23
38
40
96
95
10
99
86
53
89
11
52
58
54
85
74
72
82
3
95
43
81
34
47
52
40
53
45
8
83
3
26
16
28
53
27
59
4
33
92
89
44
12
4
89
98
78
82
91
31
91
47
9
73
69
36
45
91
95
37
61
83
69
11
4
76
65
10
90
98
94
24
86
1
33
33
55
7
39
15
99
3
41
66
80
27
45
4
32
5
45
9
26
33
65
40
24
59
65
11
38
49
39
25
97
58
16
96
29
56
98
82
41
38
51
45
88
18
95
64
78
96
49
64
40
36
97
40
45
49
62
10
56
4
56
81
91
5
87
3
50
80
86
89
17
12
80
4
24
32
40
13
98
37
21
76
14
59
49
30
33
80
51
66
87
38
21
53
4
48
24
13
31
29
84
46
61
24
34
98
45
99
27
51
91
0
72
50
57
4
60
90
86
9
8
92
99
77
57
14
2
70
69
69
32
79
93
58
0
20
7
85
82
79
58
72
58
3
85
38
92
29
97
98
53
37
73
28
86
50
24
31
95
1
2
36
59
99
91
85
0
23
64
82
62
31
86
16
72
73
12
91
84
48
90
69
82
21
89
68
68
76
31
58
8
37
13
30
78
88
47
99
42
12
92
8
82
18
97
45
50
4
12
27
97
80
56
18
77
72
95
54
0
45
16
73
29
33
14
86
19
97
4
9
53
89
14
86
26
49
11
14
50
83
3
27
30
52
74
29
59
90
14
77
72
7
75
27
16
30
50
83
65
51
42
70
