overall_acc,0.7908
loss,[10.879753102111817, 6.2392139804077145, 4.188898573455811, 3.2562597021484376, 2.8178987698364257, 2.61053181640625, 2.4882249337005615, 2.429917833633423, 2.395120077667236, 2.372007254104614, 2.3545431461334227, 2.338840261383057, 2.3373529791259764, 2.324082695159912, 2.322543436355591, 2.3198869968414306, 2.317066893081665, 2.317551091079712, 2.3101927722930906, 2.317602846984863, 2.3115384534454346, 2.325954393539429, 2.3205933422851563, 2.3211559561157227, 2.320784495239258, 2.328234924850464, 2.3376153858947752, 2.3487255813598633, 2.3474988287353518, 2.357121588897705, 2.363353241653442, 2.3791114043426513, 2.3873817610931396, 2.3932960304260256, 2.406196544799805, 2.412522051086426, 2.4244777891540528, 2.414440242767334, 2.438564387130737, 2.436928605270386, 2.4680595753479, 2.4542488452911377, 2.4729234940338136, 2.483503996734619, 2.4866104737091064, 2.4883160342407225, 2.5031337908172606, 2.522895563659668, 2.521717273178101, 2.523359474258423, 2.520355544128418, 2.5261044358825684, 2.5337052639007567, 2.548461650619507, 2.5606086324310304, 2.5490004613494874, 2.568294338607788, 2.5543670932006837, 2.57306193649292, 2.5738371626281737, 2.0493086586380005, 1.6755753701782226, 1.4602829809570312, 1.3163878155136108, 1.2165828332901, 1.1609191426849366, 1.1221583627700806, 1.1166574408340455, 1.1134639610290527, 1.1117608396148682, 1.1180736925506591, 1.1269676926422119, 1.1270271393203735, 1.119354750137329, 1.1332143367385865, 1.140153136024475, 1.1380347189331055, 1.1408592657089234, 1.1546983185958861, 1.1652934255599976, 1.164511865119934, 1.1691722301101684, 1.168434091758728, 1.1784676832580567, 1.1777376793670655, 1.1809176084136963, 1.2027954948043824, 1.1883028799819946, 1.1952055592346191, 1.1892337559509278, 1.1988409646224976, 1.2011309728622437, 1.2040735627746582, 1.2122616315078736, 1.1900364952850342, 1.2193851011276244, 1.2109228848266602, 1.221855375556946, 1.2192157006454467, 1.2261093249130248, 1.2358934555435181, 1.2207649932098388, 1.2183123707199097, 1.2272232474517821, 1.2350755572891234, 1.2373235062026977, 1.2256021070861816, 1.2354910026550292, 1.2554198044586182, 1.2515749747467042, 1.2511475009155273, 1.249208728981018, 1.2467366491699219, 1.2481059437561035, 1.2468150760650634, 1.2583002897262574, 1.2624885972213744, 1.2517768901062012, 1.2552704047012329, 1.2499953311920167, 1.1043153503036498, 1.0138391952896117, 0.9747923092651367, 0.942832279701233, 0.9113812825584412, 0.8831605137443542, 0.8567022503089905, 0.8290538296508789, 0.803905030708313, 0.7789367166519165, 0.7554096696472168, 0.7320176780509948, 0.710372366104126, 0.6889229558563232, 0.6681634201812744, 0.6479955887031555, 0.6283484914779663, 0.6096053796386719, 0.5912711373329163, 0.5738653100967407, 0.5566229535484314, 0.5401750129318237, 0.5237943636703492, 0.5078724132347107, 0.4933603026103973, 0.4783102454662323, 0.463708542881012, 0.4504552233886719, 0.43670232266426084, 0.4235996016407013, 0.41135097014427185, 0.39904436332702636, 0.3873576270389557, 0.3772172775936127, 0.36501921772003176, 0.35439626971244814, 0.3441267043399811, 0.33359298188209535, 0.32457300400733946, 0.3164984873008728, 0.3103818912410736, 0.30760469563484194, 0.3053059487247467, 0.3031890456771851, 0.30150943689346316, 0.29952278917312625, 0.29765083776474, 0.29588781798362734, 0.2940281519126892, 0.29223883591651917, 0.29018907342910766, 0.2885651822376251, 0.28688621754646304, 0.28502438707351685, 0.28335452396392824, 0.2816907346534729, 0.2798637801361084, 0.2782600309276581, 0.2763596422767639, 0.27485196292877195, 0.2730793223381042, 0.27130762219429017, 0.269763618183136, 0.2682159156513214, 0.26649109082221983, 0.2649398345661163, 0.2634777496242523, 0.26160364329338076, 0.26022624994277954, 0.25864452191352844, 0.2569958368396759, 0.25561196290016175, 0.25400432509422305, 0.25262522066116333, 0.25101386351585386, 0.2495350873851776, 0.24793471840858458, 0.24655072033405304, 0.24502823880195618, 0.24356523554325105]
0,0.9565217391304348
1,0.9354838709677419
2,0.6956521739130435
3,0.7931034482758621
4,0.7096774193548387
5,0.75
6,0.9130434782608695
7,0.8076923076923077
8,1.0
9,1.0
10,0.4
11,0.42857142857142855
12,0.8
13,0.6521739130434783
14,0.8148148148148148
15,0.875
16,0.9230769230769231
17,0.9523809523809523
18,0.6176470588235294
19,0.8
20,0.8888888888888888
21,0.8421052631578947
22,0.8823529411764706
23,0.7692307692307693
24,0.8695652173913043
25,0.5833333333333334
26,0.7916666666666666
27,0.75
28,0.88
29,0.7931034482758621
30,0.8148148148148148
31,0.76
32,0.7727272727272727
33,0.6551724137931034
34,0.84
35,0.3181818181818182
36,0.8571428571428571
37,0.6842105263157895
38,0.8076923076923077
39,0.9130434782608695
40,0.75
41,0.9545454545454546
42,0.9130434782608695
43,0.782608695652174
44,0.5217391304347826
45,0.7368421052631579
46,0.5909090909090909
47,0.7391304347826086
48,1.0
49,0.8823529411764706
50,0.6818181818181818
51,0.7142857142857143
52,0.85
53,0.9310344827586207
54,1.0
55,0.42857142857142855
56,0.8181818181818182
57,0.6428571428571429
58,0.8571428571428571
59,0.7083333333333334
60,0.8148148148148148
61,0.9310344827586207
62,0.7692307692307693
63,0.7083333333333334
64,0.7368421052631579
65,0.6818181818181818
66,0.8846153846153846
67,0.6956521739130435
68,0.9523809523809523
69,0.8
70,0.9
71,0.8571428571428571
72,0.45454545454545453
73,0.71875
74,0.6363636363636364
75,0.9642857142857143
76,0.9047619047619048
77,0.7058823529411765
78,0.8421052631578947
79,0.8214285714285714
80,0.6896551724137931
81,0.9047619047619048
82,0.8918918918918919
83,0.7333333333333333
84,0.9259259259259259
85,0.9666666666666667
86,0.8214285714285714
87,0.9
88,0.9047619047619048
89,0.9642857142857143
90,0.875
91,0.8974358974358975
92,0.64
93,0.8095238095238095
94,0.9565217391304348
95,0.5862068965517241
96,0.6521739130434783
97,0.75
98,0.6538461538461539
99,0.9130434782608695
16
7
91
43
14
92
6
89
13
85
47
27
81
63
59
61
78
73
53
17
27
43
10
54
25
79
68
31
69
64
83
41
49
46
47
20
87
90
52
26
83
41
20
20
7
83
27
45
68
93
86
13
69
45
99
1
62
55
26
58
88
64
88
19
34
71
19
48
44
48
58
16
63
75
71
4
91
15
98
32
45
87
38
12
8
45
92
31
62
61
89
92
78
83
26
85
28
37
54
30
95
7
59
24
94
7
94
94
11
42
65
52
40
38
55
80
82
46
75
51
74
34
5
85
30
74
22
95
81
92
27
52
18
44
92
65
69
84
0
43
48
67
62
89
53
67
81
19
8
68
3
3
53
62
83
0
40
51
58
19
89
90
81
61
41
66
52
66
68
80
4
11
25
66
35
50
88
7
75
53
3
5
98
82
7
87
61
7
91
1
5
17
72
41
94
33
67
39
39
23
6
31
63
71
67
45
84
46
74
49
77
72
50
98
51
27
36
3
41
47
54
87
37
75
55
71
14
24
9
44
57
83
45
61
52
63
89
22
85
39
18
25
98
24
70
70
49
70
87
89
41
65
97
36
83
82
79
46
7
74
80
2
9
91
40
36
91
91
99
73
24
83
42
62
90
50
82
24
65
16
65
39
7
63
10
51
96
77
29
66
53
30
84
44
5
91
53
74
72
15
15
93
25
66
77
15
48
95
18
64
77
3
13
18
92
55
13
73
29
91
91
61
75
58
71
70
98
52
94
89
90
59
57
43
60
31
30
59
78
6
80
80
54
99
60
76
51
18
14
26
9
81
85
32
63
43
30
87
44
26
99
70
8
90
65
80
41
17
39
53
66
48
5
88
8
65
87
37
41
91
16
27
33
16
89
5
76
83
74
85
24
72
32
76
27
5
52
46
21
40
58
84
6
91
63
46
66
41
79
53
23
14
15
86
75
45
6
22
33
76
52
81
90
22
34
45
72
7
30
2
1
23
3
22
5
80
93
18
39
79
62
53
54
3
14
84
12
8
59
8
88
62
29
30
73
2
33
39
4
61
45
83
58
73
18
84
4
5
45
18
23
29
85
34
42
16
86
44
95
45
97
0
69
11
3
86
54
29
85
82
91
82
17
74
17
12
26
54
28
58
79
1
45
30
57
3
33
49
91
73
1
1
98
22
19
88
11
29
56
0
54
61
20
13
17
53
89
18
81
6
96
41
26
26
25
60
22
93
4
87
24
79
78
17
7
0
87
26
73
14
56
74
12
54
21
79
8
43
39
51
40
53
98
4
31
8
57
33
7
35
6
94
94
16
22
16
64
57
2
55
42
72
58
27
36
13
91
84
9
89
9
65
85
70
96
7
2
59
79
70
34
97
16
49
44
55
70
90
38
34
61
69
37
55
24
43
78
72
63
98
1
84
22
86
4
91
58
90
68
60
84
0
80
70
32
92
14
52
35
86
3
89
7
15
66
35
50
12
41
31
28
93
84
26
74
78
50
87
54
11
67
44
66
60
79
58
82
67
98
89
28
72
95
76
60
76
91
90
2
3
62
43
91
48
27
34
42
34
53
3
28
8
78
44
96
61
60
73
61
29
18
63
49
92
92
45
57
68
18
20
55
0
85
65
55
23
78
95
81
58
73
60
3
14
19
87
47
79
90
75
73
15
41
39
99
33
94
45
91
36
77
72
75
62
94
61
50
38
12
1
0
30
84
98
29
7
18
48
89
91
84
63
62
31
40
3
30
61
86
47
33
55
20
14
28
75
11
81
61
73
26
5
33
56
81
31
84
69
30
6
68
70
81
74
7
67
23
60
5
14
48
18
0
70
38
26
24
69
16
9
42
41
39
27
0
70
85
9
38
79
77
75
74
80
42
62
8
0
36
89
4
46
69
56
42
22
71
98
72
99
16
0
21
98
1
64
47
43
92
35
68
18
1
25
96
46
47
90
46
28
37
61
31
9
4
92
38
93
28
39
18
41
44
49
62
11
19
91
82
4
60
34
56
19
32
63
16
99
73
98
8
58
93
87
35
79
22
43
52
6
55
27
8
63
26
34
39
97
52
75
33
87
49
46
16
33
76
41
97
8
75
17
55
93
4
4
41
60
67
31
21
77
90
54
87
86
37
47
66
2
73
55
25
62
26
19
28
15
9
47
17
45
92
39
42
13
49
48
44
71
48
69
9
26
16
46
71
66
66
88
82
1
39
88
93
82
18
17
56
40
70
1
68
52
69
45
16
6
85
12
99
88
40
68
36
23
17
87
25
46
75
61
70
58
97
51
75
73
70
37
28
90
55
88
68
38
73
77
16
58
61
39
56
17
96
77
63
87
75
4
16
94
55
76
60
97
1
0
75
31
27
71
75
52
6
43
14
84
6
51
1
88
53
66
5
56
32
52
40
24
86
54
54
88
61
87
54
24
40
85
17
90
22
86
77
79
94
45
0
39
89
82
41
87
91
73
55
62
3
46
10
46
28
38
72
70
13
7
15
24
76
98
51
79
15
47
47
93
73
13
26
92
95
60
70
2
82
66
34
6
65
62
74
31
36
88
47
48
79
74
31
57
66
68
4
64
16
61
16
84
18
29
84
53
9
38
80
74
15
1
93
55
1
84
18
81
10
33
80
68
30
8
3
81
26
18
20
35
28
74
5
53
34
27
93
6
44
93
85
91
46
31
69
47
86
95
85
80
1
82
84
66
44
58
31
42
23
90
18
83
19
51
80
23
64
61
40
51
99
28
19
63
93
97
78
34
18
13
74
17
28
29
10
61
83
83
53
73
7
59
82
34
15
68
68
34
82
75
37
8
94
16
24
21
8
96
53
49
38
85
55
32
96
20
29
43
69
94
26
78
23
91
34
48
23
53
5
0
59
57
69
73
27
12
42
61
21
95
88
28
15
24
1
77
67
82
5
64
51
59
79
70
46
1
59
87
60
88
76
45
19
7
1
35
94
55
25
49
26
55
60
73
9
75
5
72
27
32
38
18
45
50
40
47
2
7
85
30
83
51
79
89
99
86
15
29
63
66
62
80
24
57
43
78
72
99
95
93
63
71
78
86
64
19
15
62
50
17
98
21
32
57
61
11
6
70
82
82
94
95
81
96
77
33
67
15
60
99
64
63
62
82
36
12
31
47
75
77
29
94
27
70
95
32
38
67
37
36
65
40
53
87
95
53
42
43
89
69
93
81
84
71
31
33
73
75
85
47
97
54
13
3
46
83
92
53
46
66
45
48
94
10
69
60
42
35
59
52
79
57
4
83
89
71
68
52
46
58
46
22
62
52
2
58
77
96
86
33
58
69
97
14
51
2
63
97
58
97
6
75
81
99
28
50
57
88
25
38
71
47
53
48
79
59
29
82
90
93
81
17
14
69
25
32
39
74
89
4
67
99
28
98
88
20
4
18
60
48
69
14
41
6
39
87
15
37
83
48
51
89
67
79
38
72
21
96
11
41
84
30
58
30
46
72
45
59
77
74
41
8
19
54
4
68
9
91
67
75
40
71
77
38
9
82
3
76
20
60
42
94
66
72
6
25
61
36
4
14
26
60
14
62
85
66
16
27
93
23
33
88
18
58
51
83
23
85
96
20
79
20
30
96
19
85
98
67
26
0
56
47
92
52
10
29
3
3
23
9
77
43
15
72
77
19
73
77
7
29
4
61
50
30
39
45
51
17
9
17
28
45
28
12
70
46
63
71
12
2
77
98
68
46
15
84
19
66
70
62
34
94
30
11
25
99
33
90
16
56
4
24
71
3
19
14
23
68
67
81
61
90
21
57
22
87
82
12
38
10
93
74
84
41
64
76
25
91
94
42
79
19
76
87
18
51
1
50
37
6
45
23
0
55
91
89
95
48
45
54
69
9
68
56
2
50
69
67
71
25
50
60
79
0
44
55
46
93
2
32
92
10
76
97
13
30
27
74
8
17
42
91
46
36
69
74
57
84
86
85
3
91
79
76
13
8
92
69
82
7
73
89
32
42
39
22
80
55
15
74
16
82
94
60
91
83
62
85
48
33
11
5
2
91
75
75
4
31
72
17
89
70
19
36
22
67
83
63
2
92
37
11
99
77
56
22
84
14
71
94
44
12
41
52
91
85
43
82
40
97
42
96
47
22
1
11
78
31
93
85
12
63
65
25
44
2
86
45
59
2
54
35
56
75
52
76
20
48
97
9
81
38
5
3
35
43
84
18
6
9
72
38
6
75
15
29
11
20
30
3
58
74
14
83
91
74
86
10
74
58
36
90
8
49
65
40
91
14
37
0
58
96
1
61
59
21
60
89
82
61
80
52
65
55
32
77
69
26
42
79
11
20
38
52
15
7
65
63
96
26
29
3
79
39
30
99
5
8
38
52
40
58
54
82
3
96
93
70
99
21
17
56
64
74
1
92
61
85
78
58
10
53
74
47
5
34
81
64
77
67
66
63
45
93
46
88
55
87
63
87
26
41
70
64
21
32
90
36
85
65
87
21
87
71
83
27
74
1
8
93
98
61
88
90
10
83
37
85
34
24
74
49
76
28
74
78
58
45
87
79
63
14
47
31
77
52
49
71
85
67
81
98
54
67
17
21
1
88
21
77
95
91
12
15
82
22
16
66
67
41
29
29
73
27
81
63
53
23
81
86
42
71
28
75
46
62
79
16
8
7
22
81
87
83
65
62
49
70
57
63
18
40
91
23
13
80
6
42
3
30
55
11
94
41
36
52
12
43
86
97
53
50
97
3
61
20
22
57
25
71
72
68
20
49
67
87
16
41
66
72
87
54
1
15
42
6
12
8
2
25
45
85
71
56
99
67
78
2
76
50
30
53
91
81
65
70
23
46
72
40
30
62
11
23
78
96
67
50
8
15
4
80
27
60
7
54
48
16
57
94
30
92
43
92
58
19
23
38
40
96
95
61
99
86
53
89
11
52
58
54
85
74
72
82
72
95
43
81
34
47
52
40
53
45
8
83
3
90
40
28
53
27
59
4
33
92
89
44
12
55
89
98
78
82
91
31
91
47
9
73
69
36
57
91
95
37
61
83
69
98
15
76
55
22
90
98
94
24
86
1
33
96
55
79
39
15
99
3
41
66
80
27
45
55
32
5
45
9
93
33
28
40
24
59
65
11
38
23
39
25
97
58
25
47
29
56
98
82
41
80
51
45
48
18
73
64
78
96
49
64
40
36
97
40
45
49
62
10
56
4
18
81
91
5
87
3
50
80
86
89
17
12
80
55
79
32
40
13
98
59
21
76
32
59
49
30
33
80
51
66
87
38
76
53
4
48
24
13
31
29
84
46
61
24
34
46
45
99
27
51
91
0
72
50
57
4
60
90
86
9
46
92
99
77
57
14
2
70
69
69
32
79
93
58
0
20
7
48
82
79
58
67
58
75
85
38
70
44
97
98
53
37
73
28
86
50
24
42
95
1
2
36
59
99
74
85
0
71
64
54
62
31
86
57
72
73
42
91
84
85
90
69
82
21
89
68
68
76
31
13
8
81
13
30
78
88
47
99
42
12
92
8
82
78
97
62
74
4
12
29
64
67
56
18
6
72
95
54
53
45
16
73
29
33
14
86
19
97
4
9
57
89
18
25
26
49
11
14
80
83
3
27
30
52
74
29
59
90
14
77
4
7
75
27
16
30
55
83
14
51
42
70
