overall_acc,0.8032
loss,[10.894985341186523, 6.262292875518799, 4.206010137252807, 3.267193739089966, 2.828095338439941, 2.612621516265869, 2.4856812479400636, 2.421089746322632, 2.389790262680054, 2.364985643310547, 2.346620048904419, 2.3390075717163086, 2.32632591796875, 2.31407144569397, 2.3142001747131347, 2.3009922883605958, 2.3091595169067385, 2.308156379623413, 2.3039140430450438, 2.30929692779541, 2.3076549406433107, 2.314410042953491, 2.3076099003601076, 2.3183689395904543, 2.3114786135101317, 2.317245751953125, 2.3210362560272215, 2.3462535672760008, 2.3363493013000487, 2.3397191540527342, 2.3379905605316162, 2.3528739443206788, 2.3581374364471435, 2.362642566757202, 2.365267827682495, 2.3756262532043455, 2.371461762008667, 2.3932836549377443, 2.398983165054321, 2.398957758331299, 2.403790237045288, 2.4259264844512938, 2.4342895667266844, 2.450241159057617, 2.444514137573242, 2.4502484825134276, 2.466291625366211, 2.4725156023406982, 2.4826113081359864, 2.495246939315796, 2.4839719660949706, 2.513245932159424, 2.5162157656097413, 2.532514719619751, 2.505434656829834, 2.5176368897247317, 2.522075251083374, 2.522061725463867, 2.5206029962158203, 2.5367828078460692, 2.02087287776947, 1.6510014209747315, 1.4431477535629273, 1.2917812085342408, 1.1956481492233277, 1.142776987876892, 1.1091714741134644, 1.0984346756744385, 1.0927547637939452, 1.100315864906311, 1.0981280213165283, 1.1005237705612183, 1.1039845497512817, 1.1064530475616454, 1.1189627188491822, 1.1179254666519165, 1.1249174669265747, 1.1333865536117553, 1.1410975108718873, 1.1399932524108887, 1.1285203007888793, 1.140569352645874, 1.1391613703536987, 1.1458944993209839, 1.1524429467773438, 1.1576467162322999, 1.160933459968567, 1.1638019011306762, 1.1852913082122802, 1.1734670262145996, 1.1806400966262818, 1.1772138288879395, 1.1714152270889282, 1.1775554022979737, 1.1970069068145752, 1.1929968227005006, 1.1987407356643678, 1.186932618331909, 1.1920334080123902, 1.2092766935348511, 1.214414475212097, 1.2097076496887207, 1.2057996606826782, 1.212294390220642, 1.2086786777877807, 1.2098713663482665, 1.2107070575332641, 1.2275513985824584, 1.2259297053146363, 1.2234495595169068, 1.223715326194763, 1.2236344650268556, 1.2169919050979614, 1.2298369397735596, 1.2185161388778687, 1.228003607597351, 1.2158283304214477, 1.2353918452835082, 1.2359426761627197, 1.2402583689117432, 1.1005065629577637, 1.0065734878349304, 0.9653761017608643, 0.932696207447052, 0.9034320147323608, 0.8739668215370178, 0.8466615035057068, 0.8200872062873841, 0.7951772094726562, 0.7711536970901489, 0.7476717028236389, 0.724293044872284, 0.7031961364746093, 0.6818362650489808, 0.6611640349197387, 0.6413845859146118, 0.6220753504753113, 0.6030061486053466, 0.5853139984512329, 0.5677468733024598, 0.5510150026702881, 0.53408369222641, 0.5183809358215332, 0.5029755009269714, 0.4880277799320221, 0.4734505146598816, 0.45935529381752016, 0.44586350152015686, 0.43284750968933106, 0.4195155403423309, 0.40756761607170106, 0.3959819243240356, 0.38412393131256106, 0.37358196258544923, 0.36245795249938967, 0.35243084528923035, 0.34395065958976745, 0.3331046036338806, 0.3229541352558136, 0.31364856325149537, 0.3075699219799042, 0.3052854182052612, 0.3029446878147125, 0.3010774207496643, 0.29935797145843507, 0.2973235559272766, 0.2954595321464539, 0.2937044775390625, 0.29181451431274413, 0.2899272828769684, 0.28825721912384034, 0.286358818321228, 0.28464654758453367, 0.2827326818561554, 0.2813114415550232, 0.27962825783729556, 0.27790134112358095, 0.2762336775779724, 0.2745926579093933, 0.2727656729221344, 0.2713156825733185, 0.2694923910140991, 0.2679510765457153, 0.26635914162635804, 0.26462656229019166, 0.26307254017829895, 0.26143017747879027, 0.2598412473487854, 0.2583106433582306, 0.25676488845825196, 0.25518389899253846, 0.25370003373146055, 0.25207973806381223, 0.2506808672237396, 0.249305589799881, 0.24766546835899353, 0.24625512640476227, 0.24473101410388948, 0.24325406253814696, 0.24166393355369567]
0,0.9565217391304348
1,0.9354838709677419
2,0.9130434782608695
3,0.7931034482758621
4,0.7741935483870968
5,0.8333333333333334
6,0.8260869565217391
7,0.8846153846153846
8,1.0
9,1.0
10,0.55
11,0.5238095238095238
12,0.95
13,0.6521739130434783
14,0.6666666666666666
15,0.7916666666666666
16,0.8076923076923077
17,0.9047619047619048
18,0.7352941176470589
19,0.8
20,0.7777777777777778
21,0.8421052631578947
22,0.9411764705882353
23,0.8461538461538461
24,0.782608695652174
25,0.6666666666666666
26,0.8333333333333334
27,0.875
28,0.8
29,0.7586206896551724
30,0.8518518518518519
31,0.76
32,0.6818181818181818
33,0.6206896551724138
34,0.84
35,0.5454545454545454
36,0.9047619047619048
37,0.8421052631578947
38,0.8461538461538461
39,1.0
40,0.7857142857142857
41,0.9545454545454546
42,0.782608695652174
43,0.8695652173913043
44,0.4782608695652174
45,0.7105263157894737
46,0.5
47,0.782608695652174
48,1.0
49,0.8823529411764706
50,0.7272727272727273
51,0.7142857142857143
52,0.75
53,0.896551724137931
54,0.9545454545454546
55,0.5714285714285714
56,0.9090909090909091
57,0.6785714285714286
58,0.9142857142857143
59,0.7916666666666666
60,0.8518518518518519
61,0.7931034482758621
62,0.8846153846153846
63,0.7916666666666666
64,0.8421052631578947
65,0.6818181818181818
66,0.8461538461538461
67,0.6521739130434783
68,0.9523809523809523
69,0.8
70,0.7666666666666667
71,0.8095238095238095
72,0.36363636363636365
73,0.78125
74,0.6060606060606061
75,0.9642857142857143
76,0.9047619047619048
77,0.6764705882352942
78,0.7894736842105263
79,0.8214285714285714
80,0.7586206896551724
81,0.9047619047619048
82,0.9459459459459459
83,0.8333333333333334
84,0.8518518518518519
85,0.9
86,0.8571428571428571
87,0.8666666666666667
88,1.0
89,0.8928571428571429
90,0.875
91,0.8461538461538461
92,0.72
93,0.8095238095238095
94,0.9565217391304348
95,0.6896551724137931
96,0.6956521739130435
97,0.8333333333333334
98,0.7307692307692307
99,0.8695652173913043
16
7
91
43
14
92
6
89
13
85
96
27
81
63
59
10
78
18
53
17
26
43
10
54
25
79
68
31
69
64
83
41
23
46
96
20
87
90
52
26
83
51
20
20
7
83
27
45
68
93
86
12
69
73
99
18
62
86
26
58
88
97
88
19
3
23
19
48
73
48
58
16
63
75
71
4
91
19
98
32
14
87
38
12
8
45
92
31
62
61
89
92
78
83
45
85
28
37
54
75
95
7
59
24
94
7
94
94
11
65
65
52
40
38
55
80
82
80
75
93
74
34
5
85
30
74
22
95
81
92
27
52
6
44
62
65
69
84
0
43
48
67
62
89
53
18
31
19
8
68
96
3
83
62
39
0
86
51
58
42
89
90
81
61
41
27
52
66
68
80
4
11
25
66
35
50
88
75
75
53
3
5
98
82
7
90
61
7
91
36
5
17
72
41
94
33
67
39
39
23
16
31
63
71
67
45
10
46
74
49
77
65
50
2
51
85
36
3
41
47
54
87
37
75
4
71
24
0
9
78
57
83
45
22
29
63
89
22
85
39
7
25
98
57
70
70
49
70
87
89
38
4
97
36
83
82
88
11
7
74
80
2
9
78
40
36
91
91
99
73
40
83
42
62
90
50
82
24
38
16
28
39
7
63
10
51
96
51
29
66
53
30
84
44
5
10
53
74
3
15
15
44
25
66
77
55
48
73
63
64
77
3
13
18
92
55
13
73
29
1
91
61
75
58
71
54
98
52
94
89
90
56
57
43
60
90
30
59
78
6
80
80
54
99
60
76
54
18
14
26
9
81
85
32
63
43
73
87
44
26
99
70
8
90
65
80
41
17
39
53
66
48
5
88
89
80
46
37
5
91
16
27
33
16
89
5
76
83
74
85
24
44
32
76
33
2
52
46
74
40
58
84
54
91
38
35
66
41
79
0
23
14
80
86
75
45
6
22
33
76
52
41
49
22
34
45
48
7
91
2
1
23
3
22
5
80
93
27
86
79
62
53
54
4
18
84
66
8
59
8
88
62
29
30
73
2
33
39
4
61
45
83
58
73
18
84
4
5
2
18
23
29
85
34
97
16
86
99
95
45
10
0
87
93
44
86
54
29
85
82
91
82
17
43
85
12
26
54
28
58
26
1
4
99
57
3
33
23
91
73
1
1
11
32
19
88
11
29
56
0
54
61
7
13
17
53
89
18
13
6
96
41
26
26
25
60
22
73
4
87
24
90
78
17
7
0
87
26
73
14
56
31
12
54
21
79
8
43
39
78
40
53
98
63
31
8
57
33
83
35
6
94
16
10
22
16
64
57
2
64
88
44
58
27
36
13
91
84
9
5
9
65
85
70
59
10
2
59
79
70
34
97
39
49
18
55
70
64
38
34
61
69
37
96
24
3
78
50
63
35
1
84
22
86
55
91
13
90
68
60
84
0
34
70
32
92
18
49
35
86
3
89
39
15
66
35
50
12
41
31
34
93
84
26
38
93
50
57
54
11
67
44
66
60
79
58
82
67
98
89
28
55
95
76
60
76
91
37
2
3
62
43
91
48
63
34
42
34
53
21
28
8
40
44
47
61
60
73
61
26
63
63
49
92
92
6
57
87
18
20
55
0
85
65
18
23
66
95
81
58
73
60
21
44
19
87
47
79
90
75
73
15
41
39
99
46
94
45
91
36
77
3
75
92
94
61
50
38
12
1
0
30
84
98
29
7
18
48
81
91
84
63
62
31
40
51
30
43
86
47
59
65
20
14
28
75
2
81
22
73
79
5
88
56
81
15
84
69
30
6
68
70
12
74
7
80
23
60
5
14
48
18
0
70
38
74
24
69
16
9
42
41
39
27
0
70
85
9
43
79
77
75
74
80
42
62
8
0
36
89
43
46
69
56
42
91
71
98
63
40
16
0
21
2
1
64
47
43
83
65
68
18
1
25
96
98
47
90
2
78
37
61
31
9
4
92
38
93
28
39
6
41
44
49
1
11
19
91
82
4
60
34
56
19
32
74
16
99
30
98
8
58
93
87
11
79
35
43
52
6
4
27
8
63
26
34
39
97
37
75
33
87
49
46
16
33
76
41
97
8
75
17
55
93
27
4
41
60
30
31
21
53
90
54
87
86
37
47
19
2
73
55
25
62
26
19
28
15
14
47
17
45
92
39
42
58
49
48
44
71
48
69
9
79
16
11
71
66
66
88
82
1
39
88
93
82
18
17
56
40
70
1
68
52
69
45
16
6
85
12
99
88
40
68
36
23
17
98
25
46
75
61
92
58
97
51
75
73
70
37
28
90
55
88
68
38
95
77
16
58
61
39
56
17
33
77
50
87
75
4
16
94
55
76
60
97
1
0
75
31
55
71
75
52
6
43
14
84
18
88
1
88
53
66
5
56
32
59
40
24
86
54
54
88
61
87
54
24
40
85
17
90
22
86
77
79
94
45
0
39
89
82
41
87
91
73
4
62
55
98
10
46
28
38
9
70
13
7
15
26
76
98
73
79
15
47
47
93
73
81
26
70
95
60
70
11
82
66
34
6
65
62
74
31
36
88
47
48
79
74
55
83
66
68
97
64
16
63
16
84
18
29
84
53
9
38
43
74
15
1
93
96
1
84
69
81
10
33
80
68
30
8
3
81
45
18
7
35
28
74
5
53
34
27
93
6
44
93
85
18
35
31
69
47
86
95
85
80
1
82
45
66
77
58
31
42
23
90
18
83
31
51
80
23
64
61
40
51
99
28
19
63
7
97
78
34
90
13
50
17
28
29
10
61
83
83
53
73
7
59
82
34
15
68
68
34
82
75
37
8
94
76
24
21
8
96
53
49
38
85
27
32
96
20
29
43
69
94
26
54
60
91
50
48
23
53
5
0
59
57
69
73
27
12
42
61
21
65
88
28
78
24
1
77
67
82
5
64
51
52
79
70
46
1
59
87
60
88
76
45
19
7
1
35
94
79
25
71
26
55
60
73
9
75
5
27
27
96
65
56
45
36
40
47
98
7
85
30
92
51
79
13
99
86
15
29
63
66
62
80
24
57
43
78
49
99
95
93
63
71
99
86
64
26
54
62
65
37
92
21
32
57
61
2
6
92
82
82
94
95
81
96
77
49
67
15
60
79
64
63
62
82
36
12
31
47
75
77
29
94
27
70
95
32
38
32
37
2
65
40
53
87
95
53
42
43
89
69
93
81
38
71
31
33
91
75
90
47
97
14
13
3
46
83
92
53
98
66
45
48
94
10
40
60
43
35
59
52
44
57
4
83
89
71
68
52
46
58
35
22
62
52
2
58
77
96
86
33
58
69
97
14
51
2
63
38
58
42
6
75
81
99
28
50
57
88
25
38
71
47
53
48
79
59
29
82
90
26
81
17
14
69
25
32
39
1
89
4
67
99
28
98
88
20
42
18
60
48
69
1
21
6
39
87
15
37
83
48
46
13
67
77
38
23
21
96
11
41
84
30
58
30
98
31
45
59
77
74
41
89
19
54
4
68
9
91
67
3
40
71
57
38
9
82
3
76
20
60
42
94
66
72
14
25
61
36
4
14
61
60
77
62
27
33
10
27
93
23
33
88
18
58
51
83
23
85
56
20
79
20
30
52
19
85
98
38
26
0
56
47
83
52
10
51
3
3
73
9
77
43
15
74
77
19
73
79
7
29
4
61
64
30
39
33
19
43
9
17
28
45
16
12
70
49
63
60
12
2
51
11
80
46
15
84
19
66
70
62
34
94
30
35
5
99
33
90
16
56
4
24
71
3
19
14
23
68
45
81
10
90
21
57
22
87
82
12
38
10
93
77
84
41
64
76
25
91
94
42
79
19
76
87
18
51
1
50
37
6
45
23
0
55
91
48
95
48
61
54
69
82
68
56
2
80
37
67
71
25
50
60
79
0
73
55
46
80
2
32
92
61
76
97
13
30
27
74
8
17
42
91
98
43
69
50
57
84
76
89
3
91
79
76
13
8
92
69
82
79
73
89
32
42
39
45
80
93
15
50
16
62
94
60
91
83
62
85
48
33
11
5
2
18
75
75
4
31
72
17
89
92
19
36
22
67
83
63
2
92
37
98
99
77
56
22
84
14
71
94
44
12
41
52
91
85
43
82
40
97
42
96
47
22
1
11
78
3
93
85
18
63
65
25
7
2
22
44
59
2
54
35
56
75
47
76
20
48
97
9
10
38
84
3
36
42
84
18
6
9
72
38
6
75
15
29
11
20
95
3
58
74
14
83
91
74
86
28
74
58
36
90
8
49
65
40
14
14
37
0
58
96
1
61
59
21
60
89
82
61
80
52
65
55
32
77
69
26
42
79
46
20
38
52
15
7
65
63
96
26
29
3
79
39
30
99
5
8
43
52
40
58
54
82
3
96
93
70
99
21
17
56
64
74
1
62
61
85
78
58
10
53
74
47
5
34
81
64
77
67
66
63
35
30
46
27
45
87
63
87
26
41
70
22
21
32
90
36
85
65
87
21
87
71
83
27
74
1
8
93
98
61
88
90
10
83
27
85
34
24
74
49
12
28
74
48
58
45
87
79
63
14
47
3
77
59
60
71
25
67
81
98
54
67
17
21
1
88
3
77
95
91
12
15
82
22
16
66
25
1
44
29
73
27
81
63
53
23
81
86
78
71
28
75
46
62
79
16
8
7
22
81
87
83
65
62
49
70
57
80
66
40
91
23
13
80
6
42
21
30
95
35
94
41
36
52
12
43
86
97
53
50
97
4
61
20
22
57
25
71
72
68
20
49
67
87
16
41
66
72
87
54
1
15
42
6
12
8
2
5
45
5
71
56
99
67
99
2
76
50
30
53
91
81
65
92
23
11
95
40
30
62
11
23
78
96
67
50
8
15
4
80
27
60
7
54
48
16
57
94
30
92
43
62
58
19
23
38
40
96
95
10
99
86
53
89
11
52
58
54
85
74
72
82
72
32
43
37
34
47
52
40
53
45
8
83
3
90
40
28
53
27
59
4
33
54
89
44
12
65
89
98
78
82
91
31
91
47
9
73
69
36
24
91
95
37
61
83
69
11
19
76
33
82
90
98
94
24
39
1
33
33
55
7
39
15
78
3
41
66
80
27
45
3
32
5
45
9
93
33
65
35
24
59
65
11
38
23
39
25
97
50
25
47
29
56
98
82
41
38
51
45
19
18
73
64
78
96
49
64
40
36
97
40
45
49
62
10
56
4
51
81
91
5
87
3
50
80
86
89
17
12
80
46
6
32
40
13
98
37
21
76
14
59
49
30
33
80
51
66
87
38
63
53
4
48
24
13
31
29
46
46
61
24
34
98
45
99
27
51
91
0
72
50
57
4
60
81
86
9
46
92
99
77
57
14
2
70
69
69
91
79
77
58
0
20
7
85
82
79
58
73
58
75
85
65
92
29
97
98
53
37
73
28
86
50
24
71
95
1
2
36
59
99
55
85
0
23
64
82
62
31
86
57
72
73
80
29
84
85
90
69
82
21
89
68
68
76
31
58
8
90
13
30
78
88
47
99
42
12
92
8
82
78
97
62
74
4
12
63
97
67
56
18
77
72
95
54
0
45
84
73
29
33
14
86
19
97
4
9
57
89
57
5
26
49
11
14
80
83
3
27
30
59
74
29
59
90
14
77
4
7
75
27
16
30
55
83
65
51
42
70
