overall_acc,0.7944
loss,[10.965934124450683, 6.312637190551758, 4.216331371765136, 3.269444704055786, 2.821010957260132, 2.600133928604126, 2.482151870727539, 2.4254138205718996, 2.38756935546875, 2.355810705566406, 2.33921217918396, 2.333045889282227, 2.319279457397461, 2.318595605163574, 2.3071912691497802, 2.3026716622161865, 2.2996232719421386, 2.304592717514038, 2.296182425918579, 2.300137883529663, 2.3070272787475585, 2.299336636199951, 2.3102365423583984, 2.298051410522461, 2.3041738501739504, 2.308478045654297, 2.3160594429016115, 2.327459464111328, 2.324884709701538, 2.3347199099731446, 2.330073042984009, 2.346989394454956, 2.343026007385254, 2.353155447845459, 2.3717946939086914, 2.375104642410278, 2.375343341445923, 2.3798029526519775, 2.3868280002593996, 2.3919475771331786, 2.404800640029907, 2.408185774459839, 2.419057908782959, 2.439422812652588, 2.4292037699127196, 2.4443678424072264, 2.4480644776916503, 2.4603654013061522, 2.4780004888916016, 2.4860965145874023, 2.486211102142334, 2.4963536710357666, 2.4845756691741943, 2.496154883270264, 2.4997688776397706, 2.5046189472961427, 2.52188850730896, 2.5170512033081054, 2.5110220657348634, 2.5188011974334716, 2.004542936248779, 1.6268882098388673, 1.422849164161682, 1.2804648056793213, 1.1930066139221192, 1.136697751121521, 1.1081232973098756, 1.0917367681503296, 1.0874945745468139, 1.0891363178253173, 1.0884452786636352, 1.0962670861053467, 1.097345466079712, 1.112691861076355, 1.109810694770813, 1.112460832824707, 1.114989202270508, 1.1139468503189087, 1.1273097652053834, 1.1379929034423828, 1.1234688305664062, 1.1340237768173218, 1.1540703329467774, 1.1441845812225342, 1.160502073097229, 1.1504466325759888, 1.1602361556243896, 1.1564911598587035, 1.1686291946792602, 1.1684284735488892, 1.1631557334518432, 1.1772727097702027, 1.174259164390564, 1.1807554552841186, 1.1720580437469483, 1.1887639183425904, 1.1939800049972533, 1.1969856854629517, 1.1974457823944091, 1.1884493156433105, 1.2051298323440551, 1.195962345161438, 1.1998143799209595, 1.2065443891906737, 1.2118320247650147, 1.2073480085754396, 1.208001143989563, 1.206263078994751, 1.2065483855819703, 1.2106681875610352, 1.2325935583496093, 1.2337019070053101, 1.2324271031188965, 1.2142956995391845, 1.235397138824463, 1.2345871796417236, 1.2274517765045165, 1.2279941331863404, 1.221822047920227, 1.2278367518615723, 1.083377522201538, 0.9963499042892456, 0.9560361353492737, 0.9251908526992798, 0.8944077864646912, 0.8658799942207337, 0.8392104452133179, 0.8131444080924988, 0.7872462844276428, 0.764305429058075, 0.7415669991111755, 0.7187848370361328, 0.6966804301261902, 0.6758621930503845, 0.655450506515503, 0.6357382228088378, 0.6167518820571899, 0.5975277642440796, 0.5796842700767517, 0.5621304323005676, 0.5455951914787293, 0.5289563766860962, 0.5134280962944031, 0.49786218366622925, 0.48318397144317626, 0.4686946842575073, 0.4553444431495666, 0.4415147637367249, 0.42857577130317687, 0.4159131591510773, 0.4039266591644287, 0.3916639616394043, 0.38022356581687927, 0.37096187003135683, 0.35923398577690124, 0.34882681787490843, 0.3395813190078735, 0.33118324392318726, 0.3215811527919769, 0.3121882257270813, 0.30533507879257205, 0.30306714193344114, 0.3008773596000671, 0.2990688310623169, 0.29719281435966494, 0.2952156177711487, 0.2932093855190277, 0.2914291864299774, 0.28959842928886415, 0.2879637837219238, 0.2861781011009216, 0.28426995084762574, 0.2825456332683563, 0.2807197645378113, 0.27915587843894957, 0.27759202218055723, 0.27595273194313047, 0.2740075786113739, 0.27251569699287415, 0.2707951845932007, 0.26909455238342284, 0.26751716616630555, 0.2658899371910095, 0.2642893431472778, 0.26266117595672606, 0.2611226732349396, 0.25955409492492676, 0.25796303426742556, 0.2563588019657135, 0.254941845664978, 0.25325173213005064, 0.25182057514190676, 0.2502475087928772, 0.24879866896629332, 0.2472563139629364, 0.24581008351802827, 0.24433882611274718, 0.24282109923362732, 0.24145420332431794, 0.23987359424114227]
0,0.9565217391304348
1,0.967741935483871
2,0.8260869565217391
3,0.7241379310344828
4,0.8387096774193549
5,0.7916666666666666
6,0.782608695652174
7,0.8076923076923077
8,1.0
9,1.0
10,0.35
11,0.5714285714285714
12,0.75
13,0.6086956521739131
14,0.8148148148148148
15,0.875
16,0.9615384615384616
17,0.9523809523809523
18,0.7058823529411765
19,0.76
20,0.8888888888888888
21,0.8421052631578947
22,0.9411764705882353
23,0.7692307692307693
24,0.8695652173913043
25,0.625
26,0.75
27,0.8333333333333334
28,0.88
29,0.7241379310344828
30,0.7407407407407407
31,0.8
32,0.7272727272727273
33,0.6206896551724138
34,0.84
35,0.36363636363636365
36,0.9047619047619048
37,0.7894736842105263
38,0.7307692307692307
39,1.0
40,0.8571428571428571
41,0.9545454545454546
42,0.782608695652174
43,0.8695652173913043
44,0.6956521739130435
45,0.6578947368421053
46,0.5454545454545454
47,0.782608695652174
48,1.0
49,0.9411764705882353
50,0.6363636363636364
51,0.7142857142857143
52,0.75
53,0.9310344827586207
54,0.9545454545454546
55,0.6190476190476191
56,0.8636363636363636
57,0.6071428571428571
58,0.8571428571428571
59,0.7083333333333334
60,0.8518518518518519
61,0.7931034482758621
62,0.9230769230769231
63,0.75
64,0.7368421052631579
65,0.6818181818181818
66,0.8461538461538461
67,0.782608695652174
68,0.9523809523809523
69,0.8
70,0.9
71,0.8571428571428571
72,0.45454545454545453
73,0.625
74,0.6666666666666666
75,0.9285714285714286
76,0.9047619047619048
77,0.6470588235294118
78,0.7368421052631579
79,0.8571428571428571
80,0.7931034482758621
81,0.9047619047619048
82,0.9459459459459459
83,0.8
84,0.8518518518518519
85,0.9666666666666667
86,0.7857142857142857
87,0.8666666666666667
88,0.9523809523809523
89,0.8571428571428571
90,0.875
91,0.8461538461538461
92,0.76
93,0.8571428571428571
94,0.9130434782608695
95,0.6206896551724138
96,0.6521739130434783
97,0.7916666666666666
98,0.46153846153846156
99,0.9130434782608695
16
7
91
43
14
92
6
89
13
85
47
27
81
63
59
61
78
18
53
17
27
43
10
54
94
79
68
99
69
64
83
41
23
11
96
20
87
90
52
26
83
67
20
20
7
83
27
45
68
93
16
12
60
45
99
18
62
50
26
58
88
64
88
19
3
71
19
48
58
48
58
16
63
75
55
4
32
15
98
32
14
87
38
12
8
45
92
31
62
61
89
62
78
83
26
85
28
37
54
30
95
7
59
24
94
7
94
94
11
42
65
52
40
38
55
80
82
46
75
93
74
34
5
85
30
74
22
95
81
92
27
52
18
44
62
65
69
84
0
43
48
67
62
37
53
67
13
19
8
68
3
3
83
70
39
0
40
51
58
19
89
90
81
61
41
66
52
66
68
80
4
11
25
27
35
36
88
7
75
53
3
5
35
82
7
81
61
7
91
1
5
17
72
41
94
33
67
39
39
23
6
31
63
71
67
10
10
46
74
33
77
65
50
46
78
55
36
3
41
96
54
81
37
75
63
71
14
0
9
44
57
83
45
22
52
42
89
22
85
39
7
25
98
4
70
70
49
70
87
89
41
85
97
36
83
82
51
46
7
74
80
2
9
91
40
36
32
91
99
73
24
83
42
62
90
50
82
24
38
16
40
39
7
63
10
51
96
77
29
66
53
30
84
27
5
91
53
74
72
15
15
44
84
66
77
55
48
99
72
65
77
3
13
18
92
55
13
72
29
91
91
61
75
58
71
70
98
52
94
89
90
56
57
43
60
81
30
96
78
74
80
80
54
99
60
76
54
18
14
26
9
81
85
32
63
43
12
87
44
26
99
70
8
90
65
80
90
17
39
53
66
48
5
88
12
80
87
37
40
91
16
27
33
16
89
5
76
83
74
85
24
93
32
76
45
5
52
46
27
40
58
84
6
91
38
35
66
41
79
0
23
14
15
86
75
45
6
22
33
76
52
81
90
22
34
45
48
7
30
2
1
23
3
22
5
80
93
27
39
79
92
53
54
63
18
84
22
8
59
8
88
62
18
73
73
2
33
39
4
22
45
83
58
73
18
84
4
5
53
18
23
29
85
34
97
16
86
99
95
45
97
0
87
11
44
86
62
29
85
82
91
82
17
4
85
12
26
54
28
58
79
1
4
99
16
3
33
23
91
73
1
1
98
1
19
88
11
29
56
0
54
61
20
13
17
53
89
18
81
6
47
41
26
26
25
60
22
1
4
47
24
90
78
17
7
0
87
26
73
14
56
18
12
54
80
79
8
43
39
51
40
53
98
4
31
8
57
33
26
35
6
94
16
65
22
16
64
57
2
63
88
72
58
26
36
13
91
84
9
58
9
65
85
70
96
90
11
59
79
70
34
97
16
49
18
55
70
64
38
34
61
69
37
64
24
3
78
51
74
3
1
84
8
86
4
91
13
90
68
60
84
0
34
54
32
92
7
49
35
86
3
89
44
15
66
35
50
12
41
31
5
93
84
26
74
80
50
57
54
35
67
44
66
60
79
58
82
67
45
89
28
55
95
76
60
76
91
37
2
4
62
43
91
48
63
34
33
34
53
3
28
8
40
44
47
61
60
73
61
29
18
63
49
92
92
45
55
68
18
20
55
0
85
75
91
23
66
95
81
58
73
60
21
62
19
87
47
79
90
75
73
15
41
39
99
46
94
45
91
36
77
65
75
62
94
61
50
38
12
1
0
30
84
98
29
7
18
48
87
91
84
4
62
31
40
95
30
10
86
47
56
98
25
14
28
27
2
81
22
44
79
5
23
56
81
31
84
69
30
6
68
70
81
74
7
80
55
60
5
14
48
18
0
70
38
43
24
69
16
9
42
41
39
27
0
70
85
9
43
79
77
75
74
80
42
45
8
0
36
89
42
46
69
56
42
10
71
98
72
40
16
0
21
2
1
64
47
43
83
65
68
44
1
25
96
46
47
90
2
28
37
61
31
77
4
92
38
93
28
39
18
41
44
49
1
11
19
91
82
4
60
34
56
19
32
74
16
99
49
98
8
58
93
87
11
7
22
43
52
6
4
27
8
63
26
34
39
97
47
75
33
87
49
46
16
33
76
41
97
8
75
17
80
93
27
4
41
60
30
65
21
77
90
54
87
86
37
47
66
2
73
55
25
62
26
19
28
15
14
59
69
45
92
39
42
13
49
48
44
71
48
69
9
26
94
46
71
66
66
88
82
1
39
88
93
82
18
17
56
40
70
1
68
52
69
45
16
6
85
12
99
88
40
68
36
60
17
94
25
46
75
61
70
58
88
51
75
73
70
37
28
90
72
88
68
38
73
7
16
58
16
39
56
17
96
77
32
87
75
4
16
94
55
76
60
97
1
0
75
31
72
71
75
52
6
43
14
84
14
51
1
88
53
66
5
56
32
52
40
24
86
54
54
88
61
87
54
24
16
85
17
90
22
86
77
79
94
45
0
39
89
82
41
87
91
73
4
62
3
46
10
46
28
38
93
70
13
7
15
24
76
98
67
79
15
47
47
93
73
81
26
70
95
60
70
2
82
66
34
6
65
62
74
31
36
88
52
48
79
50
55
57
66
68
97
64
16
61
16
84
18
29
63
53
9
77
43
74
15
1
59
55
1
84
93
90
28
33
80
68
30
8
3
81
48
18
20
11
28
93
5
53
34
27
93
6
44
93
85
14
35
31
69
47
86
95
85
80
1
82
84
66
2
58
31
42
23
90
18
83
31
51
80
23
64
61
40
51
99
28
19
63
26
97
78
34
27
13
74
17
28
29
10
61
83
83
53
73
7
59
82
34
15
68
68
34
82
75
37
8
94
16
24
21
8
96
53
49
66
58
27
32
96
20
29
43
69
94
26
92
60
91
34
48
71
53
5
0
59
83
69
73
50
12
64
61
21
95
88
28
15
24
1
77
67
82
5
64
51
59
79
70
2
1
59
87
60
88
76
45
19
7
1
35
94
79
16
49
26
30
60
73
9
75
5
27
27
96
65
56
56
29
40
96
2
7
85
30
92
51
79
89
99
86
15
29
63
66
62
80
24
57
43
78
49
99
95
93
72
71
67
86
64
4
11
62
50
17
35
21
32
57
61
2
6
92
82
82
94
95
81
96
93
33
67
31
60
99
74
63
62
82
36
76
31
47
75
77
29
94
27
70
95
32
38
67
37
2
65
40
53
87
95
53
42
43
89
69
93
81
40
71
31
33
91
75
85
47
97
62
81
33
46
62
92
53
46
66
45
48
94
10
40
60
42
98
59
52
44
57
4
83
89
71
68
52
46
58
46
22
62
52
2
58
77
96
86
33
58
69
97
14
51
2
63
79
58
97
6
75
81
99
28
50
57
88
25
38
71
47
53
48
79
59
29
82
90
93
81
17
14
69
25
32
39
14
89
4
67
99
28
98
88
20
4
18
60
48
69
18
41
6
39
72
15
37
78
48
15
89
67
77
38
72
21
96
11
41
84
30
58
30
46
31
45
59
77
74
41
8
19
54
4
68
9
91
67
3
40
71
77
38
9
82
3
76
20
60
42
94
66
72
14
25
61
36
4
14
10
60
77
62
85
75
16
27
93
23
33
88
18
58
51
83
23
85
56
20
79
20
30
47
19
4
35
67
26
0
56
47
83
96
83
51
3
3
23
9
24
43
15
72
77
19
73
24
7
29
4
61
79
91
39
45
51
17
9
17
28
45
28
18
70
49
63
60
12
11
51
11
4
46
15
84
19
66
70
62
34
87
30
11
5
99
33
90
16
56
4
24
71
3
19
14
23
68
45
81
61
90
21
57
22
87
82
12
38
10
93
77
84
41
64
76
25
91
94
42
79
19
76
87
18
51
1
50
37
6
45
23
0
55
91
48
95
48
45
54
69
14
68
56
86
80
41
67
71
25
50
60
79
0
44
55
46
93
2
32
92
61
76
97
13
30
27
74
8
17
42
91
35
36
69
50
57
84
39
85
21
91
44
76
13
8
92
69
82
7
73
89
74
42
39
78
80
4
15
74
16
62
94
60
91
83
62
85
48
59
11
5
2
91
75
75
4
31
72
17
89
92
19
36
22
67
83
63
2
92
37
2
99
77
56
22
84
14
71
94
44
12
41
52
91
85
43
82
40
97
42
96
47
22
1
11
78
72
93
85
18
63
65
25
44
2
86
44
59
2
54
11
56
75
52
76
20
48
97
9
90
38
5
3
36
43
84
18
6
9
72
38
82
75
15
29
11
20
95
3
58
74
14
83
91
74
86
10
74
58
36
90
8
49
4
40
91
14
13
0
58
96
1
61
59
21
60
89
82
61
80
52
65
55
32
77
69
26
42
79
11
20
38
52
15
79
65
63
96
26
29
3
79
39
30
99
5
8
67
52
40
58
54
82
3
82
93
70
99
21
17
56
64
74
1
92
61
85
78
58
61
53
74
47
5
34
81
64
77
67
66
63
35
93
46
44
74
87
63
87
26
41
70
22
21
32
90
36
85
3
87
21
87
71
53
27
74
1
8
6
98
61
88
90
10
83
66
85
34
24
74
49
76
28
50
26
58
45
87
79
67
14
47
31
77
59
49
71
25
67
81
2
54
67
17
21
1
88
21
77
95
91
12
15
82
22
16
66
25
1
29
31
73
27
81
63
53
23
81
86
42
71
28
75
46
62
79
16
8
7
22
81
87
83
65
62
49
70
57
77
33
40
91
23
13
80
6
42
66
30
55
35
94
41
36
52
12
43
86
97
53
65
80
4
61
20
22
57
25
71
72
68
20
49
67
87
16
41
66
89
87
51
1
15
42
6
85
8
2
5
45
93
71
56
99
67
72
2
76
50
30
53
91
81
65
92
23
11
95
40
74
62
11
23
78
96
67
67
8
15
4
80
27
60
7
54
48
16
57
94
30
92
43
62
58
19
23
38
40
96
95
61
99
86
53
89
11
52
58
54
85
74
3
82
72
69
43
81
34
47
47
40
53
45
8
83
3
90
40
28
53
27
59
4
33
92
89
44
12
55
89
98
78
82
91
31
91
47
9
73
69
36
57
91
95
37
10
83
69
11
55
76
65
82
90
98
94
24
39
1
33
90
55
79
39
15
99
3
41
66
80
27
45
4
32
5
45
9
93
33
46
35
24
37
65
46
38
23
39
25
97
58
25
47
29
56
98
82
41
93
51
79
34
18
73
64
78
96
49
64
40
36
97
40
45
49
62
10
33
4
18
81
91
5
87
3
50
80
86
89
17
12
80
46
6
32
40
13
98
37
21
76
14
59
49
30
33
80
51
66
87
38
63
53
4
48
24
13
31
29
84
46
61
24
34
46
45
99
27
51
91
0
72
50
57
4
60
90
86
9
46
92
99
77
57
14
2
70
69
69
32
79
44
58
0
20
7
85
82
79
58
72
87
3
85
55
70
44
97
46
53
37
30
28
86
78
24
31
95
1
2
36
59
99
91
85
0
71
64
82
62
31
86
2
72
73
63
29
84
85
90
69
82
21
89
68
68
76
31
58
8
81
13
30
78
88
47
99
42
12
92
8
82
78
97
62
74
4
12
29
43
80
56
18
77
3
95
54
0
45
16
73
29
33
14
86
19
97
4
9
57
89
57
40
26
49
11
14
80
83
21
27
30
59
74
29
59
90
14
77
72
7
75
27
16
30
90
83
14
51
42
70
