overall_acc,0.7988
loss,[10.84801163269043, 6.24019334274292, 4.215236135406494, 3.27232356300354, 2.826978833847046, 2.6048322834014894, 2.49028023727417, 2.434369168777466, 2.3826241970825195, 2.3720453966522217, 2.346364250869751, 2.334391347885132, 2.321897236633301, 2.3196877059173584, 2.3117143880462647, 2.3080396716308593, 2.304430702896118, 2.307370796890259, 2.301878681259155, 2.303720607299805, 2.304989069366455, 2.3056447679138183, 2.3175485427093507, 2.3086918016815186, 2.3163904399108888, 2.31288301902771, 2.32283309715271, 2.341447632751465, 2.3302638068389894, 2.3433640132141114, 2.3448697639465332, 2.3611248099517823, 2.3662162732696532, 2.369366277694702, 2.3870406898498535, 2.389652628631592, 2.3933523417663576, 2.4115984473419187, 2.4230187561035157, 2.436332381515503, 2.4316643983459474, 2.4461089308929442, 2.456464472885132, 2.467216707305908, 2.4632045824432374, 2.4658944959259035, 2.4645165171051024, 2.497145655517578, 2.506999357910156, 2.505302621231079, 2.5190293656921385, 2.516651874694824, 2.5146997540283205, 2.5369292348480226, 2.51341352973938, 2.5317938312530517, 2.536348569869995, 2.5513800090026857, 2.547918901672363, 2.561314614944458, 2.039399057044983, 1.6638513753128052, 1.4552418008422852, 1.3037329557037354, 1.2081870125579834, 1.1464999097442627, 1.1092237548065185, 1.0987770004272461, 1.0968083837127685, 1.0924239065551757, 1.0920828755569458, 1.0934280018615723, 1.115287928314209, 1.0988796460342407, 1.1115628982925414, 1.1204572442626952, 1.129826478843689, 1.1347295967102051, 1.1324381299209594, 1.1477111491012573, 1.1439820122146607, 1.1445875341415406, 1.1456337603759765, 1.1488203100967407, 1.160789066581726, 1.1636049744415282, 1.1712122869110106, 1.1697786093902587, 1.1626490454101563, 1.1727193741226196, 1.1722774866104126, 1.178429231338501, 1.1858249853897094, 1.193667686958313, 1.1886276761245727, 1.1875740222930908, 1.210463067817688, 1.183995558052063, 1.1928407391357423, 1.2011238837051392, 1.2187782706069947, 1.2061326150512695, 1.2139595755767822, 1.2181702504730225, 1.2177329693984986, 1.2148118244934083, 1.2137168224716186, 1.2168400764083862, 1.2303272911453247, 1.2230735765838623, 1.2169990756988525, 1.2245517851257324, 1.2375777633666991, 1.225161085510254, 1.2396588758850098, 1.227024898071289, 1.2421810556030273, 1.24646103805542, 1.2319758489990233, 1.2420904504394532, 1.0937238510513305, 1.0029418288040162, 0.9649103887176513, 0.9312852172279358, 0.9017217742919922, 0.873474934425354, 0.8455465473175049, 0.8196489094161987, 0.7949106235694885, 0.7702238472175598, 0.7465348519706726, 0.7238183690071106, 0.7017895816230774, 0.6806926642990112, 0.6600598049354554, 0.6408840965270997, 0.6216372260093689, 0.602631432647705, 0.5841651810455323, 0.567134359073639, 0.5500698978614807, 0.5335002998542786, 0.5180040368843079, 0.5018506324958801, 0.4869106427288055, 0.4725871469593048, 0.45860162861824033, 0.4451255188083649, 0.43228728249549864, 0.41969360978126524, 0.40672798562049867, 0.39455590637207033, 0.3826870288467407, 0.371701543712616, 0.36154201310157774, 0.35093427481651307, 0.3402941463184357, 0.33022413458824157, 0.3222200580883026, 0.31481855395317077, 0.30926379989624025, 0.3053059184741974, 0.30306833824157714, 0.300941597700119, 0.2990362993144989, 0.2969134613513947, 0.29493603912353517, 0.2931051201534271, 0.29142360105514525, 0.289592124042511, 0.2878504806518555, 0.28591827204704284, 0.28428378593444825, 0.28228462427139284, 0.280670446805954, 0.2792217529201508, 0.27736107332229615, 0.27558469922065737, 0.2739646592998505, 0.2722745653057098, 0.2705227092075348, 0.26907646560668946, 0.26738442150115965, 0.26556707743644714, 0.2641226107788086, 0.2625512145423889, 0.2608824786758423, 0.2593600705051422, 0.2577959693241119, 0.2562597977542877, 0.25465566084861757, 0.2532000325298309, 0.2516316224002838, 0.25002590264320373, 0.24875259592056276, 0.24704943159103393, 0.24558320281028748, 0.24414615396976472, 0.2426187269449234, 0.24124648017883302]
0,1.0
1,0.9354838709677419
2,0.782608695652174
3,0.6896551724137931
4,0.7741935483870968
5,0.7916666666666666
6,0.782608695652174
7,0.8846153846153846
8,1.0
9,1.0
10,0.5
11,0.47619047619047616
12,0.9
13,0.6956521739130435
14,0.6666666666666666
15,0.9166666666666666
16,0.8461538461538461
17,0.9523809523809523
18,0.6176470588235294
19,0.88
20,0.8333333333333334
21,0.8421052631578947
22,0.9411764705882353
23,0.8846153846153846
24,0.7391304347826086
25,0.625
26,0.8333333333333334
27,0.75
28,0.88
29,0.7241379310344828
30,0.8148148148148148
31,0.68
32,0.7727272727272727
33,0.5172413793103449
34,0.92
35,0.5454545454545454
36,0.8095238095238095
37,0.8421052631578947
38,0.8461538461538461
39,0.9565217391304348
40,0.6785714285714286
41,0.9545454545454546
42,0.8695652173913043
43,0.8695652173913043
44,0.6521739130434783
45,0.6578947368421053
46,0.5909090909090909
47,0.6956521739130435
48,1.0
49,0.8823529411764706
50,0.7727272727272727
51,0.8571428571428571
52,0.9
53,0.896551724137931
54,0.9090909090909091
55,0.6666666666666666
56,0.9090909090909091
57,0.6071428571428571
58,0.8857142857142857
59,0.6666666666666666
60,0.8148148148148148
61,0.7586206896551724
62,0.8846153846153846
63,0.7916666666666666
64,0.7894736842105263
65,0.7272727272727273
66,0.8461538461538461
67,0.6956521739130435
68,0.9523809523809523
69,0.8333333333333334
70,0.8666666666666667
71,0.8095238095238095
72,0.5
73,0.65625
74,0.6060606060606061
75,0.9642857142857143
76,0.9047619047619048
77,0.7647058823529411
78,0.6842105263157895
79,0.7857142857142857
80,0.7931034482758621
81,0.8571428571428571
82,0.918918918918919
83,0.8666666666666667
84,0.9259259259259259
85,0.9
86,0.8571428571428571
87,0.8666666666666667
88,0.9523809523809523
89,0.9285714285714286
90,0.875
91,0.8717948717948718
92,0.68
93,0.7619047619047619
94,0.9565217391304348
95,0.5862068965517241
96,0.7391304347826086
97,0.75
98,0.7307692307692307
99,0.8695652173913043
16
7
91
43
14
92
6
89
13
85
96
27
81
63
59
10
78
45
53
17
27
43
10
54
25
79
68
99
69
64
83
41
23
46
96
20
87
90
52
26
83
67
20
20
7
83
27
45
68
93
86
12
69
45
99
1
62
86
26
58
88
64
88
19
34
23
19
48
44
48
58
16
63
3
71
4
32
15
98
32
14
87
38
12
8
45
92
31
62
61
89
92
78
83
45
85
28
37
54
72
95
7
59
24
94
7
94
94
11
38
65
52
40
38
55
80
82
46
75
51
50
34
25
85
30
74
22
95
81
92
27
52
51
44
62
65
69
84
0
43
48
67
62
89
53
44
81
19
8
68
3
3
53
70
39
0
86
51
58
19
89
90
81
61
41
66
52
66
68
80
4
46
25
27
35
50
88
7
75
53
3
5
98
82
7
87
61
7
91
1
5
17
72
41
94
33
67
39
39
23
9
31
63
71
67
45
84
46
74
49
77
65
50
98
51
55
36
3
41
59
54
87
37
75
74
71
14
0
9
44
57
83
45
61
52
42
89
22
85
39
18
25
98
98
70
70
49
70
87
89
38
25
97
36
83
82
77
46
7
93
80
2
9
78
40
36
32
91
99
73
73
83
42
62
90
50
82
24
38
16
5
39
7
63
10
51
96
77
29
66
53
30
84
44
5
91
53
74
72
38
15
44
5
66
77
55
48
91
63
64
77
3
13
18
92
55
13
73
29
91
91
99
75
58
71
70
98
52
94
89
90
56
57
43
60
45
30
47
78
6
80
80
54
83
60
76
54
18
14
26
9
90
85
32
63
43
73
87
44
26
99
70
8
90
65
80
90
17
39
53
66
48
5
88
25
80
98
37
40
91
16
4
33
16
89
5
76
83
74
85
24
72
32
76
18
37
52
46
21
40
58
84
6
91
63
35
66
41
26
0
23
14
15
86
75
45
6
22
96
76
52
41
90
22
34
45
66
7
30
2
1
23
3
22
5
80
93
27
39
79
92
53
92
4
18
84
22
8
59
8
88
62
29
73
73
2
33
39
4
22
45
83
58
73
18
84
4
5
57
18
23
29
85
34
42
16
86
31
95
45
97
0
66
93
44
86
62
29
85
82
91
82
17
80
37
12
26
54
28
58
79
1
64
30
57
3
33
23
91
73
1
1
35
32
19
88
11
29
56
0
54
61
20
13
17
53
89
18
81
6
96
41
26
26
25
60
22
93
4
47
24
90
63
17
7
0
87
26
73
14
56
44
12
54
21
79
8
43
39
61
40
53
98
93
31
8
57
33
29
35
6
94
16
10
22
16
63
57
2
4
88
72
58
26
36
13
91
84
9
5
9
65
85
70
59
90
2
59
79
70
34
97
86
49
44
55
70
90
38
34
61
69
37
64
24
15
78
51
63
35
1
84
22
86
55
91
13
90
68
60
84
0
34
54
32
92
18
96
35
86
3
89
44
15
66
35
50
12
41
31
34
93
84
26
74
15
50
57
54
35
73
44
66
60
26
58
82
67
98
89
28
55
95
76
60
76
91
37
2
4
62
43
91
48
27
34
42
34
53
3
28
8
78
44
47
61
60
73
61
29
63
4
49
92
92
78
55
68
18
20
55
0
12
75
73
23
78
95
81
58
73
60
21
62
19
87
47
34
90
75
91
15
41
39
99
33
94
45
91
36
77
68
75
62
94
61
50
38
12
1
0
30
84
98
29
7
18
48
81
91
84
63
62
31
40
29
30
10
86
47
96
98
20
14
28
75
35
81
22
73
79
5
88
56
81
15
84
69
30
6
68
70
12
74
7
80
55
60
5
14
48
18
0
70
38
4
24
69
16
9
42
41
39
27
0
70
85
9
43
79
77
75
74
80
42
74
8
0
36
89
4
46
69
56
42
22
71
98
55
40
16
0
21
2
1
64
47
43
83
65
68
18
1
25
96
98
47
90
2
28
37
61
31
9
4
92
38
93
28
39
6
41
44
49
62
11
19
91
82
4
60
34
56
19
32
74
16
99
73
98
8
58
93
87
2
7
35
43
52
6
4
27
8
63
26
34
39
97
96
75
33
87
49
35
16
33
76
41
97
8
75
17
55
93
44
4
41
60
30
65
21
77
90
54
87
86
37
47
19
2
73
55
25
62
26
19
28
15
14
47
69
45
92
39
42
58
49
48
44
71
48
69
9
26
94
11
71
66
66
88
82
1
39
88
93
82
7
17
56
40
70
1
68
52
69
45
16
62
85
12
99
88
40
68
36
60
17
99
25
46
75
61
70
58
88
51
75
73
70
37
28
90
55
88
68
38
73
6
16
58
61
39
56
17
96
77
63
87
75
4
16
94
55
76
60
97
1
0
75
31
55
71
75
52
6
43
14
84
14
51
1
88
53
66
5
56
32
52
40
24
86
54
54
88
61
87
54
24
40
85
17
90
22
86
77
79
94
45
0
39
89
82
41
87
91
73
4
62
55
98
10
46
28
38
74
70
13
7
15
26
76
98
73
79
15
47
47
93
73
13
26
70
95
60
70
2
82
66
34
6
65
62
74
31
50
88
52
48
79
50
50
83
66
68
64
64
16
66
16
84
18
29
91
53
9
38
43
74
15
1
93
96
1
84
92
90
10
33
80
68
30
8
3
81
26
18
7
35
28
72
5
53
34
27
93
18
44
93
37
7
46
31
69
47
86
95
85
80
1
82
14
66
44
58
31
42
23
90
18
83
19
51
80
23
64
61
40
51
99
28
19
63
7
97
78
34
90
13
74
17
28
29
10
61
83
83
53
73
7
59
82
34
15
68
68
34
82
75
37
8
94
16
24
21
8
96
53
49
38
85
27
32
96
20
29
43
69
94
26
82
23
91
34
48
23
53
5
0
59
83
69
73
27
12
42
61
21
95
88
28
15
24
1
77
67
82
5
64
51
52
79
70
46
1
59
87
60
33
76
45
15
7
1
35
94
79
25
71
26
30
60
73
9
75
5
27
27
96
38
56
56
44
87
47
2
7
85
30
92
51
79
89
99
86
15
29
63
66
62
80
24
57
43
78
49
99
95
93
72
71
77
86
64
4
15
62
50
17
98
55
32
57
61
11
6
92
82
82
94
95
81
96
77
33
67
31
60
99
64
63
62
82
36
60
31
47
75
77
29
94
27
70
95
32
38
32
37
26
65
40
53
87
95
53
42
43
89
69
93
81
84
71
31
33
73
75
90
47
97
62
13
19
46
62
92
53
46
66
45
48
94
61
69
60
37
35
59
52
44
57
4
83
89
71
12
96
46
12
98
22
62
52
2
58
77
96
86
33
58
69
97
14
51
2
63
79
58
97
6
80
81
99
28
50
57
88
25
38
71
47
53
48
79
59
29
82
90
93
81
17
14
69
25
32
39
74
89
4
67
99
28
98
88
20
64
18
60
48
69
18
87
6
39
25
15
37
83
48
46
89
73
77
38
23
21
96
11
92
84
30
58
30
98
72
83
59
77
50
41
8
19
54
4
68
9
91
67
19
40
71
77
38
9
82
3
76
20
71
42
94
66
72
14
25
22
36
4
45
10
60
77
62
85
33
86
67
93
23
33
88
18
58
0
83
23
85
56
20
79
20
30
52
19
55
98
67
26
0
56
96
92
52
10
51
3
3
23
9
77
43
15
93
77
19
73
77
7
69
4
61
64
30
39
33
19
51
9
17
28
45
28
12
41
49
63
60
12
2
51
46
55
46
15
84
19
66
70
62
34
94
72
11
42
99
96
90
16
56
4
24
71
3
19
79
23
68
45
81
61
90
21
57
22
87
82
12
38
10
93
77
84
41
64
76
25
91
94
42
79
19
76
87
18
51
1
50
94
6
45
23
0
55
91
89
95
48
16
54
69
9
68
56
86
80
47
67
71
25
50
60
79
0
73
74
46
80
2
32
92
61
76
97
13
30
27
74
8
17
42
91
35
36
69
65
57
84
76
89
21
91
79
76
13
8
92
69
82
79
73
89
32
42
39
26
80
4
15
50
16
70
94
60
91
83
62
85
48
59
11
5
2
55
75
75
4
31
72
17
89
92
19
36
22
67
83
63
2
62
37
2
99
77
56
22
84
14
71
94
44
12
41
52
91
85
43
82
40
97
42
96
47
22
1
11
78
72
93
85
12
63
65
25
7
2
86
44
59
2
54
98
56
75
52
76
20
48
97
9
81
38
5
3
35
43
84
18
6
9
72
38
14
75
15
29
11
20
95
3
58
74
44
83
91
74
86
10
74
58
36
90
8
49
65
40
61
14
37
0
58
96
1
61
59
21
60
89
82
61
80
52
65
55
32
77
69
26
42
79
46
20
38
52
15
7
65
63
96
26
29
3
79
39
30
99
5
8
67
52
40
58
54
82
3
96
93
70
99
21
17
56
64
74
1
92
61
85
78
58
10
53
74
47
5
34
81
64
77
67
66
63
45
30
46
18
74
87
63
87
26
41
70
51
21
32
90
36
85
3
87
21
87
71
83
27
63
1
8
6
98
61
88
90
10
83
42
85
34
24
74
49
12
28
64
6
58
45
87
79
67
14
47
31
77
59
60
71
25
67
81
98
54
67
17
21
1
88
21
77
95
91
12
15
82
22
16
66
25
44
29
29
73
27
81
63
53
23
81
86
78
71
28
75
98
26
79
16
8
7
22
81
87
83
65
62
49
70
57
63
78
40
91
23
13
80
6
42
35
30
67
35
94
41
36
52
12
43
86
97
53
50
97
95
61
20
22
57
25
71
75
68
20
49
67
87
16
41
66
44
12
51
1
15
42
6
85
8
2
5
45
5
71
56
99
67
72
2
76
50
30
53
91
81
65
92
23
11
72
40
30
62
11
23
78
96
67
42
8
15
4
80
33
60
7
54
48
16
57
94
30
92
43
62
58
19
23
38
51
96
95
10
99
86
53
89
11
52
58
54
85
74
55
82
72
69
43
37
34
47
52
40
53
45
8
83
3
90
87
28
53
27
59
4
33
54
89
44
12
55
89
35
78
82
91
31
91
47
9
73
69
36
78
91
95
37
61
83
69
11
15
76
80
78
90
98
94
24
86
1
33
74
55
7
39
15
99
3
41
66
80
27
45
4
32
5
45
9
44
33
84
11
18
56
65
11
38
23
39
25
97
58
46
52
42
56
98
82
41
38
51
73
26
18
73
64
78
96
49
64
40
36
97
40
18
49
62
10
56
4
77
81
91
5
87
3
50
80
86
89
17
12
80
46
6
32
25
13
98
37
21
76
14
59
49
30
33
80
51
66
87
38
63
53
21
48
24
13
31
49
84
46
61
24
34
46
45
99
27
51
91
0
72
50
57
4
60
90
86
9
11
92
99
77
57
62
2
70
69
69
32
79
93
58
0
20
7
85
82
79
58
72
58
3
85
55
62
29
97
35
53
37
30
28
15
50
24
29
95
1
2
36
52
99
55
85
0
23
64
82
62
31
86
57
72
73
42
91
84
85
90
69
82
21
89
68
68
76
31
58
8
12
13
30
78
88
47
73
42
12
92
8
82
18
97
62
74
4
12
29
38
80
56
18
77
72
95
54
57
45
5
73
29
33
6
86
19
97
4
9
57
89
77
5
26
49
11
14
55
83
3
27
30
52
74
29
52
90
14
77
65
7
75
27
16
30
74
83
14
51
42
70
