overall_acc,0.7944
loss,[10.869382643585205, 6.22610607711792, 4.1873762167358395, 3.2588676036834716, 2.8129875596618654, 2.5982482888793945, 2.4865721556091307, 2.4247356744384767, 2.388309884262085, 2.3526383088684084, 2.352747091293335, 2.334498271408081, 2.3248449156188964, 2.320090125198364, 2.3181805068969727, 2.3013094522857664, 2.3104939683532715, 2.3065325565338135, 2.2964579805755614, 2.3086531732177735, 2.309974239730835, 2.301008287811279, 2.3133318160247804, 2.3116096332550047, 2.3183971006774904, 2.311814044342041, 2.3302012815093995, 2.337170281677246, 2.328029471435547, 2.3381900536346434, 2.349820974807739, 2.3564941802978514, 2.358062621536255, 2.371467850341797, 2.3730517836761473, 2.389323712463379, 2.3928406632232666, 2.405133243942261, 2.4161650477600096, 2.424306755447388, 2.4319483100891115, 2.44279154006958, 2.450906175918579, 2.45804888053894, 2.4686042472076415, 2.4572653340148927, 2.475408280105591, 2.4775619259643555, 2.4852751315307615, 2.5090519826507567, 2.513670492172241, 2.5080720036315918, 2.5233365880584717, 2.5294533502197267, 2.521038575668335, 2.521472466506958, 2.535039008331299, 2.5561219789886476, 2.5474841512298583, 2.5426577368164063, 2.0177798197937014, 1.6493502516555787, 1.4462358197784424, 1.3024298369979859, 1.1982292160415648, 1.1537347703933716, 1.1160128234100342, 1.100333752937317, 1.0953648062896728, 1.1011754845046997, 1.1043053467941284, 1.108313628616333, 1.121164367904663, 1.1202679656982422, 1.122912314491272, 1.1241835702133178, 1.1257824111175536, 1.1259341541290284, 1.138057446899414, 1.1492957301330566, 1.1355917499160766, 1.1479373651123046, 1.1664787383270263, 1.1628348048400878, 1.1669352662658692, 1.1600982168960572, 1.1693204269409179, 1.1822585115814208, 1.181043342514038, 1.1879050938796998, 1.174855052871704, 1.1775707642364501, 1.1915389875793456, 1.196977363319397, 1.2037777893829347, 1.1965174871826172, 1.206274351043701, 1.205805262260437, 1.2066959196090699, 1.210389833984375, 1.223153038520813, 1.2059146189117431, 1.2042128033447266, 1.216039359779358, 1.2247187379074096, 1.2160034786224365, 1.2103923862457275, 1.217443023300171, 1.2209352590179443, 1.2219122777938842, 1.2274483417129516, 1.2287550856018066, 1.2227948128128052, 1.2384090459442139, 1.2418972367095946, 1.2427217150115968, 1.2354518406295776, 1.2435803079986572, 1.2446027379226685, 1.2410694276809693, 1.0948786059570312, 1.0069139949417114, 0.9660116749572754, 0.9334906084442138, 0.903064979839325, 0.8755270852470398, 0.8476711510848999, 0.8211432312011718, 0.7969555279922486, 0.7723721342468262, 0.7477114078330994, 0.7257395487213135, 0.7037060303497314, 0.6821854722785949, 0.6615944511985778, 0.6420858752059937, 0.6222445828247071, 0.6040434469032288, 0.5859409279632568, 0.567881257762909, 0.5513341789627075, 0.5349252663040162, 0.5187190704345703, 0.5030834702396393, 0.48760757949829103, 0.4737762148571014, 0.45938139931678773, 0.4459278454875946, 0.43260603910446166, 0.4197406538963318, 0.40712483404159544, 0.3956143278026581, 0.38381553540229796, 0.37295202671051025, 0.36217277435302736, 0.3511985309791565, 0.34085761655807495, 0.33056276089668274, 0.32137983045578, 0.31366124804496764, 0.30665706884384153, 0.30435951990127563, 0.3022006638813019, 0.30013074625968933, 0.2982203674888611, 0.29650248745918273, 0.2943970919704437, 0.2928252446460724, 0.29093945352554323, 0.28910677526474, 0.2874211323642731, 0.2855745473575592, 0.28384503591537474, 0.2820604463005066, 0.28047621533393857, 0.2786846766662598, 0.27703394193649294, 0.2752753898715973, 0.2737081538581848, 0.27204388473510743, 0.2705320309638977, 0.2689637685108185, 0.26706794695854186, 0.265444955701828, 0.26379724200248716, 0.2622924378013611, 0.26080075795173646, 0.2592133934688568, 0.2575604995059967, 0.256036010055542, 0.25447043612480164, 0.2531059217453003, 0.25139976179122925, 0.24998236029148102, 0.2484001962184906, 0.24676118181228637, 0.2455162053155899, 0.243995821185112, 0.24259810452461242, 0.24119815796852112]
0,0.9565217391304348
1,0.967741935483871
2,0.782608695652174
3,0.8275862068965517
4,0.7741935483870968
5,0.7083333333333334
6,0.9565217391304348
7,0.8846153846153846
8,0.9615384615384616
9,0.9473684210526315
10,0.45
11,0.5238095238095238
12,0.8
13,0.6086956521739131
14,0.7407407407407407
15,0.875
16,0.8846153846153846
17,0.8571428571428571
18,0.6176470588235294
19,0.84
20,0.8333333333333334
21,0.8947368421052632
22,0.9411764705882353
23,0.8076923076923077
24,0.8260869565217391
25,0.7083333333333334
26,0.8333333333333334
27,0.8333333333333334
28,0.84
29,0.7586206896551724
30,0.9259259259259259
31,0.68
32,0.7272727272727273
33,0.5172413793103449
34,0.92
35,0.45454545454545453
36,0.9523809523809523
37,0.7894736842105263
38,0.8461538461538461
39,1.0
40,0.75
41,0.9090909090909091
42,0.8695652173913043
43,0.8260869565217391
44,0.4782608695652174
45,0.7105263157894737
46,0.36363636363636365
47,0.8260869565217391
48,1.0
49,0.8235294117647058
50,0.6363636363636364
51,0.7619047619047619
52,0.85
53,0.9310344827586207
54,0.9545454545454546
55,0.7619047619047619
56,0.8636363636363636
57,0.6428571428571429
58,0.8857142857142857
59,0.8333333333333334
60,0.8148148148148148
61,0.7586206896551724
62,0.8076923076923077
63,0.75
64,0.6842105263157895
65,0.5454545454545454
66,0.7307692307692307
67,0.5217391304347826
68,0.9047619047619048
69,0.8666666666666667
70,0.8
71,0.8095238095238095
72,0.45454545454545453
73,0.6875
74,0.6363636363636364
75,0.9642857142857143
76,0.9047619047619048
77,0.6764705882352942
78,0.7894736842105263
79,0.8214285714285714
80,0.7586206896551724
81,0.9047619047619048
82,0.9459459459459459
83,0.8333333333333334
84,0.8888888888888888
85,0.9333333333333333
86,0.8214285714285714
87,0.8666666666666667
88,0.9523809523809523
89,0.9285714285714286
90,0.875
91,0.8717948717948718
92,0.64
93,0.8571428571428571
94,0.9565217391304348
95,0.6551724137931034
96,0.6956521739130435
97,0.7916666666666666
98,0.6923076923076923
99,0.9130434782608695
16
7
91
43
14
92
6
89
13
85
47
27
81
63
59
61
78
18
53
17
27
43
10
54
94
79
68
99
69
64
83
41
49
11
96
20
87
90
52
26
83
41
20
20
7
83
27
45
68
93
86
12
69
45
99
1
62
44
26
58
88
64
88
19
34
23
19
48
45
48
58
16
63
75
55
4
32
15
98
32
14
87
38
12
8
45
92
31
62
61
89
92
78
83
45
85
28
37
54
30
95
7
59
24
94
7
94
94
11
42
65
52
40
38
55
80
82
11
75
51
74
34
5
85
30
74
22
95
81
92
91
52
18
44
62
65
69
84
0
43
48
67
62
89
53
44
89
19
8
68
72
3
83
70
39
0
86
51
58
19
89
90
81
61
41
77
52
66
68
80
4
46
25
66
35
50
88
7
75
53
3
5
35
82
7
87
61
7
91
1
5
37
95
41
94
96
67
12
39
23
28
31
63
71
67
45
10
84
74
49
77
26
50
46
51
85
36
3
41
59
54
87
37
75
21
71
14
24
9
78
57
83
45
28
52
63
89
22
85
39
7
25
98
24
70
54
49
70
87
90
41
31
97
36
83
82
18
46
7
74
80
2
9
91
40
36
91
91
99
73
79
83
42
28
90
50
82
24
42
16
5
39
7
63
10
51
96
44
29
74
83
30
84
32
5
91
53
74
72
38
15
44
25
66
16
55
48
73
75
65
77
3
13
18
92
55
13
30
29
87
91
61
75
58
71
70
98
52
94
89
90
56
57
43
60
41
30
59
78
6
80
80
54
99
60
76
51
27
14
26
9
90
85
32
63
43
91
87
44
54
99
70
8
90
65
80
41
17
39
53
66
48
20
88
98
97
46
37
40
91
16
27
81
16
89
5
76
83
74
85
24
72
32
76
27
84
52
46
27
40
58
84
6
91
63
98
66
41
79
53
23
14
15
86
75
45
6
22
96
76
52
37
49
22
34
52
48
7
30
11
1
23
3
22
5
80
93
27
39
79
92
53
54
63
18
84
65
8
59
8
88
62
29
30
73
2
33
39
63
22
45
83
58
73
18
84
4
5
57
18
23
29
85
34
42
16
16
99
95
45
97
0
87
98
44
86
62
44
85
82
91
82
17
50
85
12
26
54
28
58
79
1
45
99
16
3
33
23
91
73
1
1
11
1
19
88
11
29
56
0
54
61
20
37
17
53
89
18
81
6
96
41
26
26
25
60
22
93
4
47
24
90
78
17
7
0
87
26
73
14
56
18
12
54
21
79
8
43
39
78
40
53
98
55
23
8
57
33
56
35
6
94
16
10
22
16
64
57
98
55
88
97
58
27
36
13
91
84
9
85
9
65
85
70
59
7
36
59
79
70
34
97
16
49
18
55
70
64
38
34
61
69
37
64
24
3
78
50
96
35
1
84
22
86
4
91
13
90
68
60
84
0
34
18
32
92
14
49
35
86
3
89
7
15
66
35
50
12
41
31
34
93
84
26
74
44
50
57
54
11
67
44
66
60
26
58
82
67
98
89
28
55
95
76
60
76
91
37
2
4
62
43
91
48
27
34
42
34
53
3
28
8
40
44
96
61
60
73
61
26
63
97
49
92
92
6
55
39
18
20
55
0
85
65
68
23
66
95
81
58
73
71
21
62
19
46
47
79
90
75
73
15
41
39
99
85
94
45
91
36
77
3
75
92
94
61
50
38
12
1
0
30
84
98
29
7
18
48
81
91
84
63
62
31
40
55
30
22
86
47
18
65
25
14
28
75
11
81
16
73
79
5
42
56
81
31
84
69
30
6
68
92
16
74
7
18
55
60
5
14
48
83
0
70
38
43
24
69
86
9
42
41
39
27
0
70
85
9
43
79
77
75
74
80
42
45
8
0
36
89
51
46
69
56
42
22
71
35
72
99
16
0
21
2
1
4
47
43
92
65
68
44
1
25
96
35
47
90
2
28
37
61
31
9
4
92
38
93
28
39
18
41
44
49
1
11
19
91
82
4
60
34
56
19
32
74
87
99
49
98
8
58
93
87
11
77
35
43
52
6
4
27
8
63
26
34
39
97
96
75
33
87
49
98
16
33
76
41
97
8
75
17
80
93
44
4
41
60
30
65
21
53
90
54
87
86
37
47
19
2
73
55
25
62
26
19
28
15
14
96
17
45
92
39
42
58
49
48
44
71
48
69
9
26
86
46
71
66
66
88
82
1
39
88
93
82
7
17
56
40
70
1
49
52
69
45
16
6
85
12
99
88
40
68
36
49
85
87
25
46
75
61
70
58
42
51
75
73
54
37
28
90
55
88
68
38
95
6
16
58
61
39
56
17
33
77
27
87
75
4
16
94
55
76
60
97
1
0
75
31
55
71
75
52
6
43
14
84
14
51
1
88
53
66
5
56
32
52
40
24
86
54
54
88
61
87
54
24
40
85
17
90
22
86
77
79
94
45
0
39
89
82
41
87
91
73
4
62
55
98
10
46
28
38
50
70
13
7
15
24
76
98
51
79
15
47
47
93
73
81
26
70
95
60
70
11
82
33
34
6
65
62
74
31
36
88
52
48
79
50
55
57
66
68
27
64
16
63
16
84
18
29
84
53
9
38
80
74
15
1
32
67
1
84
69
81
10
33
80
68
30
8
3
81
45
18
15
35
28
93
5
53
34
27
93
6
44
93
85
14
35
31
69
47
57
95
85
80
1
82
45
66
77
58
31
42
23
90
6
83
31
51
80
23
64
61
40
51
99
28
19
63
7
97
78
34
71
13
74
17
28
29
10
61
83
83
53
73
7
59
82
34
15
68
68
34
82
75
37
8
94
16
24
21
8
96
53
72
38
85
27
32
96
20
29
43
69
94
26
78
23
91
34
48
23
53
5
0
59
57
69
73
27
12
42
61
21
95
88
28
15
24
1
77
67
82
5
64
51
52
79
70
46
1
59
87
60
88
76
45
19
7
1
35
94
79
16
71
26
72
60
73
9
75
5
55
27
96
38
56
31
36
87
47
2
6
85
30
92
51
79
13
99
86
15
29
63
66
62
80
24
57
43
78
74
99
95
93
63
71
74
86
64
4
3
62
77
17
98
21
32
57
61
2
6
92
82
82
94
95
81
96
93
33
67
38
60
26
64
63
62
82
36
76
31
47
75
77
29
94
27
70
95
32
38
32
37
2
36
40
53
87
95
53
42
43
89
69
93
81
84
71
31
33
73
75
85
47
97
92
13
19
46
2
92
53
46
66
45
48
94
10
69
60
42
98
59
47
64
57
4
83
89
71
68
52
46
58
11
22
62
52
2
58
77
96
86
33
58
69
97
14
51
2
63
79
58
42
6
75
81
99
28
36
57
88
25
38
71
47
53
48
79
59
29
82
90
93
81
17
14
69
25
32
39
62
89
4
67
99
28
98
88
20
34
18
60
48
69
14
21
6
39
19
15
37
77
48
98
89
73
77
38
23
21
96
11
16
84
30
58
30
46
31
83
59
77
50
41
8
19
54
4
68
9
91
67
74
40
71
77
38
9
82
3
76
20
60
42
94
66
72
6
25
61
36
4
78
26
60
77
62
85
66
22
27
93
23
33
88
18
58
51
83
23
85
56
20
79
20
30
96
19
4
98
38
26
0
56
47
92
59
10
51
98
3
23
9
77
43
15
74
77
19
73
77
24
37
4
61
50
30
39
45
19
17
81
17
28
45
8
12
70
49
63
60
12
2
77
98
68
46
15
84
19
29
70
62
34
94
91
11
41
99
96
90
16
56
4
24
71
3
19
14
23
68
45
81
10
90
21
57
22
87
82
12
38
10
93
77
84
41
64
76
25
91
94
42
79
19
76
87
18
51
1
50
94
6
45
23
0
55
91
89
95
48
45
54
69
56
68
56
86
50
47
67
71
25
50
60
79
0
73
55
46
80
2
32
83
61
69
97
13
30
27
74
8
17
42
91
35
43
69
50
57
84
76
85
3
73
79
76
13
8
92
69
82
7
73
89
19
42
39
78
80
32
15
50
16
62
94
60
91
83
62
85
48
33
11
5
11
55
75
75
4
31
72
17
89
92
19
36
22
73
83
63
2
62
37
2
99
77
56
22
84
14
71
94
44
90
41
52
91
85
43
82
40
97
42
96
47
22
1
11
78
72
93
85
18
63
65
25
44
2
86
44
59
2
54
98
56
75
47
76
20
48
97
9
41
38
5
3
36
43
84
18
6
9
72
38
6
75
15
29
11
20
95
3
40
74
67
83
91
74
86
86
74
58
36
90
8
49
42
30
61
14
81
0
58
96
1
61
59
21
60
89
82
61
80
52
65
55
32
77
69
26
42
79
11
20
38
47
15
7
65
63
96
26
29
3
79
39
30
99
5
8
38
52
40
58
54
82
3
82
93
70
99
21
17
56
64
74
1
92
61
85
78
58
61
53
74
47
5
34
81
64
77
30
66
63
45
30
46
18
45
87
63
87
26
41
70
77
21
32
90
36
85
3
87
21
87
71
83
27
74
1
8
93
98
61
88
90
10
83
55
13
34
24
74
49
12
28
74
6
58
45
87
79
63
14
47
31
77
52
60
71
25
67
81
2
54
95
17
21
1
88
21
77
95
91
12
15
82
22
16
66
25
1
29
29
73
27
81
63
53
23
16
86
78
71
28
75
98
45
26
16
8
7
22
81
87
83
65
62
49
70
57
63
33
40
91
23
13
80
6
42
31
30
95
35
94
41
36
59
12
43
86
97
53
74
97
3
61
20
22
57
25
71
72
68
20
49
67
87
16
41
66
27
25
54
92
15
42
6
12
48
2
25
45
85
71
56
99
67
78
2
76
50
30
53
91
81
65
92
23
46
72
40
30
62
11
23
78
96
67
36
8
15
4
80
27
60
7
54
48
16
57
94
30
92
43
92
58
19
23
38
40
96
95
10
99
86
53
89
11
52
58
54
85
74
72
82
72
32
43
37
34
47
52
40
53
45
8
83
3
90
40
28
53
27
59
4
33
92
89
44
44
55
89
98
78
82
91
31
91
47
9
73
69
36
24
91
95
37
61
83
69
11
4
76
84
78
90
98
94
24
39
1
33
8
55
7
39
15
99
3
41
66
80
27
45
4
32
5
45
9
26
33
65
35
24
59
65
11
38
23
39
25
97
58
87
47
29
56
98
82
41
38
51
45
19
18
73
64
78
96
49
64
40
36
97
40
45
49
62
10
49
4
54
81
91
5
87
3
74
80
86
89
17
12
80
4
6
32
40
13
98
37
21
76
14
59
49
30
33
80
51
66
87
38
63
53
4
48
24
13
31
29
84
46
61
24
34
46
45
99
27
51
91
0
72
50
57
4
60
90
86
9
46
1
99
77
57
62
2
70
69
69
32
79
77
58
0
20
7
85
82
79
58
72
58
75
85
55
70
29
97
46
53
37
30
28
86
50
24
29
95
1
2
36
59
99
55
85
0
71
64
82
62
31
86
92
72
73
18
91
84
85
90
69
82
21
89
68
68
76
31
58
8
90
13
95
78
88
47
99
3
12
92
8
82
78
97
62
74
4
12
29
43
67
56
18
77
72
95
54
0
45
16
73
29
33
6
86
19
97
4
9
53
89
14
25
26
49
11
14
80
83
3
27
30
52
74
29
52
90
14
77
4
7
75
27
16
30
72
83
14
51
42
70
