overall_acc,0.7944
loss,[10.925859946594239, 6.293524420318604, 4.2271871743011475, 3.2828114413452147, 2.8276610163116453, 2.5993776812744143, 2.4867872265625, 2.4203872549438477, 2.391434782180786, 2.3591732150268556, 2.3441695034790038, 2.338632160644531, 2.3230912757110596, 2.317983331375122, 2.3111311711120606, 2.303822988204956, 2.302460813446045, 2.297094293212891, 2.3042743252563476, 2.289839871826172, 2.300851432800293, 2.3065753578948973, 2.3163864049530027, 2.3147240476989746, 2.314340342178345, 2.318186852722168, 2.3270664532470704, 2.3169690381622314, 2.337321714820862, 2.3288828554534913, 2.340730484085083, 2.3477235273742676, 2.348864168701172, 2.3558472504425048, 2.368039389190674, 2.3771417204284666, 2.3812403076934814, 2.3870578620147707, 2.3979235024261474, 2.3963281872558593, 2.4137566244506834, 2.4207821572113035, 2.4416189256286622, 2.4380390354919435, 2.443376744842529, 2.4676939301300047, 2.469639262542725, 2.4586633507537843, 2.466344026260376, 2.4740974782562257, 2.4752805199432375, 2.4853328519439697, 2.4921964082336427, 2.5049429192352295, 2.509010964126587, 2.505714647216797, 2.5253464087677, 2.520321889953613, 2.5290683362579345, 2.5253594017791747, 2.0041903829193117, 1.641881194038391, 1.4321448414230347, 1.2988834692001343, 1.1984134986114503, 1.1475224410247802, 1.1134585290527343, 1.1072077602005004, 1.0986057234191895, 1.0933668560409546, 1.1097830827713013, 1.117790273361206, 1.1179182555770875, 1.1045807460403443, 1.1151734852981567, 1.1218085554885864, 1.1376483319473267, 1.134596290473938, 1.13602875831604, 1.130578568687439, 1.14095939037323, 1.1534687353897095, 1.1425911839675904, 1.1411210474395752, 1.1683164939117432, 1.1657615833663941, 1.1737922367477418, 1.1721773082351685, 1.168494637374878, 1.1797529683685302, 1.1866214260101318, 1.1762547644042969, 1.1788163931274414, 1.1887451280593873, 1.1971742165374757, 1.1882866984558105, 1.2018280827713013, 1.2061276815414428, 1.2032083273696899, 1.2039768489074707, 1.2089497541809082, 1.20872508228302, 1.220729825592041, 1.2119787189102174, 1.2160846900939941, 1.2158704247665406, 1.2218733534622193, 1.2184574782180786, 1.2296671254348754, 1.2124136115264892, 1.238773013305664, 1.234132589149475, 1.2146091323471069, 1.2139351937484741, 1.2259413262939454, 1.231344182701111, 1.2301766763687134, 1.22871186920166, 1.2406729350662231, 1.240187985496521, 1.094134917602539, 1.0033514487457276, 0.9645160670089722, 0.9318125532531738, 0.9014232217407226, 0.8725434135818482, 0.8461609483528137, 0.8200198118782044, 0.7940740290641785, 0.7694940143966674, 0.7466022435379028, 0.7240879096794128, 0.7016492139053345, 0.680875767917633, 0.6602204557991028, 0.6406681296920776, 0.6211769235038758, 0.6023656254386902, 0.5843280794525146, 0.5663785631370545, 0.5497303225326539, 0.5333778328895569, 0.5173218265724182, 0.5021877265357971, 0.487175296125412, 0.47286328828811647, 0.4586627692317963, 0.44523337010383607, 0.4321194341659546, 0.4198042001724243, 0.40750307448387146, 0.39568663820266725, 0.38378543997764586, 0.3732141969680786, 0.3622194371986389, 0.35195139922142027, 0.34115690014839173, 0.3318567350578308, 0.32226811281204226, 0.31339532567977907, 0.30668389990806577, 0.30451567365646365, 0.3020498452949524, 0.30029694224357606, 0.29836395360946655, 0.2967824002838135, 0.29474186027526855, 0.2929284245967865, 0.2910573296928406, 0.2893546003723145, 0.287406311378479, 0.2855592937850952, 0.2841254416656494, 0.2825264359474182, 0.280568009519577, 0.2788116307735443, 0.27711238991737364, 0.2756311828994751, 0.2737015590763092, 0.2721727411174774, 0.2705213395023346, 0.2688611805438995, 0.26715783893585204, 0.26576906900405883, 0.26412794351577756, 0.2622592898082733, 0.26081345003128054, 0.2593842073535919, 0.2575691919708252, 0.25608351090431214, 0.2546489011287689, 0.252949771900177, 0.2516396499252319, 0.25005222551822665, 0.24860127935409546, 0.24706065063476562, 0.24546981580734253, 0.2442253885602951, 0.24278675489902496, 0.24130373762130738]
0,1.0
1,0.9354838709677419
2,0.8695652173913043
3,0.8275862068965517
4,0.7096774193548387
5,0.7083333333333334
6,0.8260869565217391
7,0.8076923076923077
8,1.0
9,1.0
10,0.45
11,0.42857142857142855
12,0.9
13,0.6956521739130435
14,0.8148148148148148
15,0.875
16,0.8461538461538461
17,0.9523809523809523
18,0.5882352941176471
19,0.76
20,0.8888888888888888
21,0.8421052631578947
22,0.8823529411764706
23,0.7307692307692307
24,0.8695652173913043
25,0.625
26,0.7916666666666666
27,0.75
28,0.84
29,0.7586206896551724
30,0.7407407407407407
31,0.64
32,0.7727272727272727
33,0.6551724137931034
34,0.88
35,0.7272727272727273
36,0.8095238095238095
37,0.7368421052631579
38,0.8461538461538461
39,1.0
40,0.7857142857142857
41,0.9090909090909091
42,0.8695652173913043
43,0.8260869565217391
44,0.6086956521739131
45,0.7368421052631579
46,0.5
47,0.8260869565217391
48,1.0
49,0.8823529411764706
50,0.6818181818181818
51,0.7142857142857143
52,0.7
53,0.896551724137931
54,0.9545454545454546
55,0.5714285714285714
56,0.8181818181818182
57,0.6785714285714286
58,0.8857142857142857
59,0.7916666666666666
60,0.7777777777777778
61,0.7931034482758621
62,0.8846153846153846
63,0.8333333333333334
64,0.6842105263157895
65,0.7727272727272727
66,0.8461538461538461
67,0.7391304347826086
68,0.9523809523809523
69,0.9
70,0.8
71,0.8095238095238095
72,0.5909090909090909
73,0.625
74,0.5757575757575758
75,0.8928571428571429
76,0.8571428571428571
77,0.6470588235294118
78,0.7368421052631579
79,0.8214285714285714
80,0.7931034482758621
81,0.9047619047619048
82,0.9459459459459459
83,0.8
84,0.8518518518518519
85,1.0
86,0.7857142857142857
87,0.8666666666666667
88,1.0
89,0.9285714285714286
90,0.8333333333333334
91,0.8461538461538461
92,0.6
93,0.8095238095238095
94,0.9565217391304348
95,0.7241379310344828
96,0.6521739130434783
97,0.75
98,0.6153846153846154
99,0.9130434782608695
16
7
91
43
14
92
6
89
13
85
96
27
81
63
59
61
78
81
53
17
27
43
10
54
25
79
68
99
69
64
10
41
49
35
96
20
87
90
52
26
83
57
20
20
7
83
27
45
68
93
86
12
60
45
99
18
62
80
26
58
88
64
88
19
34
71
19
48
44
48
58
16
63
80
71
4
1
15
98
32
14
87
38
12
8
45
92
31
62
61
89
92
78
83
45
85
28
37
54
30
95
7
59
24
94
7
94
94
11
42
65
52
40
38
55
80
82
46
75
51
74
34
5
85
30
74
22
95
81
92
27
52
6
44
62
65
69
84
0
43
48
67
62
48
53
44
90
19
8
68
73
3
83
62
39
0
95
51
58
72
89
90
81
61
41
33
52
66
68
80
4
46
25
74
35
50
88
7
75
53
3
5
35
82
7
87
61
7
91
1
5
17
72
41
94
33
67
12
39
23
16
31
63
71
67
64
10
9
74
49
77
65
50
46
51
85
36
3
41
47
54
87
37
75
63
71
14
0
9
44
57
83
45
22
59
42
89
22
85
39
18
25
98
98
70
54
49
70
87
89
38
65
97
36
83
82
77
32
7
26
80
2
9
51
40
36
32
91
99
73
79
83
42
62
90
50
82
24
42
16
40
39
7
63
10
51
96
77
29
66
53
30
84
44
5
91
53
74
72
38
15
44
5
66
77
55
48
73
63
64
77
3
13
18
92
55
13
72
29
91
91
61
75
58
71
70
98
52
94
89
90
59
57
43
82
78
30
59
78
74
80
80
54
83
23
76
54
18
14
26
9
90
85
32
63
43
73
87
18
54
99
70
8
12
65
80
41
17
39
53
66
48
5
88
8
97
46
37
40
91
16
27
37
16
89
5
69
83
74
85
24
72
32
76
45
84
52
46
72
40
58
84
6
91
38
46
66
7
79
53
23
14
15
86
75
45
6
22
96
76
52
81
49
22
34
45
48
7
30
2
1
23
3
22
5
80
93
27
39
79
62
53
54
63
18
84
66
8
59
8
88
62
29
73
73
2
33
39
63
22
45
83
58
73
18
84
4
5
57
18
23
29
85
34
42
16
28
31
95
45
61
0
46
11
44
86
54
29
85
82
91
82
17
33
37
12
26
54
28
58
79
1
4
99
16
3
33
23
91
73
1
1
46
32
19
88
11
29
56
0
54
61
20
13
17
53
89
18
81
6
96
41
26
26
25
60
22
30
4
47
24
90
78
17
7
0
87
26
95
14
56
74
12
54
19
79
8
43
39
51
40
53
98
4
31
8
57
33
88
35
6
94
16
10
22
16
63
57
2
63
88
72
58
27
36
13
91
84
9
85
9
65
85
70
52
7
2
59
79
70
34
97
16
49
18
55
70
90
38
34
61
69
37
33
24
3
78
72
33
35
1
84
22
86
4
91
13
90
68
60
84
0
34
54
32
92
14
49
35
86
3
89
44
15
66
35
21
12
41
31
34
93
84
26
74
72
50
57
54
11
73
44
66
60
79
58
82
67
98
89
28
55
95
76
60
76
91
37
2
3
62
43
91
48
63
44
42
34
53
3
28
8
40
44
33
61
60
73
61
29
63
63
49
92
92
48
72
12
18
20
55
0
85
65
46
23
65
95
81
58
73
60
21
14
19
87
47
6
90
75
27
15
41
39
99
46
94
45
91
36
77
95
75
62
94
61
50
38
12
1
0
30
84
98
29
7
18
48
89
91
84
63
62
31
40
55
30
43
86
47
18
98
20
14
28
75
2
81
61
44
79
5
88
56
81
15
84
69
30
6
68
70
81
74
7
75
3
60
5
14
48
83
0
70
38
4
24
69
16
9
42
41
39
27
0
70
85
9
43
79
77
75
74
80
42
62
8
0
36
89
4
46
69
56
42
22
71
98
72
40
16
0
21
2
1
64
47
43
83
65
68
18
1
25
96
46
47
90
2
28
37
61
31
14
4
92
38
93
28
39
18
41
44
49
1
11
19
91
82
4
60
34
56
19
32
50
16
99
95
98
8
58
93
87
35
24
35
43
52
6
4
27
8
63
26
34
39
97
37
75
33
87
49
46
16
33
76
41
97
8
38
17
55
93
4
4
41
60
30
65
21
77
90
54
87
86
37
47
66
2
73
55
25
62
26
19
28
15
14
59
69
45
92
39
42
13
49
48
44
71
48
69
9
26
16
11
71
66
66
88
82
1
39
88
93
82
7
17
56
40
70
1
68
52
69
45
16
62
85
12
99
88
40
68
36
60
17
94
20
46
75
61
70
58
97
51
75
73
70
37
28
90
55
88
68
38
95
7
16
58
16
39
56
17
33
77
42
87
75
4
16
94
55
76
60
97
1
0
75
31
72
71
75
52
6
43
14
84
14
51
1
88
53
66
5
56
32
52
40
24
86
54
54
88
61
87
54
24
40
85
17
90
22
86
77
79
94
18
0
39
89
82
41
87
91
73
4
62
72
98
10
11
28
38
72
70
13
7
15
24
76
98
73
79
15
47
47
93
73
13
26
70
95
60
70
2
82
37
34
6
65
62
74
31
50
88
52
48
79
38
19
57
66
68
74
64
16
63
16
84
18
29
63
53
9
77
80
74
15
1
67
63
1
84
69
81
10
33
80
68
30
8
3
81
48
18
44
35
28
72
5
53
34
27
93
6
44
93
85
91
98
31
69
47
57
95
85
80
1
82
45
66
44
58
31
42
23
90
6
83
31
51
80
23
64
61
5
51
99
28
19
63
26
97
78
34
71
13
74
17
28
29
10
61
83
83
53
73
7
59
82
34
15
68
68
34
82
75
37
8
94
16
24
21
8
96
53
49
38
85
27
32
96
20
29
43
69
94
26
54
23
91
34
48
71
53
5
0
59
57
69
73
50
12
42
61
21
95
88
28
15
24
1
77
67
82
5
64
51
52
79
54
46
1
59
87
60
88
76
45
19
7
1
35
94
55
25
71
26
55
60
73
9
75
5
72
14
96
38
56
45
34
40
47
35
77
85
30
83
51
79
13
99
86
15
29
63
66
62
80
24
57
43
78
49
99
95
93
63
12
51
86
64
35
54
62
50
17
35
21
32
57
61
2
6
70
82
82
94
95
81
96
93
33
67
31
60
20
90
63
62
82
36
12
31
47
75
77
29
94
27
84
95
32
38
29
37
2
65
40
53
87
95
53
42
43
89
69
93
81
40
71
74
33
91
75
85
47
97
62
13
42
46
83
92
53
46
66
45
48
94
10
69
60
42
35
59
52
44
57
4
83
89
71
68
96
46
58
98
26
62
52
2
58
77
96
86
33
58
69
97
14
51
2
63
45
58
42
6
80
81
99
28
50
57
88
25
38
71
47
53
48
79
59
29
82
90
26
81
17
14
69
25
32
39
10
89
4
67
99
28
98
88
20
64
18
60
48
69
1
88
6
39
38
15
37
78
48
57
89
67
77
38
23
21
96
11
41
84
30
58
30
46
72
83
59
77
50
41
8
19
54
4
68
9
91
67
3
40
71
77
38
9
82
3
76
20
60
42
94
66
72
6
25
61
36
4
14
10
60
77
62
85
6
22
67
93
23
33
88
18
58
0
83
23
85
56
20
7
20
30
56
19
4
98
18
26
0
56
47
53
59
18
44
3
3
46
9
77
43
15
74
77
19
73
24
7
29
4
61
50
30
39
33
51
17
9
17
28
45
16
12
41
49
63
23
12
2
51
35
3
46
15
84
19
64
70
62
34
94
30
35
25
99
33
90
16
59
4
24
71
3
15
14
23
68
45
81
10
90
21
57
22
87
82
12
38
10
93
77
84
41
64
76
25
91
94
42
79
19
76
87
18
51
1
50
94
6
45
23
0
55
91
89
95
48
45
54
69
78
68
56
86
80
37
67
71
25
50
60
79
0
73
55
98
4
2
32
92
61
69
97
13
30
27
74
8
17
42
91
35
36
69
50
57
84
76
85
3
91
79
76
13
8
92
69
82
7
73
89
32
42
39
45
80
63
15
50
16
62
94
60
91
83
62
85
48
59
11
5
2
55
75
75
4
31
72
17
89
92
19
36
22
67
83
63
2
62
37
11
99
77
56
22
84
14
71
94
44
37
41
52
91
85
43
82
40
97
42
96
47
22
1
98
78
72
93
85
18
63
65
25
99
2
86
44
59
2
54
98
56
75
47
76
20
48
97
9
45
38
5
3
50
43
84
18
6
9
72
38
6
75
15
29
35
25
95
3
58
74
44
83
91
74
86
10
74
58
36
90
8
49
65
40
32
14
37
0
58
96
1
61
59
21
60
89
82
61
80
52
65
55
32
77
69
26
42
79
11
20
38
47
15
79
65
63
52
26
29
3
79
39
30
99
5
8
19
52
40
58
54
82
3
82
93
70
99
21
17
56
64
74
1
92
61
85
78
58
10
53
74
47
5
34
81
64
77
67
66
63
45
93
46
6
74
87
63
87
26
41
70
34
21
32
90
36
85
3
87
21
87
71
83
27
74
1
8
93
98
61
88
90
10
83
55
85
34
24
74
49
12
28
74
78
58
45
87
79
63
14
47
31
77
52
49
71
12
67
81
86
54
67
17
21
1
88
21
77
95
91
12
15
82
22
16
66
25
41
44
29
73
27
81
63
53
23
81
86
99
71
28
75
46
62
79
16
8
7
22
81
87
83
65
62
49
70
57
74
18
40
91
23
13
80
6
42
66
30
72
35
94
41
36
52
12
43
86
97
53
74
97
3
61
20
22
57
25
71
72
68
20
49
67
87
16
41
66
27
12
51
1
15
42
6
85
8
2
25
45
85
71
56
99
67
55
2
76
50
30
53
91
81
65
92
23
35
95
40
80
62
11
23
78
96
67
50
8
15
4
80
27
60
7
54
48
16
57
94
30
92
43
62
58
19
23
38
40
96
95
10
99
86
53
89
11
52
58
54
85
74
66
82
72
32
43
17
34
47
47
40
53
45
8
14
3
90
87
28
53
27
59
4
33
62
89
44
71
55
89
98
78
82
91
31
91
47
9
73
69
36
57
44
95
37
61
83
69
11
3
76
33
10
90
98
94
24
39
1
33
44
64
7
39
15
99
3
41
66
80
27
45
63
32
5
45
9
44
33
28
35
24
59
65
46
38
23
39
25
97
66
25
47
29
56
98
82
41
38
51
79
8
18
95
64
78
96
49
64
40
36
97
40
32
49
62
10
56
4
79
81
91
5
87
3
50
80
86
89
17
12
80
4
6
32
40
13
98
59
21
76
14
59
49
30
33
38
51
66
87
38
63
53
21
48
24
13
31
29
84
46
61
24
34
46
45
99
27
51
91
0
72
50
57
63
60
81
86
9
46
1
99
77
57
62
2
70
69
69
32
79
93
58
0
20
7
85
82
79
58
67
58
3
85
38
70
29
97
46
53
37
73
28
86
50
24
12
95
1
2
36
59
99
55
85
0
60
64
82
62
31
86
10
72
73
80
91
84
85
90
69
82
21
89
68
68
76
31
58
8
37
13
95
78
88
33
99
42
12
92
8
82
78
97
62
50
4
12
29
38
32
56
18
77
72
95
54
0
45
87
73
29
33
6
86
19
97
4
9
57
89
77
5
26
49
11
14
80
83
3
27
30
52
74
34
59
90
14
77
65
7
75
27
16
30
42
83
14
51
42
70
