overall_acc,0.8
loss,[10.8820389793396, 6.2552052305603025, 4.217791746139526, 3.2716512940979006, 2.828071468658447, 2.610410210571289, 2.497419809799194, 2.432770425567627, 2.3856875323486326, 2.356544362640381, 2.3553890190124513, 2.323536662902832, 2.3289599893188475, 2.3128252588653564, 2.312472125167847, 2.3089100492095946, 2.3118091497039797, 2.29743198638916, 2.2926563119506835, 2.3039349686431887, 2.307098771286011, 2.3063042906951905, 2.3090708798217774, 2.3065248583984377, 2.3208177731323243, 2.3255294105529787, 2.312897346496582, 2.3248979611968994, 2.3277527601623533, 2.3326919522857668, 2.3421855963897706, 2.347445290145874, 2.369864426345825, 2.366605271835327, 2.3648334201049805, 2.378788306045532, 2.3752523537445067, 2.4001925123596193, 2.3982972019195556, 2.4099602825164794, 2.4050827507781984, 2.422643161239624, 2.428139216156006, 2.4372388478851317, 2.442372494277954, 2.45849504196167, 2.4540365866088867, 2.468339677581787, 2.4733460776519776, 2.4811618531799318, 2.482521346054077, 2.488603497009277, 2.4921881066894533, 2.5003153533935545, 2.5066970361328127, 2.515517240524292, 2.5237421772766115, 2.531258309020996, 2.538488500289917, 2.5355747649383544, 2.007157918395996, 1.6413439097976685, 1.42880518825531, 1.2908083367156982, 1.1957834140777588, 1.1466412447357177, 1.1154351471328736, 1.1034635233688355, 1.0997251442718505, 1.1037383622360228, 1.097112874031067, 1.1045268069076537, 1.1046402898406982, 1.1134142086029053, 1.1162097988891602, 1.1214926348876952, 1.1213141291046143, 1.1266493031692504, 1.1292778353500366, 1.1392018717193604, 1.1381921757507325, 1.1478877304077149, 1.1541252724456788, 1.1652451071166992, 1.154756568183899, 1.1566594477844239, 1.1661149688339234, 1.1650356462860108, 1.1790290769577025, 1.1676600197982787, 1.1895816040039062, 1.1710174981307984, 1.1856117116546632, 1.1897212994003297, 1.1938321359634398, 1.1870688249206542, 1.1891884436035156, 1.2081450912094116, 1.1975024393081666, 1.203116439819336, 1.1967036638641357, 1.2165811095809937, 1.2145623516845703, 1.2162194665908814, 1.214711625137329, 1.2108756328582764, 1.2183915734481812, 1.232606388244629, 1.2305518523025514, 1.223443772468567, 1.2101540768051147, 1.2223268740081787, 1.2343653507232666, 1.2337824090576173, 1.2368639906311034, 1.2260553805541992, 1.2245015620803834, 1.2378359000778199, 1.242487656059265, 1.2336089249038695, 1.0971421171188354, 1.000928905277252, 0.9622412448310852, 0.9290344000244141, 0.8994773246574402, 0.8705897150993347, 0.8431675637245178, 0.817436590461731, 0.7914107580375671, 0.7680740035057068, 0.7443702163124084, 0.721815890712738, 0.7002246649169922, 0.6787356686019898, 0.6586885117149353, 0.6387115702056885, 0.6197719817543029, 0.6007013582611084, 0.5827638812828064, 0.565225471496582, 0.5492216771697999, 0.5323579120445251, 0.5164354472732544, 0.5006552647781372, 0.48580141983032227, 0.4715498055744171, 0.45745712420463563, 0.44410548038482667, 0.43080204996109006, 0.41785799315452576, 0.4059787122821808, 0.39419371238708495, 0.38312452899932864, 0.37330300213813783, 0.3616626679134369, 0.35052393288612366, 0.34031159598350524, 0.33074153163909914, 0.32090176971435547, 0.31135553754806516, 0.3060240245056152, 0.30296638470649717, 0.3015029755210876, 0.2993350589179993, 0.2973499928474426, 0.29532464343070985, 0.29370792823791503, 0.29181799250602725, 0.2899867848968506, 0.288218906993866, 0.2867802002811432, 0.2848373597049713, 0.2830378985881805, 0.28125277884483335, 0.27960493341445924, 0.277942648897171, 0.2762018990707397, 0.27445610275268556, 0.2728416947174072, 0.2713507172584534, 0.2697174158477783, 0.2680613431549072, 0.2662512746238708, 0.2648718287658691, 0.26325231347084044, 0.2615420759010315, 0.25996629195213317, 0.258393805398941, 0.25684234587669375, 0.255210927066803, 0.25394407195091245, 0.2521720630836487, 0.2507207330608368, 0.24903795842647553, 0.24763816553592682, 0.24635507577896118, 0.24476307674884795, 0.2433416885614395, 0.24184184690475463, 0.2404071844291687]
0,0.9565217391304348
1,0.967741935483871
2,0.8695652173913043
3,0.7931034482758621
4,0.8064516129032258
5,0.75
6,0.782608695652174
7,0.8461538461538461
8,1.0
9,1.0
10,0.45
11,0.5714285714285714
12,0.85
13,0.6521739130434783
14,0.7777777777777778
15,0.875
16,0.9230769230769231
17,0.9047619047619048
18,0.6470588235294118
19,0.76
20,0.8333333333333334
21,0.8947368421052632
22,0.9411764705882353
23,0.8076923076923077
24,0.8695652173913043
25,0.5833333333333334
26,0.75
27,0.7916666666666666
28,0.84
29,0.7241379310344828
30,0.7777777777777778
31,0.8
32,0.6363636363636364
33,0.6551724137931034
34,0.84
35,0.4090909090909091
36,0.8571428571428571
37,0.8421052631578947
38,0.8461538461538461
39,0.9565217391304348
40,0.7857142857142857
41,0.9545454545454546
42,0.782608695652174
43,0.8695652173913043
44,0.5652173913043478
45,0.631578947368421
46,0.5909090909090909
47,0.7391304347826086
48,1.0
49,0.8823529411764706
50,0.7727272727272727
51,0.8095238095238095
52,0.75
53,0.9310344827586207
54,0.9545454545454546
55,0.6666666666666666
56,0.9545454545454546
57,0.6785714285714286
58,0.9714285714285714
59,0.6666666666666666
60,0.8148148148148148
61,0.8275862068965517
62,0.7692307692307693
63,0.75
64,0.6842105263157895
65,0.7272727272727273
66,0.8076923076923077
67,0.782608695652174
68,0.9523809523809523
69,0.8666666666666667
70,0.9333333333333333
71,0.8571428571428571
72,0.45454545454545453
73,0.6875
74,0.6666666666666666
75,0.9642857142857143
76,0.8095238095238095
77,0.7352941176470589
78,0.7368421052631579
79,0.8214285714285714
80,0.6896551724137931
81,0.9047619047619048
82,0.9459459459459459
83,0.8333333333333334
84,0.9259259259259259
85,0.9666666666666667
86,0.8214285714285714
87,0.8666666666666667
88,0.9523809523809523
89,0.8928571428571429
90,0.8333333333333334
91,0.8974358974358975
92,0.68
93,0.8095238095238095
94,0.9565217391304348
95,0.7241379310344828
96,0.6086956521739131
97,0.7083333333333334
98,0.5384615384615384
99,0.9565217391304348
16
7
91
43
14
92
6
89
13
85
47
27
81
63
59
61
78
18
53
17
27
43
10
54
94
79
68
31
69
64
10
41
49
11
47
20
87
90
52
26
83
67
20
20
7
83
27
45
68
93
86
12
69
73
99
1
62
44
26
58
88
64
88
19
34
23
19
48
73
48
58
16
63
3
71
4
32
49
98
32
14
87
38
12
8
45
92
31
62
61
89
92
78
83
26
85
28
37
54
72
95
7
59
24
94
7
94
94
11
42
65
52
40
38
72
80
82
46
75
51
74
34
5
85
30
74
22
95
81
92
27
52
18
44
92
65
69
84
0
43
48
67
62
89
83
44
37
19
8
68
64
3
53
70
83
0
40
51
58
19
89
90
81
61
41
66
52
66
68
80
43
46
25
66
35
50
88
14
75
53
3
5
35
82
7
81
61
7
91
1
5
37
72
41
94
33
67
8
39
23
27
31
63
71
67
37
84
2
74
33
77
26
50
46
51
55
36
3
41
96
54
81
37
75
55
71
24
0
9
44
57
83
45
28
52
42
89
61
85
39
7
25
98
21
70
70
49
70
87
89
41
31
97
36
83
82
51
11
7
74
80
2
9
91
40
36
91
91
99
95
40
83
42
62
90
50
82
24
65
16
40
39
7
63
10
51
96
77
29
66
53
30
84
5
5
91
53
74
72
15
15
80
25
63
87
55
48
73
63
64
77
3
13
18
92
55
13
73
29
91
91
61
75
58
71
70
98
52
94
89
90
56
57
43
60
45
30
59
78
6
80
80
54
10
60
69
92
18
14
26
9
90
85
32
63
43
56
87
44
44
99
70
8
12
65
80
41
17
39
53
66
48
5
88
89
67
98
37
40
91
16
18
33
16
89
5
69
83
74
85
24
3
32
76
45
5
52
46
27
40
58
84
6
91
63
46
66
41
79
0
23
14
80
86
75
45
6
22
96
76
52
41
49
22
34
45
48
7
95
11
1
23
3
22
5
80
93
27
39
79
62
53
54
42
18
84
66
8
59
8
88
62
29
30
73
2
33
39
4
22
45
83
58
73
18
84
4
5
2
18
23
29
85
88
37
16
86
99
95
45
97
0
86
32
64
86
54
29
85
82
91
82
17
4
58
12
26
54
28
58
79
1
26
99
22
3
33
23
91
73
1
1
35
1
19
88
11
29
56
57
54
61
20
13
17
53
89
18
81
6
47
41
51
26
25
60
22
30
4
47
24
90
78
17
7
0
87
44
73
14
56
99
12
54
21
79
8
43
39
51
40
53
98
74
31
8
57
33
24
35
6
94
86
16
22
16
18
57
2
55
88
55
58
27
36
13
91
84
9
13
9
65
85
70
59
7
2
59
79
70
34
97
86
49
44
55
70
90
38
34
61
69
37
64
24
3
78
75
33
2
1
84
22
86
4
91
13
90
68
60
84
0
34
70
32
92
14
49
35
86
3
89
44
15
66
98
50
12
41
31
5
93
84
26
74
77
50
57
54
11
67
44
66
60
79
58
82
67
98
89
28
55
95
76
60
76
91
37
2
64
62
43
91
48
27
34
42
34
53
3
28
8
40
44
47
61
60
73
61
26
63
4
49
92
92
44
57
87
18
20
55
0
85
75
44
23
77
95
81
58
73
60
21
62
19
87
47
79
90
75
73
15
41
39
99
33
94
45
91
36
77
3
75
62
94
61
50
38
12
1
0
30
84
98
29
7
18
48
81
91
84
63
62
31
40
55
30
61
86
96
56
72
20
14
28
75
2
81
22
73
79
5
33
56
81
31
84
69
30
6
68
70
81
74
7
80
23
60
5
14
48
83
0
70
38
45
24
69
16
9
42
41
39
27
0
70
85
9
43
79
77
75
74
80
42
62
8
0
36
89
4
46
69
56
63
22
71
35
55
40
16
0
21
2
1
64
47
43
83
65
68
18
1
25
96
46
47
90
2
28
37
61
31
77
4
92
38
93
28
39
18
41
44
49
1
11
19
91
82
4
60
34
56
19
32
74
87
99
30
98
8
58
93
87
2
24
35
43
47
6
4
27
8
63
26
34
39
97
37
75
33
87
49
46
16
33
76
41
97
8
75
17
96
93
44
4
41
60
67
65
21
77
90
54
87
86
37
47
75
2
73
55
25
62
26
19
28
15
73
96
17
45
92
39
42
58
49
48
44
71
48
69
9
88
16
46
71
66
66
88
82
1
39
88
93
82
7
17
56
40
70
1
68
52
69
45
16
62
85
12
99
88
40
68
36
60
17
28
25
46
75
61
70
58
34
51
75
73
70
37
28
90
55
88
68
38
95
7
16
58
61
39
56
17
33
77
63
87
75
4
16
94
55
76
60
97
1
0
75
31
97
71
75
52
6
43
14
84
14
77
1
88
53
66
5
56
61
52
40
24
86
54
54
88
61
87
54
24
40
85
17
90
22
86
77
79
94
45
0
39
89
82
41
87
91
73
4
62
55
46
10
46
28
38
27
70
13
7
15
24
76
98
51
67
15
47
47
93
73
81
26
70
95
60
70
11
82
66
34
6
65
62
74
31
36
88
96
48
79
50
55
83
66
68
74
66
16
10
16
39
18
29
84
53
9
38
3
74
15
1
59
96
1
84
69
81
10
33
80
68
30
8
3
81
48
18
44
11
28
63
5
53
34
27
93
6
44
93
85
74
46
31
69
47
86
95
85
80
1
82
45
66
2
58
31
42
23
90
18
83
31
51
80
23
64
61
16
51
99
28
19
63
26
97
78
34
71
13
74
17
28
29
10
61
83
83
53
73
7
52
82
34
15
68
68
34
82
75
37
8
94
16
24
21
8
96
53
49
38
85
27
32
96
20
29
43
69
94
26
54
23
91
34
48
71
53
20
0
59
57
69
73
27
12
42
61
21
95
88
28
15
24
1
77
67
82
5
64
51
59
79
70
46
1
59
87
60
88
76
45
15
14
1
35
94
79
25
71
26
55
60
73
9
75
5
74
27
32
38
33
26
80
40
47
98
7
85
30
92
51
79
25
99
86
15
29
63
66
62
80
24
57
43
78
30
99
95
93
72
71
78
86
64
4
3
62
50
17
98
21
32
57
99
2
6
1
82
82
94
95
81
96
93
33
67
31
60
96
74
63
62
82
36
76
31
47
75
77
29
94
27
70
95
32
38
67
37
36
65
40
53
87
95
53
42
43
89
69
93
81
84
71
31
33
91
75
85
47
97
70
13
42
46
2
92
53
46
66
45
48
94
10
69
60
42
98
59
52
80
57
4
83
89
71
58
52
46
58
98
22
62
52
2
58
77
96
86
33
58
69
97
14
51
2
63
45
58
42
6
66
81
99
28
50
57
88
25
38
71
47
53
48
79
59
29
82
90
26
81
17
14
69
25
32
39
1
89
4
67
99
28
98
88
20
43
18
60
48
69
18
21
6
39
2
15
37
78
48
35
89
67
77
38
72
21
96
11
16
84
30
58
30
98
31
83
59
77
74
41
8
19
54
4
68
9
91
67
3
40
71
57
38
9
82
3
76
20
23
42
94
66
72
18
25
61
36
4
14
26
60
14
62
71
33
16
67
93
23
33
88
18
58
0
83
23
85
56
20
7
20
30
56
19
38
35
18
26
0
56
47
83
59
10
51
98
3
23
9
77
43
15
93
77
19
73
79
7
69
4
61
50
30
39
92
3
51
9
17
28
45
16
12
90
49
63
60
12
2
77
98
3
46
15
84
19
66
70
62
34
94
30
41
5
99
96
90
16
56
4
24
71
3
19
14
23
68
1
81
61
90
21
57
22
87
82
12
38
10
93
77
84
41
64
76
5
91
94
42
79
19
76
87
18
51
1
50
37
6
45
23
0
55
91
48
95
48
62
54
69
82
68
56
86
80
69
67
71
25
50
60
79
0
44
55
46
93
2
32
92
61
69
97
13
30
27
74
8
17
42
91
11
36
69
50
57
84
76
85
3
91
79
76
13
8
92
69
82
79
73
89
66
42
39
14
80
4
15
50
16
70
94
60
91
83
62
85
48
33
11
5
2
44
75
75
4
31
72
17
89
70
19
36
22
67
83
63
2
62
37
11
99
77
56
22
84
14
71
94
44
41
41
52
91
85
43
82
40
80
42
96
47
22
1
6
78
72
93
85
18
63
65
25
44
2
22
44
59
2
54
98
56
75
47
76
20
48
97
9
10
38
84
3
50
43
84
18
6
9
72
38
14
75
15
29
35
20
95
3
58
74
44
83
91
74
86
86
4
58
36
90
8
49
65
40
2
14
81
0
58
96
1
61
59
21
60
89
82
61
80
52
65
55
32
77
69
26
42
79
46
20
38
52
15
79
65
63
96
26
29
3
79
39
30
99
5
8
67
52
40
58
54
82
3
82
93
70
99
21
17
56
64
74
1
92
61
85
78
58
10
53
74
47
5
34
81
64
77
30
66
63
35
93
46
44
74
87
63
87
26
41
70
74
21
32
90
36
85
36
87
21
87
71
53
27
63
1
8
93
98
61
88
90
10
83
27
85
34
24
74
49
76
28
74
6
58
45
87
79
67
14
47
31
77
52
60
71
25
67
81
98
54
67
17
21
1
88
21
77
95
91
12
15
82
22
16
66
25
44
29
29
73
27
81
63
53
23
81
86
78
71
28
75
46
62
79
16
8
7
22
81
87
83
65
62
49
70
57
63
18
40
91
23
13
80
6
42
66
30
95
35
94
41
36
52
12
43
86
97
53
50
97
3
61
20
22
57
25
71
72
68
20
49
67
87
16
41
66
27
12
51
1
15
42
6
12
8
2
25
45
93
71
56
99
67
18
2
76
50
30
53
91
81
65
92
23
46
72
40
80
62
11
23
78
96
67
50
8
15
4
80
27
60
7
54
48
16
57
94
30
92
43
92
58
19
23
38
40
96
95
10
99
86
53
89
11
52
58
54
85
74
72
82
72
69
43
81
34
47
47
40
53
45
8
83
3
90
94
28
53
27
59
4
33
92
89
44
12
55
89
98
78
82
91
31
91
47
9
73
69
36
24
91
95
37
61
83
69
11
4
76
79
82
90
35
94
24
39
1
33
90
55
7
39
15
99
3
41
66
80
27
45
72
32
5
45
9
44
33
28
35
24
56
65
11
38
23
39
25
97
58
25
47
42
56
98
82
41
38
51
45
34
18
95
64
78
96
49
64
40
36
97
40
93
49
62
10
56
4
77
81
91
5
87
3
50
55
86
89
17
12
80
4
24
32
40
13
98
37
21
76
14
59
49
30
33
80
51
66
87
38
21
53
4
48
24
13
31
29
84
46
61
24
34
46
45
99
27
51
91
0
10
50
57
80
60
90
86
9
11
92
99
77
57
14
2
70
69
69
91
79
93
58
0
20
7
24
82
79
58
72
58
74
85
65
70
44
97
35
53
37
73
28
86
50
24
29
95
1
2
36
47
99
55
85
0
71
64
6
62
31
86
57
72
73
63
91
84
85
90
69
82
21
89
68
68
76
31
58
8
37
13
30
78
88
47
99
42
12
92
8
82
78
97
62
74
4
12
29
19
67
56
18
6
72
95
54
0
33
16
73
29
33
6
86
19
97
4
9
57
89
44
5
26
49
11
14
80
83
21
27
30
52
74
29
59
90
14
77
65
7
75
27
16
30
23
83
65
51
42
70
