overall_acc,0.8056
loss,[10.954897403564454, 6.286520858001709, 4.230723280792236, 3.2714056526184083, 2.833005531234741, 2.61558763671875, 2.5015055168151856, 2.4263764752960206, 2.3908024948120117, 2.358086859664917, 2.3490742193603515, 2.330706507873535, 2.3259986688232424, 2.3186102572631837, 2.3074626390075683, 2.3090272520446775, 2.3037454821014403, 2.3084220433044433, 2.301198365097046, 2.303609486465454, 2.2967752555847167, 2.3134747016143797, 2.311249124221802, 2.3049164233398436, 2.3047498037719727, 2.306383052825928, 2.315576569442749, 2.3132834143829344, 2.3282476235198977, 2.3370700554656985, 2.340882530288696, 2.3577942381286623, 2.348507727432251, 2.349705588989258, 2.3620604721069336, 2.3695270613861084, 2.3831453855895997, 2.3874916826629637, 2.394876664657593, 2.4073829515075684, 2.4109329345703125, 2.4291818255615234, 2.4267871115875246, 2.4322349491119386, 2.432540845489502, 2.443793016204834, 2.4549706981658934, 2.4589707138061523, 2.4795188925933838, 2.4691891802978514, 2.4887777436065672, 2.489054514770508, 2.494762818603516, 2.4989540655517577, 2.500114975891113, 2.5183311609649657, 2.50798675201416, 2.5130244817352296, 2.5232238567352296, 2.526784250793457, 2.020340242958069, 1.644355680961609, 1.434947950515747, 1.28574705783844, 1.1962811254119874, 1.1385993316650391, 1.1025253269577027, 1.093723882637024, 1.088175567588806, 1.0838791106796264, 1.0934113243103027, 1.0907347508239746, 1.0904990687561036, 1.1011172903442383, 1.0929112601852418, 1.1090849365997315, 1.12783575340271, 1.1171137716674804, 1.128193317718506, 1.1230773759841919, 1.1307156803512572, 1.1265527249145508, 1.1386620770645142, 1.1361059701538085, 1.1503462073516846, 1.1572890395355224, 1.1504669439315796, 1.1588644951629639, 1.1692840640640259, 1.1721685716247559, 1.1615975268554688, 1.174987396812439, 1.1813654929351807, 1.1849002396011352, 1.171827717552185, 1.196926600036621, 1.1851243913650513, 1.191672918624878, 1.18528200050354, 1.1929691565704346, 1.1995416813659667, 1.198602135848999, 1.2127102252960205, 1.1974488666152954, 1.2087514733123779, 1.1997612505722046, 1.2037469959259033, 1.2088993586730956, 1.202851473350525, 1.2219940617752074, 1.2233890491104127, 1.2051326681900025, 1.222873558998108, 1.2255221300888062, 1.2169151230239867, 1.232510125617981, 1.2230591881179809, 1.2233052103042603, 1.2356458224487306, 1.2279132482528687, 1.0879886267852783, 0.9964493551635742, 0.9571266747093201, 0.9251180149459839, 0.8939276424980164, 0.8655165296554566, 0.8395590201950073, 0.8128725240135193, 0.7882561754989624, 0.7638037420082092, 0.7409297687339783, 0.719210566368103, 0.6967930666160583, 0.675821962108612, 0.6550080142402649, 0.6358400027084351, 0.6163350852203369, 0.5978166713523865, 0.5800735391998291, 0.5627619889450073, 0.5456299232292176, 0.5296366451644897, 0.5137022425651551, 0.4980747358036041, 0.4838241379070282, 0.46924391529083254, 0.4550535189342499, 0.44187992736816406, 0.42862108615875244, 0.4163063974571228, 0.4038343672084808, 0.3919898735809326, 0.3809608655834198, 0.3700566479492188, 0.3588727879714966, 0.34884822529792786, 0.3383807081222534, 0.3307334760284424, 0.32047363119125366, 0.3117483518886566, 0.3051393970680237, 0.30281120324134825, 0.30078182922363284, 0.2985127766990662, 0.29663706935882567, 0.29484035078048704, 0.2927930979156494, 0.2912757803916931, 0.28934375050544736, 0.2874621161174774, 0.2859719379234314, 0.28405277621269226, 0.2822600232696533, 0.28053634689331053, 0.2789604724693298, 0.2771730078315735, 0.2754797742366791, 0.27370932302474976, 0.2722591665458679, 0.2705395016002655, 0.2689522768688202, 0.2673429846096039, 0.2655024560070038, 0.2639330387210846, 0.2622973705482483, 0.26095438470840454, 0.25930920835494997, 0.25767163527488707, 0.2561185024261475, 0.25459225782394407, 0.25298243682861327, 0.25142114011764527, 0.24996302480220794, 0.2485990842151642, 0.24693062251091003, 0.24550634890556336, 0.2439209010028839, 0.242438816781044, 0.24116329080581664, 0.23971141523361206]
0,1.0
1,0.967741935483871
2,0.8695652173913043
3,0.7931034482758621
4,0.8709677419354839
5,0.7916666666666666
6,0.8695652173913043
7,0.7692307692307693
8,1.0
9,1.0
10,0.45
11,0.47619047619047616
12,0.8
13,0.6086956521739131
14,0.7407407407407407
15,0.9166666666666666
16,0.8846153846153846
17,0.9523809523809523
18,0.7352941176470589
19,0.84
20,0.8888888888888888
21,0.9473684210526315
22,0.9411764705882353
23,0.7307692307692307
24,0.8260869565217391
25,0.625
26,0.7916666666666666
27,0.8333333333333334
28,0.84
29,0.7931034482758621
30,0.8888888888888888
31,0.72
32,0.7272727272727273
33,0.7241379310344828
34,0.88
35,0.5454545454545454
36,0.9047619047619048
37,0.8947368421052632
38,0.8461538461538461
39,1.0
40,0.75
41,0.9545454545454546
42,0.9130434782608695
43,0.8260869565217391
44,0.43478260869565216
45,0.7631578947368421
46,0.5
47,0.9130434782608695
48,1.0
49,0.8823529411764706
50,0.8181818181818182
51,0.6190476190476191
52,0.6
53,0.896551724137931
54,0.9545454545454546
55,0.5714285714285714
56,0.8181818181818182
57,0.6785714285714286
58,0.9142857142857143
59,0.7083333333333334
60,0.8148148148148148
61,0.8275862068965517
62,0.7692307692307693
63,0.6666666666666666
64,0.7368421052631579
65,0.7272727272727273
66,0.8076923076923077
67,0.7391304347826086
68,0.9523809523809523
69,0.9
70,0.9
71,0.8571428571428571
72,0.5
73,0.75
74,0.6666666666666666
75,1.0
76,0.8571428571428571
77,0.7352941176470589
78,0.7894736842105263
79,0.8571428571428571
80,0.7241379310344828
81,0.9523809523809523
82,0.9459459459459459
83,0.8
84,0.8148148148148148
85,0.9333333333333333
86,0.75
87,0.8666666666666667
88,0.9523809523809523
89,0.8928571428571429
90,0.875
91,0.8717948717948718
92,0.72
93,0.8095238095238095
94,0.9130434782608695
95,0.6551724137931034
96,0.6086956521739131
97,0.7916666666666666
98,0.6153846153846154
99,0.9130434782608695
16
7
91
43
14
92
6
89
13
85
47
27
81
63
59
10
78
18
53
17
27
43
10
54
25
79
68
99
69
64
83
41
49
2
47
20
87
90
47
26
83
67
20
20
7
83
27
45
68
93
86
12
60
73
99
18
62
16
26
58
88
64
88
19
34
71
19
48
44
48
58
16
63
80
71
4
32
15
98
32
14
87
38
12
8
45
92
31
62
61
89
92
78
83
45
85
28
37
54
30
95
7
59
24
94
7
94
94
11
42
65
52
40
38
55
80
82
46
75
93
74
34
5
85
30
74
22
95
81
92
27
52
6
44
62
65
69
84
0
43
48
67
62
89
53
67
37
19
8
68
64
3
53
62
39
0
95
51
58
27
89
90
81
61
41
33
52
66
68
80
4
46
25
66
35
36
88
26
75
53
3
5
98
82
7
81
61
7
91
1
5
17
72
41
94
33
67
8
39
23
28
31
63
71
67
10
10
46
74
33
77
65
50
98
51
55
36
95
41
47
54
81
37
75
74
71
14
0
9
78
57
83
45
22
85
42
89
61
85
39
7
25
98
69
70
70
49
70
87
89
41
84
97
36
83
82
77
11
7
74
80
2
9
51
40
36
85
91
99
73
79
83
42
62
90
50
82
24
65
16
65
39
7
63
10
51
96
44
29
97
53
30
84
44
5
91
53
74
72
15
15
44
5
66
16
55
48
67
90
4
77
3
13
18
92
72
13
72
29
91
91
61
75
58
71
70
98
52
94
89
90
56
57
43
60
90
30
59
78
6
80
80
54
99
60
76
92
18
14
26
9
81
85
32
63
43
91
87
44
26
99
70
8
90
65
80
90
17
39
53
66
48
5
88
5
67
98
37
40
91
16
27
33
16
89
5
69
83
74
85
24
72
32
76
45
5
52
46
44
40
58
84
54
91
63
98
66
90
79
0
23
14
15
86
75
45
6
22
33
76
52
37
90
22
34
45
48
48
30
98
1
23
3
22
5
80
93
27
39
79
92
53
54
63
18
84
22
8
59
8
88
62
29
30
73
2
33
39
4
22
45
83
58
73
18
84
4
5
2
18
23
29
85
34
42
16
16
99
95
45
97
0
46
32
44
86
6
29
85
82
91
82
17
4
58
12
26
54
28
58
79
1
45
30
57
3
33
23
91
73
1
1
98
32
19
88
11
29
56
0
54
61
20
37
17
53
89
18
81
6
96
41
51
26
25
60
22
73
4
47
24
79
78
17
7
0
87
26
73
88
56
79
12
54
21
79
8
43
39
51
40
53
98
4
31
8
57
33
56
35
6
94
35
10
22
16
64
57
2
63
88
72
58
27
36
13
91
84
9
5
9
65
85
70
59
46
2
59
79
70
34
97
16
49
18
55
70
27
38
34
61
69
37
63
24
3
78
74
33
35
1
84
22
86
4
91
13
90
68
60
84
0
80
70
32
92
14
49
35
86
3
89
44
15
66
35
50
12
41
31
34
93
84
26
74
78
50
57
54
11
73
44
66
60
26
58
82
67
98
89
28
55
95
76
60
76
91
37
2
4
62
43
91
48
27
34
42
34
53
3
28
8
40
44
96
61
60
73
61
26
63
4
49
92
92
6
57
87
18
20
21
0
85
75
18
23
4
95
81
58
73
60
21
14
19
87
47
79
90
75
73
15
41
39
99
46
94
45
91
36
77
3
75
62
94
61
50
38
12
1
0
30
84
98
29
7
18
48
81
91
84
4
62
31
40
55
30
61
86
47
33
98
20
14
28
75
2
81
61
73
79
5
88
56
81
31
84
69
30
6
68
70
16
74
7
21
55
60
5
14
48
18
0
70
38
4
24
69
22
9
42
41
39
27
0
70
85
9
43
79
77
75
74
80
42
62
8
0
36
89
4
46
69
56
42
91
71
98
72
40
16
0
21
2
1
64
47
43
83
65
68
18
1
25
96
98
47
90
2
77
37
61
31
9
4
92
38
93
28
39
18
41
27
49
1
11
85
91
82
4
60
34
56
19
32
74
87
99
95
98
8
58
93
87
11
24
35
43
52
6
4
27
8
4
26
34
39
97
47
75
33
87
49
46
16
33
76
41
97
8
75
17
55
93
44
4
41
60
30
19
21
53
90
54
87
86
37
47
75
2
73
55
25
62
26
19
28
15
14
47
69
45
92
39
42
13
49
48
44
71
48
69
9
26
16
46
71
66
66
88
82
1
39
88
93
82
18
17
56
40
70
1
68
52
69
45
16
62
85
12
99
88
40
68
36
60
17
89
25
46
75
61
62
58
97
51
75
73
70
37
28
90
55
88
68
38
95
79
16
58
61
39
56
17
96
77
72
87
75
4
16
94
55
76
60
97
1
0
75
31
72
60
75
52
6
43
14
84
14
88
1
88
53
66
5
56
32
59
40
24
86
54
54
88
61
87
54
24
40
85
17
90
22
86
77
79
94
45
0
39
89
82
41
87
91
73
4
62
55
98
10
46
28
38
93
70
13
7
15
24
76
98
73
79
15
47
47
93
73
81
26
70
95
60
70
2
82
66
34
6
65
62
74
17
36
42
52
48
79
38
7
57
66
68
4
64
16
63
16
86
18
29
63
53
9
38
4
74
15
1
93
96
1
84
69
81
10
33
80
68
30
8
3
81
26
18
20
35
28
72
5
53
34
27
93
18
44
93
37
91
11
31
69
47
86
95
85
80
1
82
45
66
44
58
31
42
23
90
18
83
19
51
80
23
64
61
22
51
99
28
19
63
93
97
78
34
27
13
50
17
28
29
10
57
83
83
53
73
7
59
82
34
15
68
68
34
82
75
37
8
94
16
24
21
8
96
53
49
38
25
27
32
96
20
29
43
69
94
26
82
23
91
34
48
71
53
5
0
59
57
69
73
27
12
42
61
21
95
88
28
15
40
1
77
67
82
5
64
51
59
79
70
46
1
59
87
60
88
76
45
15
7
1
35
94
80
16
71
26
27
60
73
9
75
5
72
27
32
38
56
45
80
40
47
2
7
85
30
92
51
79
89
99
87
15
29
63
66
62
80
24
57
43
78
49
99
95
93
63
71
77
86
64
4
3
62
50
17
35
21
32
57
61
2
6
70
82
82
94
95
81
96
77
33
67
31
60
20
27
63
62
82
36
12
31
47
75
77
29
94
27
70
95
32
38
67
37
25
65
40
53
87
95
53
42
43
89
69
93
81
40
71
31
33
73
75
85
47
97
70
13
80
46
83
92
53
46
66
45
48
94
10
69
60
42
35
59
47
79
57
4
83
89
71
58
52
46
58
46
22
62
52
2
58
77
96
86
33
58
69
97
14
51
2
4
45
58
97
6
43
81
99
28
50
57
88
25
38
71
47
53
48
79
59
29
82
90
18
81
17
14
69
25
32
39
86
89
4
67
99
28
98
88
20
42
18
60
48
69
14
41
6
39
57
15
37
83
48
46
89
73
77
38
27
21
96
11
87
84
30
13
30
46
72
83
59
77
50
41
8
19
54
4
68
9
91
67
19
40
71
57
38
9
82
3
76
20
60
42
94
66
72
6
25
61
36
4
14
26
60
77
62
23
66
16
67
93
23
33
88
18
58
0
83
23
85
96
20
7
20
30
56
19
55
98
90
26
0
56
47
53
52
83
40
64
3
23
9
77
43
15
74
77
19
73
77
7
29
4
61
64
30
39
33
19
17
9
17
28
45
16
18
41
49
63
71
12
11
77
98
31
46
15
84
19
66
70
62
34
5
30
35
4
99
33
90
16
56
4
24
71
3
19
14
23
68
45
81
10
90
21
57
22
87
82
12
38
10
93
77
84
41
64
76
25
91
94
42
79
19
76
87
18
51
1
50
37
6
45
23
0
4
91
48
95
48
45
54
69
93
68
56
54
80
47
67
71
25
50
60
79
0
7
55
46
80
2
32
92
61
69
97
13
30
27
74
8
17
42
91
35
36
69
50
57
84
49
85
3
91
79
76
13
8
92
69
82
79
73
89
74
42
39
45
80
4
15
50
16
70
94
71
91
83
62
58
48
59
11
5
2
55
75
75
4
3
72
17
89
70
19
36
22
67
83
63
2
92
37
98
99
77
56
22
84
14
71
94
44
37
41
52
91
85
43
82
40
97
42
96
47
22
1
11
78
72
93
85
18
63
65
25
32
2
86
44
59
2
54
35
56
75
47
76
20
48
97
9
25
38
5
3
36
43
84
18
6
9
72
38
6
75
15
29
35
20
95
3
58
74
14
83
91
74
86
86
51
58
36
90
8
49
65
40
61
14
81
0
58
96
1
61
59
21
60
89
82
61
80
52
65
55
32
77
69
26
42
79
11
20
38
47
15
79
65
63
96
26
29
3
79
39
30
99
5
8
38
52
40
58
54
82
3
82
93
70
99
21
17
56
64
74
1
92
61
85
78
58
28
53
74
47
5
34
81
64
77
30
66
63
45
30
46
27
7
87
63
87
26
41
70
34
21
32
90
36
85
3
87
21
87
71
83
27
74
1
8
93
10
61
88
13
10
83
55
85
34
24
74
49
12
28
74
6
58
45
87
79
67
14
47
31
77
59
49
71
25
67
81
35
54
67
17
21
1
88
21
77
95
91
12
15
82
22
16
66
25
1
29
29
73
27
81
63
53
23
81
86
33
71
28
75
35
26
79
16
8
7
22
81
87
10
65
62
49
70
57
55
79
40
91
23
13
80
6
42
66
30
72
35
94
41
36
52
12
43
86
97
53
50
17
95
61
20
22
57
25
71
72
68
20
49
67
87
16
41
66
27
87
51
1
15
42
6
85
8
2
25
45
93
71
56
99
67
72
2
76
50
30
53
91
81
65
70
25
11
72
40
30
62
11
23
78
96
67
26
8
15
4
80
27
60
7
54
48
16
57
94
30
92
43
92
58
19
23
38
40
96
95
16
99
86
53
89
11
52
58
54
85
74
72
82
72
32
43
37
34
47
47
40
53
45
8
83
3
90
40
28
53
27
59
4
33
92
89
44
71
55
89
98
78
82
91
31
91
47
9
73
69
36
26
91
95
37
61
83
69
11
15
76
84
61
90
98
94
24
39
1
33
55
55
7
39
15
99
3
41
66
80
27
45
55
32
5
45
9
26
33
28
35
24
56
65
11
38
23
39
25
97
69
87
47
29
56
98
82
41
38
51
79
19
18
95
64
78
96
49
64
40
36
97
40
45
49
62
10
37
4
79
81
91
5
87
3
50
55
86
89
17
12
80
4
24
63
25
13
98
37
21
76
14
59
49
30
33
38
51
66
87
38
63
53
4
48
24
13
31
29
84
46
61
24
34
46
45
99
27
51
91
0
72
50
57
4
60
90
86
9
98
92
99
77
57
62
2
70
69
69
32
79
6
58
0
20
7
85
82
79
58
67
58
75
85
55
70
29
97
35
53
37
30
28
86
50
24
29
95
1
2
36
47
99
55
85
0
71
64
82
62
31
86
92
72
73
42
91
84
85
90
69
82
21
89
68
68
76
31
58
8
81
13
95
78
88
33
99
42
12
92
8
82
78
97
70
50
4
12
27
97
80
56
18
77
72
95
54
0
45
87
73
29
33
6
86
19
97
4
9
57
89
57
25
26
49
11
14
80
83
3
27
30
52
74
29
52
90
14
77
4
7
75
27
16
30
50
83
65
51
42
70
