overall_acc,0.7992
loss,[11.122487756652832, 6.4589689143371585, 4.293189423446655, 3.3192146089935304, 2.853415351638794, 2.61906996887207, 2.5002465561676024, 2.4434524938964843, 2.4010709841918945, 2.377405093002319, 2.3601968878936765, 2.3535459223937987, 2.3364735748291015, 2.327678207550049, 2.3268905991363527, 2.3281050345611574, 2.30296170501709, 2.3196563903045653, 2.310946633758545, 2.319579513397217, 2.3116439584350585, 2.322012418670654, 2.318500375366211, 2.3113374101257325, 2.3288436935424803, 2.3369174183654784, 2.332866400299072, 2.3438857997131346, 2.3497735200500487, 2.353776382369995, 2.368990191040039, 2.3552326750946047, 2.365573285140991, 2.3751000216674805, 2.3837226641082765, 2.395607822570801, 2.396120573577881, 2.4082522789764402, 2.4077210792541504, 2.415064126586914, 2.4177420822906495, 2.435511638717651, 2.45271435836792, 2.4594831158447263, 2.4731634549713135, 2.4546201222229005, 2.4773891638183594, 2.499499453125, 2.4902328177642823, 2.5048367179107665, 2.4954387828063966, 2.501150772628784, 2.5051609837341307, 2.5274592951202393, 2.5228770057678225, 2.528909115447998, 2.5307042784881593, 2.536519160385132, 2.5336645401000975, 2.543696530456543, 2.0247780327987672, 1.6435703219985962, 1.441076714668274, 1.2944179092407226, 1.1981023080825806, 1.149325633392334, 1.1268340498352052, 1.1146411101150513, 1.1158943379974364, 1.1037409884262086, 1.1066025994491577, 1.1044411446380615, 1.1234203158187865, 1.1278877367401123, 1.112452293663025, 1.121999613456726, 1.127204129219055, 1.1392987375640868, 1.1392623323440552, 1.141440495300293, 1.1556794452667236, 1.148803084411621, 1.1429249118041993, 1.164769241294861, 1.1581261587524414, 1.1693478074264527, 1.1644460432434083, 1.1689990462875366, 1.181314499359131, 1.1768699261474609, 1.1860234127044678, 1.182178405609131, 1.1802575216674804, 1.1961330699157715, 1.1814737706375122, 1.2048145233917236, 1.200981791419983, 1.1936078136444093, 1.2004877364349364, 1.219888187866211, 1.1991289476013183, 1.2131216469573975, 1.2221820917129516, 1.2106021395874023, 1.2138733038330078, 1.2139886198806762, 1.2160244801712037, 1.2246440522766113, 1.2265799294281006, 1.2340428865814208, 1.230874580116272, 1.2237462118148803, 1.2084798358154296, 1.2313269870376586, 1.23032676361084, 1.2243210289001465, 1.2382443204116822, 1.241408324623108, 1.2456830879211427, 1.2325025081634522, 1.0915439759445191, 1.007000821762085, 0.9651281209182739, 0.9319764842033387, 0.901250193309784, 0.8723497114181519, 0.8453165233802795, 0.8190363688087463, 0.7946451037025452, 0.7700433946990967, 0.7463479657173157, 0.7241898771286011, 0.7014965703582764, 0.6812016180229187, 0.6602287006950378, 0.6410712297248841, 0.6213616213798523, 0.6021455158615112, 0.584448648967743, 0.5666866953849793, 0.5501951489257813, 0.5334169780731202, 0.5173500384521484, 0.5017497125625611, 0.48685018456459045, 0.4721276109600067, 0.45840031465530395, 0.444574149017334, 0.43149496542930604, 0.4187908441162109, 0.40671238374710084, 0.394513985042572, 0.3828669020652771, 0.3716799497318268, 0.3609508696269989, 0.3500468444633484, 0.340005391702652, 0.33083270418167116, 0.32063757781028746, 0.3118023254108429, 0.3053813595867157, 0.3034202556228638, 0.3012431094646454, 0.2993330967330933, 0.29743672194480897, 0.2957618322467804, 0.2939827089214325, 0.291853261384964, 0.29006427634239196, 0.28862981214523314, 0.28662581758499145, 0.2849485586929321, 0.2831363663101196, 0.28157624183654784, 0.2797399403572082, 0.27806122811317446, 0.27639058099746705, 0.27462604305267335, 0.2729575005912781, 0.27147279421806336, 0.2698004115200043, 0.26822748825073245, 0.26641334807395933, 0.26490338872909547, 0.26346034740448, 0.26175798117637633, 0.2600915858268738, 0.25867293633460997, 0.2569021280384064, 0.2554254423046112, 0.25398428144454954, 0.2523837174320221, 0.25093117848873137, 0.24940683091163635, 0.2480559636926651, 0.2464794219303131, 0.24503579374313356, 0.24357610541343688, 0.24198716482639313, 0.24063789526462556]
0,0.9130434782608695
1,0.9354838709677419
2,0.8260869565217391
3,0.6896551724137931
4,0.9032258064516129
5,0.7916666666666666
6,0.9130434782608695
7,0.9230769230769231
8,1.0
9,0.9473684210526315
10,0.45
11,0.6666666666666666
12,0.85
13,0.6521739130434783
14,0.7777777777777778
15,0.8333333333333334
16,0.8461538461538461
17,0.9523809523809523
18,0.6764705882352942
19,0.88
20,0.7777777777777778
21,0.8947368421052632
22,0.8823529411764706
23,0.7692307692307693
24,0.782608695652174
25,0.5833333333333334
26,0.8333333333333334
27,0.75
28,0.84
29,0.7586206896551724
30,0.7777777777777778
31,0.72
32,0.7727272727272727
33,0.6206896551724138
34,0.92
35,0.5
36,0.8571428571428571
37,0.7368421052631579
38,0.8076923076923077
39,1.0
40,0.7142857142857143
41,0.9090909090909091
42,0.8695652173913043
43,0.8260869565217391
44,0.6521739130434783
45,0.7105263157894737
46,0.2727272727272727
47,0.782608695652174
48,1.0
49,0.8235294117647058
50,0.7272727272727273
51,0.7619047619047619
52,0.7
53,0.896551724137931
54,0.9545454545454546
55,0.7142857142857143
56,0.8181818181818182
57,0.6428571428571429
58,0.9428571428571428
59,0.75
60,0.8888888888888888
61,0.8620689655172413
62,0.9615384615384616
63,0.7083333333333334
64,0.8421052631578947
65,0.7727272727272727
66,0.7692307692307693
67,0.6956521739130435
68,0.9523809523809523
69,0.8666666666666667
70,0.8
71,0.8571428571428571
72,0.5454545454545454
73,0.71875
74,0.6060606060606061
75,0.9285714285714286
76,0.9047619047619048
77,0.6176470588235294
78,0.7368421052631579
79,0.7857142857142857
80,0.7931034482758621
81,0.8571428571428571
82,0.9459459459459459
83,0.7666666666666667
84,0.8888888888888888
85,1.0
86,0.8214285714285714
87,0.8333333333333334
88,1.0
89,0.8928571428571429
90,0.8333333333333334
91,0.9230769230769231
92,0.68
93,0.8095238095238095
94,0.9565217391304348
95,0.6551724137931034
96,0.5652173913043478
97,0.7916666666666666
98,0.6923076923076923
99,0.8695652173913043
16
7
91
43
14
92
6
89
13
85
47
27
81
63
59
10
78
24
53
17
27
43
10
54
25
79
68
31
69
64
83
41
23
11
47
20
87
90
52
26
83
67
20
20
7
83
27
45
68
93
86
12
60
73
99
1
62
80
26
58
88
97
88
19
34
71
19
48
44
48
58
16
3
75
71
4
32
15
98
32
14
87
29
33
8
45
92
31
62
61
89
62
78
83
26
85
28
37
54
30
95
7
59
24
94
7
94
94
11
42
65
52
40
38
55
80
82
46
75
51
74
34
25
85
30
74
22
95
81
92
27
52
18
44
62
65
69
84
0
43
48
67
62
7
83
44
81
19
8
68
64
3
83
70
39
0
40
51
58
19
89
90
81
61
41
66
52
66
68
80
4
46
5
74
35
50
88
7
75
53
3
5
11
82
7
87
61
7
91
1
5
17
72
41
94
33
67
33
39
23
16
31
63
71
67
37
78
35
74
49
77
65
50
98
51
85
36
95
41
47
54
81
37
75
55
71
14
83
9
44
57
83
45
61
59
42
89
22
85
39
7
25
98
4
70
70
49
70
87
89
41
79
97
36
83
82
96
11
7
74
80
2
9
55
40
36
91
91
99
73
40
83
42
62
90
50
82
24
42
16
65
39
7
63
10
51
96
51
29
66
53
30
84
44
5
26
53
74
72
15
15
44
5
66
77
55
48
73
65
64
77
3
13
18
92
55
13
74
29
91
91
61
75
58
71
54
98
52
94
89
90
56
57
43
60
45
30
59
78
6
80
80
54
99
60
76
92
18
14
26
9
90
85
32
63
43
73
87
44
54
99
70
8
90
65
80
41
17
39
53
66
48
20
88
32
67
98
37
46
91
16
27
33
16
89
5
76
83
74
85
24
55
32
76
45
5
52
46
27
40
58
84
6
91
63
35
66
90
79
0
23
14
80
86
75
45
6
22
33
76
52
81
90
22
34
45
48
7
30
11
1
23
3
22
5
80
93
27
39
79
62
53
54
4
18
84
16
8
59
8
88
62
29
30
73
2
33
39
4
61
45
83
58
73
18
84
4
5
26
18
23
29
85
34
97
16
86
99
95
45
97
0
46
11
44
86
54
29
85
82
91
82
17
47
58
12
26
54
28
58
14
1
4
99
57
3
56
23
91
73
1
1
35
1
19
88
11
29
56
0
54
61
7
13
17
53
89
18
81
6
96
41
26
26
25
60
22
73
4
47
24
90
78
17
7
0
87
26
73
14
56
39
12
54
21
79
8
43
39
63
40
53
98
4
31
8
57
33
67
35
6
94
87
65
22
16
64
57
2
55
88
55
58
27
36
13
91
84
9
5
9
65
85
70
59
90
2
59
79
70
34
97
86
49
44
55
70
15
38
34
61
69
37
64
24
3
78
51
63
2
1
84
22
86
4
91
13
90
68
60
84
0
34
14
32
92
18
49
35
86
3
89
44
15
66
35
50
12
41
31
34
93
84
26
74
93
50
57
54
11
67
44
66
60
48
58
82
67
98
89
28
55
95
76
60
76
91
37
2
64
62
43
91
48
63
34
42
34
53
3
28
8
40
44
96
61
60
73
61
26
63
4
49
92
92
6
57
87
18
20
55
0
85
65
55
23
66
95
81
58
73
60
21
62
19
87
47
7
90
75
27
15
41
39
99
46
94
45
91
36
77
3
75
92
94
61
50
38
12
1
53
30
84
98
29
7
18
48
87
91
84
63
62
31
40
29
30
43
86
47
96
98
25
14
28
75
11
81
22
73
79
5
88
56
81
31
84
69
30
6
68
70
81
74
7
80
55
60
5
14
48
18
0
92
38
43
24
69
16
9
42
41
39
27
0
70
85
9
43
79
77
75
74
80
42
45
8
0
36
89
4
46
69
56
42
22
71
98
72
40
16
0
21
2
1
64
47
43
92
65
68
18
1
39
96
98
47
90
46
28
37
61
31
14
4
92
38
93
28
39
18
41
18
49
70
11
19
91
82
4
60
34
56
19
32
74
76
99
95
98
8
58
93
87
11
7
35
43
47
6
4
27
8
74
26
34
39
97
37
75
33
87
49
46
16
33
76
41
97
8
75
17
64
93
44
4
41
60
30
21
21
77
90
54
87
86
37
47
75
2
73
55
98
62
26
19
28
15
1
52
69
45
92
39
42
58
49
48
44
71
48
69
9
26
84
46
71
66
66
88
82
1
39
88
93
82
7
17
56
40
70
1
68
52
69
45
16
6
85
12
99
88
40
68
36
60
17
98
25
32
75
61
70
58
34
51
75
73
70
37
28
90
55
88
68
38
95
6
16
58
61
39
56
17
33
77
63
87
75
4
87
94
55
76
60
97
1
0
75
31
55
71
75
52
6
43
14
84
14
34
1
88
53
66
5
56
32
52
40
24
86
54
54
88
61
87
54
24
16
85
17
90
22
86
77
79
94
45
0
39
89
82
41
87
91
73
4
62
72
98
10
11
28
38
27
70
13
7
15
26
76
98
75
79
15
47
47
93
73
81
26
92
95
60
70
11
82
66
34
6
65
62
74
31
36
88
47
48
79
50
55
57
66
68
74
64
16
61
16
84
18
29
63
53
9
38
4
74
15
1
59
96
1
84
72
90
10
33
80
68
30
8
3
81
48
18
41
35
28
72
5
53
34
27
93
18
44
93
85
91
98
31
69
47
86
95
85
80
1
82
26
66
44
58
31
42
23
90
6
83
19
51
80
23
64
61
22
51
99
28
19
63
93
97
78
34
60
13
74
17
28
29
10
22
83
83
53
73
7
59
82
34
15
68
68
34
82
75
37
8
94
16
24
21
8
96
53
49
66
85
55
32
96
20
29
43
69
94
26
54
23
91
34
48
23
53
69
0
59
57
69
73
27
12
42
61
21
72
88
28
15
24
1
77
67
82
5
64
51
59
79
70
11
1
59
87
60
88
76
45
19
7
1
35
94
79
55
71
26
55
60
73
9
75
5
55
27
96
38
14
45
74
40
47
2
7
85
30
92
51
79
89
99
86
15
29
63
66
62
80
24
57
43
78
49
99
95
93
63
71
57
86
64
4
3
62
50
17
35
21
32
57
61
2
6
1
82
82
94
95
81
96
93
49
67
31
60
99
90
63
62
82
36
12
31
47
75
77
29
94
27
70
95
32
38
74
37
2
65
40
53
87
95
53
42
43
89
69
93
81
84
71
31
33
73
75
85
47
97
92
13
34
46
62
92
53
46
66
45
48
94
10
69
60
42
98
59
52
44
57
4
83
89
71
12
52
11
58
35
22
62
52
2
58
77
96
86
33
58
69
97
14
51
2
4
45
58
63
6
75
81
99
28
50
57
88
25
38
71
47
53
48
79
59
29
82
90
93
81
17
14
69
25
32
39
1
89
4
67
99
28
98
88
20
42
18
60
48
69
18
15
6
39
48
15
37
83
48
15
89
67
77
38
23
21
96
11
41
84
30
58
30
98
72
45
59
77
74
41
8
19
54
4
68
9
91
67
19
40
71
77
38
9
82
3
76
20
60
42
94
66
72
14
25
61
36
4
14
26
60
14
62
85
79
90
67
93
23
33
88
18
58
51
83
23
85
96
20
6
20
30
52
19
38
98
67
26
0
56
47
83
96
9
40
3
3
46
9
77
43
15
10
77
19
73
24
7
29
4
61
64
30
39
45
51
51
81
17
28
45
16
12
70
32
63
71
12
2
51
98
68
46
15
84
19
64
70
62
34
94
30
11
32
99
33
90
16
56
4
24
71
3
19
14
23
68
45
81
61
90
21
57
22
87
82
12
38
10
93
51
84
41
64
76
25
91
94
42
79
19
76
87
18
51
1
50
94
6
45
23
0
55
91
89
95
48
45
54
69
83
68
56
39
80
37
67
71
25
50
60
79
0
14
55
98
80
2
32
92
10
69
97
13
30
27
74
8
17
42
91
11
36
69
50
57
84
71
85
3
91
44
76
13
8
92
69
82
7
73
89
66
42
39
26
80
4
15
74
16
62
94
60
91
83
62
85
48
59
11
5
2
18
75
75
4
31
72
17
89
92
19
36
22
67
83
63
2
92
37
98
99
77
56
22
84
14
71
94
44
30
41
52
91
85
43
82
69
97
42
96
47
22
1
98
78
72
93
85
18
63
65
25
44
2
86
44
59
2
54
35
56
75
52
76
20
48
97
9
78
38
5
3
50
43
84
18
6
9
72
38
6
75
15
29
35
25
95
3
58
74
44
83
91
74
86
86
44
58
36
90
8
49
65
30
61
14
37
0
58
96
1
61
59
21
60
89
82
61
80
52
65
55
32
77
69
26
42
79
11
20
38
47
15
7
65
63
96
26
29
31
79
39
30
99
5
8
19
52
40
58
54
82
3
82
93
70
99
21
17
56
64
74
1
62
61
85
78
58
10
53
44
47
5
34
81
64
77
73
66
63
45
93
46
18
45
87
63
87
26
41
70
64
21
32
90
36
85
3
87
21
87
71
83
27
74
1
8
93
98
61
88
90
10
83
91
85
34
24
74
49
12
28
74
78
58
45
87
79
67
14
47
3
77
52
60
71
25
67
81
86
54
73
17
21
1
88
21
77
95
91
12
15
82
22
16
66
25
41
29
29
73
27
81
63
53
23
81
86
78
71
28
75
35
62
79
16
8
7
22
81
87
44
65
62
49
70
57
63
18
40
91
23
13
80
6
42
97
30
72
35
84
41
36
59
12
43
86
97
53
50
97
95
61
20
22
57
25
71
75
68
20
49
67
87
16
41
66
44
5
63
1
15
42
6
85
8
2
5
45
93
71
56
99
67
18
2
76
50
30
53
91
81
65
70
23
11
72
40
95
62
11
23
78
96
67
50
8
15
4
80
33
60
7
54
48
16
57
94
30
54
43
62
58
19
23
38
65
33
95
10
99
86
53
89
11
52
58
54
85
74
72
82
72
32
43
81
34
47
52
40
53
45
8
14
3
45
40
28
53
32
59
4
33
92
89
44
12
55
89
98
78
82
91
31
91
47
9
73
69
36
78
91
95
37
61
83
69
98
19
76
42
82
90
98
94
24
39
1
33
37
55
7
39
15
78
3
41
66
80
27
45
3
32
5
45
9
26
33
65
35
24
59
65
11
38
23
39
25
97
85
25
47
29
56
98
82
41
38
51
79
65
18
95
64
78
96
49
64
40
36
97
40
27
49
62
10
49
4
54
81
91
5
87
3
74
80
86
89
17
12
80
55
6
32
40
13
98
37
21
76
14
59
49
30
33
80
51
66
87
38
21
53
4
48
24
13
31
29
84
46
61
24
34
98
45
99
27
51
91
0
72
50
57
4
60
90
86
9
11
92
99
77
57
14
2
70
69
69
91
79
93
58
0
20
7
24
82
79
58
72
58
3
85
55
70
44
97
98
53
37
30
28
36
50
24
96
95
1
2
36
47
99
55
85
0
60
64
82
62
31
86
57
72
73
42
91
84
85
90
69
82
21
89
68
68
76
31
58
8
81
13
95
78
88
33
99
42
12
92
8
82
78
97
62
50
4
12
31
64
67
56
18
80
72
95
54
0
45
16
73
29
33
6
86
19
97
4
9
57
89
14
25
26
49
11
14
80
83
21
27
30
52
74
29
59
90
14
77
65
7
75
27
16
30
55
83
14
51
42
70
