overall_acc,0.8016
loss,[11.184235682373046, 6.561767105255127, 4.366569081115722, 3.356700793380737, 2.889202188873291, 2.6386081430816652, 2.5161906343841554, 2.4468538177490236, 2.406487678451538, 2.3863337519836425, 2.364496612930298, 2.3499878301239012, 2.3427917166137697, 2.3314009474182127, 2.33255751411438, 2.3226548223876953, 2.3224290174865723, 2.3284580975341798, 2.3169626110076904, 2.3204144095611574, 2.3260369242858885, 2.3312533588409425, 2.318126544342041, 2.333333055038452, 2.343787495880127, 2.3444531968688964, 2.3367723202514648, 2.3453857984924316, 2.3610083991241457, 2.3553204029083252, 2.3816297229766845, 2.3824047090148928, 2.383654313049316, 2.388939887161255, 2.3887190190887453, 2.407006131591797, 2.413315057067871, 2.4352549459075927, 2.4322571129608153, 2.444083375015259, 2.4484818574523928, 2.45089653755188, 2.479750668182373, 2.4696173543548583, 2.481684365158081, 2.4850854247283936, 2.5028540228271483, 2.491957693710327, 2.50991240234375, 2.519809306106567, 2.5146749519348144, 2.5211380884552, 2.543749016494751, 2.5407839545440676, 2.5480278521728517, 2.5485322827148438, 2.541412892074585, 2.556224574661255, 2.549248134536743, 2.5651989707946776, 2.0687045680618286, 1.6817081773376465, 1.4680049462127684, 1.323013764076233, 1.225976455039978, 1.1707399797058105, 1.1337623805999757, 1.1251647803878784, 1.119793098564148, 1.1196800700378418, 1.1108030490493774, 1.1264578422164917, 1.11747980342865, 1.1315087143325806, 1.1351235934066772, 1.1528651937484742, 1.1422817035675048, 1.13940712474823, 1.1525791304016113, 1.147297578125, 1.1684342157745362, 1.1616192854309082, 1.1683752705383301, 1.169724393234253, 1.1726543602752686, 1.1819098431015014, 1.1853482452774047, 1.179486671485901, 1.1908111904907226, 1.1944191081237794, 1.1996973481750488, 1.189336498451233, 1.2133175118637085, 1.1995544888305665, 1.2037576923751832, 1.2018844905471802, 1.2092282776641845, 1.2092454803085326, 1.230282303466797, 1.2272502646255494, 1.2249936360168456, 1.2261809648513793, 1.2345550053024292, 1.2352494357681274, 1.2328106687164306, 1.2316745923614503, 1.2192730596160888, 1.2197512811660767, 1.243899648475647, 1.22788471950531, 1.231931901512146, 1.243305700378418, 1.239896467704773, 1.2503586372756959, 1.2373558336257935, 1.2442552081298828, 1.2494745494079589, 1.2442104481887817, 1.2461224373245239, 1.2554477675628661, 1.1133885850524903, 1.0203537692260742, 0.9791716995811462, 0.9452527857017518, 0.9141917525291443, 0.8862881367492675, 0.8589900440406799, 0.8317120190620423, 0.8065246731376648, 0.7819925637626648, 0.7578998280715943, 0.7353358037757873, 0.7123713378524781, 0.691261551399231, 0.6705492568206787, 0.6505618973350525, 0.6307167323493957, 0.6114536974143981, 0.5930388585853577, 0.575253478050232, 0.5588434358978271, 0.5418873068237304, 0.5256696660614014, 0.510093763923645, 0.49528217877388, 0.48071766545295713, 0.46573876195907593, 0.4531944310283661, 0.4391600095176697, 0.4255330263710022, 0.41376955171585084, 0.40186170563697815, 0.3891836354255676, 0.3784220300769806, 0.3667305310058594, 0.3571255230998993, 0.3465864877510071, 0.336792028427124, 0.3275129423236847, 0.31869246136665347, 0.31218004672050476, 0.30933636659622193, 0.3074183222198486, 0.30514956875801086, 0.30341340275764467, 0.30151685156822206, 0.299483703994751, 0.297749451084137, 0.2959287438106537, 0.29407780908584596, 0.2922483594036102, 0.2903649830913544, 0.28860051690101624, 0.28693884623527527, 0.28523905467033384, 0.2835340019893646, 0.2815652667236328, 0.28004165694236755, 0.2783222344303131, 0.27662531496047976, 0.2749388704109192, 0.273298547334671, 0.27150491220474243, 0.2700353878211975, 0.2685717637729645, 0.26669873538017275, 0.2651727655696869, 0.263552537946701, 0.26188701108932494, 0.26032274565696717, 0.25888804116249087, 0.25711724212646486, 0.2558324713134766, 0.25416753405570985, 0.2526748377418518, 0.25103211150169374, 0.24955093675613405, 0.24810358955860137, 0.24671750650405883, 0.24516019147872925]
0,0.9565217391304348
1,0.8064516129032258
2,0.7391304347826086
3,0.7931034482758621
4,0.8387096774193549
5,0.7083333333333334
6,0.8260869565217391
7,0.8461538461538461
8,1.0
9,0.9473684210526315
10,0.45
11,0.47619047619047616
12,0.9
13,0.7391304347826086
14,0.7777777777777778
15,0.9166666666666666
16,0.8461538461538461
17,0.9047619047619048
18,0.6764705882352942
19,0.84
20,0.8333333333333334
21,0.9473684210526315
22,0.8823529411764706
23,0.8076923076923077
24,0.782608695652174
25,0.5833333333333334
26,0.75
27,0.8333333333333334
28,0.88
29,0.7241379310344828
30,0.8518518518518519
31,0.68
32,0.7272727272727273
33,0.5862068965517241
34,0.92
35,0.45454545454545453
36,0.9047619047619048
37,0.7894736842105263
38,0.8846153846153846
39,0.9565217391304348
40,0.75
41,0.8636363636363636
42,0.8260869565217391
43,0.8695652173913043
44,0.6956521739130435
45,0.7105263157894737
46,0.5
47,0.8260869565217391
48,0.95
49,0.8235294117647058
50,0.6818181818181818
51,0.7619047619047619
52,0.85
53,0.896551724137931
54,0.9545454545454546
55,0.6666666666666666
56,0.8181818181818182
57,0.6428571428571429
58,0.9142857142857143
59,0.75
60,0.8518518518518519
61,0.8275862068965517
62,0.9230769230769231
63,0.6666666666666666
64,0.7894736842105263
65,0.6818181818181818
66,0.8076923076923077
67,0.7391304347826086
68,0.9523809523809523
69,0.9
70,0.8333333333333334
71,0.8095238095238095
72,0.45454545454545453
73,0.59375
74,0.6060606060606061
75,1.0
76,0.9047619047619048
77,0.7352941176470589
78,0.7368421052631579
79,0.8571428571428571
80,0.7586206896551724
81,0.9047619047619048
82,0.972972972972973
83,0.8666666666666667
84,0.8888888888888888
85,1.0
86,0.8571428571428571
87,0.9
88,1.0
89,0.8928571428571429
90,0.875
91,0.8717948717948718
92,0.72
93,0.8095238095238095
94,0.9565217391304348
95,0.6896551724137931
96,0.6086956521739131
97,0.7916666666666666
98,0.6923076923076923
99,0.8695652173913043
16
7
91
43
14
92
6
89
13
85
47
27
81
63
59
61
78
24
53
17
27
43
10
54
87
79
68
31
69
64
83
41
23
3
47
20
87
90
52
26
83
55
20
5
7
83
27
45
68
93
86
12
60
73
99
18
62
80
26
58
88
64
88
19
34
60
19
48
44
48
58
16
63
65
55
4
32
55
98
32
14
87
38
12
8
45
92
31
62
61
89
62
78
83
45
85
28
37
54
30
95
7
59
24
94
7
94
94
11
42
65
52
40
38
55
80
82
46
75
93
74
34
5
85
30
74
22
95
81
92
44
52
51
44
62
65
69
84
0
43
48
67
62
45
53
18
81
19
8
68
3
3
83
70
83
0
95
51
58
42
89
90
81
61
41
77
52
66
68
80
80
46
25
27
35
50
88
7
75
53
3
5
98
82
7
87
61
7
91
1
5
37
72
41
94
33
67
12
39
23
91
31
63
71
67
37
84
98
74
49
77
65
50
11
51
60
36
3
41
47
54
87
37
75
4
71
14
45
9
44
57
83
45
22
52
42
89
61
85
39
7
25
98
57
70
70
49
70
87
77
41
84
97
36
83
82
77
21
7
74
80
2
9
78
40
36
91
91
99
73
73
83
42
28
90
50
82
24
65
16
61
39
7
63
10
51
96
80
29
66
53
30
84
26
5
91
53
74
72
15
15
44
5
63
77
55
48
67
63
64
77
3
13
18
92
55
13
74
29
87
91
61
75
58
71
70
98
52
94
89
90
56
57
43
60
18
30
59
78
74
38
80
54
83
60
76
57
18
14
26
9
81
85
32
63
43
73
87
44
79
99
70
8
90
65
80
41
17
39
53
66
48
5
88
75
80
46
37
40
91
16
27
33
16
89
5
76
83
74
85
24
44
32
76
45
2
52
46
21
40
58
84
6
91
38
98
66
41
79
0
23
14
15
86
75
45
6
22
96
76
52
81
90
22
34
45
72
7
30
2
1
23
3
22
5
80
93
27
86
69
62
53
54
4
18
84
66
8
59
8
88
62
29
30
73
2
33
39
65
61
45
83
58
73
18
84
4
5
83
18
23
29
85
34
64
16
86
79
95
45
97
0
59
32
44
86
54
29
85
82
91
82
17
27
37
12
26
54
28
58
79
1
4
44
57
3
56
23
91
0
1
1
35
10
19
88
11
29
56
0
54
61
20
13
17
53
89
18
81
6
47
41
26
26
25
60
22
93
4
47
24
90
63
17
7
0
87
26
73
14
56
19
12
54
21
79
8
43
39
61
40
53
98
74
31
8
57
33
26
11
6
94
86
10
22
16
63
4
98
38
88
55
58
27
36
13
91
84
9
85
9
65
85
70
96
7
2
59
79
70
34
97
86
49
18
55
70
27
38
34
61
69
37
64
24
3
78
72
63
35
1
84
8
86
4
91
13
90
68
60
84
0
34
70
32
92
14
52
35
86
3
89
45
15
66
35
50
12
41
31
34
93
84
26
27
44
50
57
54
11
67
44
66
60
79
58
82
67
83
89
28
55
95
76
60
76
91
37
2
55
62
43
91
48
27
34
42
34
53
3
28
8
40
44
96
61
60
73
61
29
57
66
49
92
92
6
72
87
18
20
4
0
85
75
33
23
4
95
81
58
73
60
21
62
19
87
47
79
90
75
27
15
41
39
99
46
94
45
91
36
77
3
75
92
94
61
50
38
12
1
0
30
84
98
29
7
18
48
81
91
84
4
62
31
40
55
30
43
86
47
18
65
5
14
28
75
2
81
22
44
79
5
88
56
81
15
84
69
30
6
68
70
12
74
7
21
3
60
84
14
48
83
0
70
38
43
24
69
86
9
42
41
39
27
0
70
85
9
43
79
77
75
74
80
42
45
8
0
36
89
51
46
69
63
42
22
71
98
63
99
16
0
21
2
1
64
47
43
83
75
68
18
1
25
96
46
47
90
46
28
37
61
31
77
4
92
38
93
28
39
18
41
44
49
70
11
19
91
82
4
60
34
56
19
32
74
87
99
95
98
8
58
93
87
35
7
22
43
52
6
4
27
8
63
26
34
39
97
37
75
33
87
49
46
16
33
76
41
97
8
75
17
55
93
18
4
41
60
30
19
21
77
90
54
87
86
37
47
19
2
73
55
25
62
26
19
28
15
1
47
69
45
92
39
42
58
49
48
44
71
48
69
9
26
16
46
71
66
66
88
82
48
39
88
93
82
7
17
56
40
70
92
68
52
69
45
16
6
85
12
99
88
40
68
36
23
17
94
20
46
75
61
62
58
88
51
75
73
70
37
28
90
3
88
68
38
73
7
16
58
61
39
56
17
33
77
50
87
75
4
16
94
55
76
60
97
1
0
75
31
55
71
75
52
6
43
14
84
14
51
1
88
53
66
5
56
32
52
40
24
86
54
54
88
61
87
54
24
16
85
17
90
22
86
77
79
94
45
0
39
89
82
41
87
91
73
4
62
55
98
10
46
28
38
86
70
13
44
15
26
76
98
51
79
15
47
47
93
73
13
26
70
95
60
70
2
82
66
34
6
65
62
74
31
36
88
47
48
79
38
15
83
66
68
97
64
16
61
16
84
18
29
84
57
9
38
43
74
15
1
67
96
1
84
69
81
10
33
80
68
30
8
3
13
45
18
45
35
28
55
5
53
34
27
93
18
44
93
85
14
11
31
69
47
86
95
85
80
1
82
14
66
77
58
31
42
23
90
6
83
19
51
80
23
64
61
40
51
99
28
19
63
26
97
78
34
27
13
74
17
28
29
10
61
83
83
53
73
7
59
82
34
15
68
68
34
82
75
37
8
94
16
24
21
8
96
53
67
38
85
27
32
96
20
29
43
69
94
26
92
23
91
34
48
71
53
5
0
59
57
69
73
74
12
42
61
21
65
88
28
15
24
1
77
67
82
5
64
51
52
79
62
46
39
59
87
60
88
76
45
15
7
1
35
94
79
25
71
26
55
60
73
9
75
5
55
27
32
38
33
45
80
40
52
35
7
85
30
14
51
79
89
99
86
15
29
63
66
62
80
24
57
43
78
27
99
95
93
72
12
78
86
64
4
19
62
50
17
5
21
32
57
61
11
6
92
82
82
94
95
81
96
77
33
67
15
60
79
64
63
62
82
36
12
31
47
75
77
29
94
27
70
95
32
38
29
37
2
65
40
53
87
95
53
42
43
89
69
93
81
40
71
31
33
91
75
85
47
97
92
13
34
46
62
92
53
46
66
45
48
94
10
40
60
42
98
59
52
80
57
4
83
89
71
12
52
46
58
98
22
62
52
2
58
77
96
86
33
58
69
97
14
51
2
4
45
58
63
6
75
81
99
28
50
57
88
25
38
71
47
53
48
79
59
29
82
90
93
81
17
14
69
25
32
39
67
89
4
67
99
28
98
88
20
4
18
60
48
69
18
86
6
39
41
15
37
83
48
15
89
67
79
38
23
21
96
11
41
84
30
58
30
98
31
45
59
77
74
41
8
19
54
4
68
9
91
67
3
40
71
77
38
9
82
3
76
20
60
42
94
97
72
14
25
61
36
4
14
61
60
77
62
85
31
10
67
93
23
33
88
18
58
51
83
23
85
96
20
7
20
30
96
19
38
98
50
26
0
56
47
83
47
83
44
97
3
23
9
77
43
15
93
77
19
73
77
7
29
4
61
64
30
39
33
19
51
81
17
28
45
28
12
41
49
63
60
12
35
77
98
68
46
15
84
19
66
70
62
34
94
30
41
4
99
33
90
16
56
4
24
71
3
19
14
23
68
10
81
10
90
21
57
22
87
82
12
38
10
93
77
84
41
64
76
25
91
94
42
79
19
76
87
18
51
1
50
37
6
45
23
0
55
91
89
95
48
45
54
69
82
68
56
86
80
12
67
71
25
50
60
79
0
44
55
46
80
2
32
83
10
69
97
13
30
27
74
8
17
42
91
11
36
69
50
57
84
95
85
3
91
79
76
13
8
92
69
82
79
73
89
66
42
39
83
80
4
15
74
16
62
94
60
91
83
62
85
48
33
11
5
11
67
75
75
4
31
72
17
89
92
19
36
22
67
83
63
2
92
37
98
99
77
56
22
84
14
71
94
44
41
41
52
91
85
43
82
40
80
42
96
47
22
1
11
78
72
93
85
12
63
65
25
44
2
86
44
59
2
54
98
56
75
47
76
20
41
97
9
62
38
5
3
36
43
84
18
6
9
72
38
6
75
15
29
35
20
95
3
58
74
44
83
91
74
86
10
44
58
36
90
8
49
50
22
61
14
37
0
58
96
1
61
59
21
60
89
82
61
80
52
65
55
32
77
69
26
42
79
11
20
38
52
15
7
65
63
96
26
15
3
79
39
30
99
5
8
19
52
40
58
54
82
3
82
93
70
99
21
17
56
64
74
1
92
61
85
78
58
10
53
74
47
5
34
81
64
77
67
66
63
35
30
46
4
45
87
63
87
26
41
70
22
21
32
90
36
85
3
87
21
87
71
83
27
74
1
8
93
98
61
88
90
10
83
29
85
34
24
74
49
12
28
74
78
58
45
87
79
63
14
47
3
77
59
49
71
25
67
81
98
54
67
17
21
1
88
21
77
95
91
12
15
82
22
16
66
25
41
29
29
73
27
81
63
53
23
81
86
78
71
28
75
46
62
79
16
8
7
22
81
87
83
65
62
49
70
57
77
44
40
91
23
13
80
6
42
66
30
95
35
43
41
36
52
12
43
86
97
53
50
97
3
61
20
22
57
25
71
72
68
20
49
67
87
16
41
66
72
10
51
1
15
42
6
85
8
2
5
45
93
71
56
99
67
65
2
76
50
30
53
91
81
65
92
60
11
95
40
30
62
11
23
78
96
67
65
8
15
4
80
27
60
7
54
48
16
57
94
30
92
43
62
58
19
23
38
40
96
95
10
99
86
53
89
11
52
58
54
85
63
64
82
72
32
43
81
34
47
52
40
53
45
8
83
3
90
40
28
53
27
59
4
33
92
89
44
44
55
89
98
78
82
91
31
91
47
9
73
69
36
24
91
95
37
61
83
69
11
64
76
84
78
90
98
94
24
39
1
33
90
55
7
39
15
99
3
41
66
80
27
45
74
32
5
67
9
93
33
28
55
24
59
65
11
38
23
39
25
97
84
25
47
29
56
98
82
48
38
51
45
34
18
95
64
78
96
49
64
40
36
97
40
45
49
62
10
56
4
80
81
91
5
87
3
50
80
86
89
17
12
80
74
24
32
25
13
98
37
21
76
14
59
49
30
33
80
51
66
87
38
63
53
4
48
24
13
31
27
84
46
61
24
34
46
45
99
27
51
91
0
15
50
57
4
60
90
86
9
46
92
99
77
57
14
2
70
69
69
32
79
44
58
0
20
7
24
82
79
58
67
58
75
85
14
70
29
97
98
53
37
30
28
41
38
24
34
95
1
2
36
59
99
55
85
0
71
64
82
62
31
86
57
72
73
50
91
84
85
90
69
82
21
89
68
68
76
31
58
8
81
13
30
78
88
47
73
42
12
92
8
82
78
97
62
74
4
12
27
97
80
56
18
77
72
95
54
0
45
16
73
29
33
14
86
19
97
4
9
57
89
18
25
26
49
11
14
80
83
75
27
73
59
74
29
59
90
14
77
65
7
75
27
16
30
64
83
66
51
42
70
