overall_acc,0.7928
loss,[10.95316640411377, 6.306866538391113, 4.236947610855102, 3.283364757385254, 2.8270439225769044, 2.6073713068389894, 2.484710864944458, 2.419239533843994, 2.382006684417725, 2.357543893585205, 2.3399666626739504, 2.3286034438323973, 2.3217629473114014, 2.312873865737915, 2.3183430152893068, 2.306640280685425, 2.3025963470458986, 2.298440619659424, 2.3003185485839843, 2.3049984104156493, 2.300290369338989, 2.3033973543548583, 2.302877844848633, 2.3145981385040284, 2.3185009342193603, 2.3155675713348387, 2.3149776570892335, 2.324333299102783, 2.3101803746032714, 2.324897437057495, 2.3282027796936036, 2.3319724285125734, 2.3497584619903567, 2.361179497528076, 2.3611291177368163, 2.375170341873169, 2.3767071265411377, 2.3861703668212892, 2.3866658042144775, 2.399981665496826, 2.4065699571228025, 2.4055488901519775, 2.4120601829528807, 2.4290731684875486, 2.430778667602539, 2.4379246729278563, 2.4448077920532225, 2.444414524154663, 2.458796971206665, 2.4604055974578856, 2.4725603269195555, 2.4743858879852296, 2.4864093993377687, 2.489572837600708, 2.472440263214111, 2.4812157871246336, 2.499901124038696, 2.5009120079803466, 2.506872287826538, 2.5098512046051025, 1.9940309699249268, 1.625221152114868, 1.4291139548110963, 1.2807646937942505, 1.1955846269989014, 1.1443488597869873, 1.0978851982879638, 1.0990530187225342, 1.0920565518188476, 1.0893433015441893, 1.0895172787475587, 1.0959018942642211, 1.100616465702057, 1.101157675895691, 1.1124140936279296, 1.1103943167877197, 1.1100060507583618, 1.1185210928726197, 1.1174798120880127, 1.1202654204177855, 1.1282712366104126, 1.1330672144317626, 1.1382374547958374, 1.158894144821167, 1.1508755740356444, 1.1430935235977173, 1.14234058303833, 1.1581187138748168, 1.1598012979507446, 1.1557974807357787, 1.1560479777908326, 1.1623075748443603, 1.181663642578125, 1.1835293407058716, 1.1773351178741456, 1.1590138581848144, 1.1805207525634767, 1.195989849319458, 1.1783046133041382, 1.1930428256607055, 1.1936300240325928, 1.199608260498047, 1.1907045394515992, 1.193834735145569, 1.201900873298645, 1.2047942685317994, 1.1953800952148437, 1.203344683227539, 1.2153071448135375, 1.2155390341949464, 1.198599893836975, 1.2083846915435792, 1.2257944801712035, 1.208676989440918, 1.2120490991973878, 1.2111741122436523, 1.2200596425247192, 1.2268618389892578, 1.2255173485946655, 1.2258455215454103, 1.0777401274108886, 0.9903436670684814, 0.951675752658844, 0.9183827267837524, 0.8884448413467407, 0.8608221228790284, 0.834721965713501, 0.8084447819137573, 0.7839702217674256, 0.7601098328781128, 0.7376076002502442, 0.7141951499938964, 0.6932798266792297, 0.6717377171516419, 0.6513233417701721, 0.6322647797584534, 0.6131737434196473, 0.5947486494636536, 0.5770606313514709, 0.5591647527503967, 0.5424501223564148, 0.5257546334838867, 0.510469456653595, 0.49500963709831236, 0.48057293691635133, 0.46605669277191164, 0.4526887729644775, 0.438481782283783, 0.42572339131355286, 0.4130739132213593, 0.40123192459106444, 0.38924661529541016, 0.3778879748439789, 0.36695700631141664, 0.35752806042671204, 0.34692820812225345, 0.33652846158981325, 0.3280017385673523, 0.31772367265701296, 0.30922281069755553, 0.3027930794620514, 0.3004494777393341, 0.29827221578598023, 0.29654977108001707, 0.29454435128211975, 0.2924945711708069, 0.2910287625980377, 0.28907506036758424, 0.2874035636329651, 0.28544594208717344, 0.28365346822738646, 0.28198955606460574, 0.2800605949878693, 0.2785820528316498, 0.27688407903671264, 0.27516883204460146, 0.2735130218029022, 0.2721363697052002, 0.2702574285888672, 0.26855014752388, 0.26699087141990663, 0.26534750984191896, 0.2635707633972168, 0.26202224715232847, 0.2605233408927917, 0.25909118829727174, 0.25748273683547973, 0.25591058598518374, 0.2542115431022644, 0.25265626341819764, 0.25114210680007937, 0.2496434114265442, 0.24813532130241395, 0.24663431369781494, 0.24538551608085632, 0.2435946348428726, 0.24212686588287355, 0.2408438581752777, 0.2392676291513443, 0.23803067774295808]
0,0.9565217391304348
1,0.9354838709677419
2,0.782608695652174
3,0.6896551724137931
4,0.8064516129032258
5,0.75
6,0.782608695652174
7,0.8461538461538461
8,1.0
9,0.9473684210526315
10,0.45
11,0.47619047619047616
12,0.7
13,0.6956521739130435
14,0.8888888888888888
15,0.9166666666666666
16,0.9615384615384616
17,0.9047619047619048
18,0.6470588235294118
19,0.84
20,0.8888888888888888
21,0.8947368421052632
22,0.8823529411764706
23,0.8846153846153846
24,0.8695652173913043
25,0.5833333333333334
26,0.8333333333333334
27,0.7916666666666666
28,0.76
29,0.6551724137931034
30,0.8148148148148148
31,0.76
32,0.7272727272727273
33,0.5517241379310345
34,0.88
35,0.4090909090909091
36,0.9523809523809523
37,0.7894736842105263
38,0.8846153846153846
39,1.0
40,0.8214285714285714
41,0.9090909090909091
42,0.8260869565217391
43,0.8260869565217391
44,0.5217391304347826
45,0.6842105263157895
46,0.5454545454545454
47,0.7391304347826086
48,1.0
49,0.8823529411764706
50,0.6818181818181818
51,0.7142857142857143
52,0.65
53,0.9655172413793104
54,0.9545454545454546
55,0.7142857142857143
56,0.8636363636363636
57,0.6785714285714286
58,0.8857142857142857
59,0.75
60,0.8518518518518519
61,0.8275862068965517
62,0.8846153846153846
63,0.7083333333333334
64,0.7894736842105263
65,0.7727272727272727
66,0.8076923076923077
67,0.6521739130434783
68,0.9523809523809523
69,0.8333333333333334
70,0.9
71,0.8095238095238095
72,0.45454545454545453
73,0.71875
74,0.6060606060606061
75,0.9285714285714286
76,0.8095238095238095
77,0.5882352941176471
78,0.7368421052631579
79,0.8571428571428571
80,0.7241379310344828
81,0.8571428571428571
82,0.972972972972973
83,0.8
84,0.8148148148148148
85,0.9666666666666667
86,0.8214285714285714
87,0.8666666666666667
88,1.0
89,0.8571428571428571
90,0.875
91,0.8717948717948718
92,0.64
93,0.8095238095238095
94,0.9565217391304348
95,0.6896551724137931
96,0.5652173913043478
97,0.7916666666666666
98,0.6153846153846154
99,0.8695652173913043
16
7
91
43
14
92
79
89
13
85
47
27
81
63
59
10
78
7
53
17
27
43
10
54
94
79
68
31
69
64
83
41
23
2
96
20
87
90
52
26
83
67
20
20
7
83
67
45
68
93
86
12
60
73
99
1
62
44
26
58
88
64
88
19
3
23
19
48
1
48
58
16
63
75
55
4
1
15
98
32
14
87
38
96
8
45
92
31
62
61
89
62
78
83
26
85
28
37
54
30
95
7
59
24
94
7
94
94
11
42
65
52
40
38
55
80
82
46
75
51
74
34
5
85
30
74
22
95
81
92
27
52
18
44
62
65
69
84
0
43
48
67
62
89
53
79
58
19
8
68
3
3
53
70
39
0
40
51
58
19
90
90
81
61
41
77
52
66
68
80
4
46
5
27
35
50
88
14
75
53
3
5
98
82
7
87
61
7
91
1
5
17
72
41
94
33
67
79
39
23
16
31
63
71
67
37
10
46
74
49
77
65
50
15
51
55
36
3
41
47
54
81
37
75
74
71
14
92
9
44
57
83
45
22
59
42
89
61
85
39
7
25
98
24
70
54
49
70
87
89
41
79
97
36
83
82
77
11
7
74
80
2
9
91
40
36
91
91
99
73
76
83
42
28
90
50
82
24
38
16
40
39
7
63
10
51
47
44
29
74
53
30
84
27
5
91
53
74
3
15
15
44
5
66
77
15
48
95
72
65
77
3
13
18
92
55
13
51
29
91
91
99
75
58
71
70
98
52
94
89
90
56
57
43
60
90
30
59
78
74
65
80
54
83
60
17
61
18
14
26
9
81
85
32
63
43
56
87
44
26
99
70
8
90
65
80
41
17
39
53
66
48
5
88
32
67
87
37
41
91
16
18
33
16
89
5
69
83
74
85
24
72
32
76
45
37
52
46
27
40
58
84
6
91
38
46
66
25
79
0
23
14
15
86
75
45
6
22
33
76
52
81
90
22
34
45
48
48
30
2
1
23
3
22
5
80
93
27
39
79
92
53
54
63
18
84
61
8
59
8
88
62
29
30
73
2
33
39
4
61
45
83
58
73
18
84
4
5
57
18
23
29
85
34
4
16
86
26
95
45
61
0
87
32
63
86
62
55
85
82
91
82
17
50
85
12
26
54
28
58
79
1
4
44
16
3
33
23
91
73
1
1
11
32
19
88
11
45
56
0
54
61
20
10
17
53
89
18
13
6
47
41
26
26
25
60
22
73
4
87
24
18
78
17
7
0
87
26
73
14
56
26
12
54
21
79
8
43
39
78
40
53
98
4
31
8
57
33
7
35
6
94
87
65
22
16
64
57
98
97
88
72
58
27
36
13
91
84
9
89
9
65
85
70
59
45
70
59
79
70
34
97
99
49
18
55
70
19
38
34
61
69
37
64
24
43
78
75
96
35
1
84
22
86
4
91
13
90
68
60
84
0
34
18
32
92
14
49
35
86
3
89
18
15
66
98
50
12
41
31
34
93
84
26
74
15
50
57
54
35
67
44
66
60
26
58
82
67
98
89
28
55
95
76
60
76
91
66
2
42
62
43
91
48
27
34
33
34
53
3
28
8
40
44
59
61
60
73
61
29
63
63
49
92
92
6
57
94
18
20
55
0
85
65
18
23
78
95
81
58
73
60
21
14
19
87
47
79
90
75
27
15
41
39
99
33
94
45
91
36
77
3
75
62
94
61
50
38
12
1
0
30
84
98
29
7
18
48
89
91
84
63
62
31
40
55
30
61
86
96
18
55
25
14
28
75
2
81
61
73
79
5
88
56
81
15
84
69
30
6
68
70
87
74
7
80
55
68
5
14
48
83
0
70
38
26
24
69
16
9
42
41
39
27
0
70
85
9
43
79
77
75
74
80
42
62
8
0
36
89
4
46
69
56
42
22
71
35
72
40
16
0
21
2
1
64
47
43
83
65
68
18
1
39
96
98
47
90
46
77
37
61
31
14
4
92
38
93
28
39
18
41
44
49
1
11
97
91
82
4
60
34
56
19
32
63
16
99
30
98
8
58
93
87
11
24
35
43
47
6
4
27
8
63
26
34
39
97
37
75
33
87
49
98
16
33
76
41
97
8
75
17
55
93
44
4
41
60
30
65
21
53
90
54
87
86
37
47
19
2
73
55
25
62
26
19
28
15
72
47
17
45
92
39
42
58
49
48
44
71
48
69
9
26
37
46
71
66
66
88
82
1
39
88
93
82
7
17
56
40
70
1
68
52
69
45
16
62
85
12
99
88
40
68
36
60
37
13
20
46
75
61
62
58
88
51
75
73
70
37
28
90
55
88
68
38
95
7
16
58
61
39
56
17
96
77
63
87
75
4
16
94
55
76
60
97
1
0
75
31
55
60
75
52
6
43
14
84
14
51
1
88
53
66
5
52
32
52
40
24
86
54
54
88
61
87
54
24
40
85
17
90
22
86
77
79
94
18
0
39
89
82
41
87
91
73
4
62
55
46
10
46
28
38
74
70
13
7
15
24
76
98
73
79
15
47
47
93
73
81
26
70
95
60
70
11
82
66
34
6
65
62
74
31
36
88
52
48
79
50
55
57
66
68
97
64
16
61
16
86
7
29
84
53
9
38
4
74
15
1
78
74
1
84
69
81
10
33
80
68
30
8
3
81
26
18
26
35
20
55
5
53
34
27
93
18
44
93
37
91
46
31
69
47
86
95
85
80
1
82
45
66
54
58
31
42
23
90
6
83
19
51
80
23
64
61
40
51
99
28
19
63
7
97
78
34
90
13
74
17
28
29
10
61
83
83
53
73
7
59
82
34
15
68
68
34
82
75
37
8
94
16
24
21
8
96
53
49
38
89
27
32
96
20
29
43
69
94
26
54
23
91
34
48
71
53
25
0
59
57
69
73
50
12
42
61
21
95
88
28
15
24
1
77
67
82
5
64
51
52
79
70
46
1
59
87
60
88
76
45
15
7
1
35
94
79
16
71
26
55
60
73
9
75
5
72
27
32
38
33
45
36
40
47
2
18
85
30
14
51
79
13
99
86
15
29
63
66
62
80
24
57
43
78
49
99
95
93
44
12
27
86
64
46
23
62
50
17
98
21
32
57
61
2
6
92
82
82
94
95
81
96
77
49
67
31
60
70
48
63
62
82
36
76
31
47
75
4
29
94
27
70
95
32
38
67
37
2
65
40
53
87
95
53
42
43
89
69
93
81
40
71
31
33
91
75
85
47
97
92
13
80
46
62
92
53
46
66
45
48
94
16
69
60
42
35
59
52
44
57
4
83
89
71
71
52
46
58
35
22
62
52
2
58
77
96
86
33
58
69
97
14
51
2
4
25
58
97
6
75
81
99
28
36
57
88
25
38
71
47
53
48
79
59
29
82
90
93
81
17
14
69
25
32
39
62
89
4
67
99
28
98
88
20
74
18
71
48
69
1
21
6
39
87
15
37
78
48
15
89
73
79
38
72
21
96
11
13
84
30
13
30
98
31
83
59
77
74
41
8
19
54
4
68
53
91
67
3
40
71
57
38
9
82
3
76
20
60
42
94
66
72
54
25
61
36
4
14
61
60
77
62
27
66
88
67
93
23
33
88
18
58
51
33
23
85
56
20
7
20
95
56
19
4
98
18
26
0
56
47
57
59
10
29
65
3
23
9
77
43
15
72
77
19
73
24
7
29
4
61
64
30
39
70
75
17
9
17
28
45
16
12
48
49
63
71
12
11
77
11
68
46
15
84
19
66
70
62
34
94
91
41
5
99
33
90
16
56
7
24
71
3
19
14
23
68
45
81
10
90
21
57
22
87
82
12
38
10
93
14
84
41
64
76
25
91
94
42
79
19
76
87
18
51
1
50
37
6
45
23
0
55
91
48
95
48
45
54
69
82
68
56
86
80
37
67
71
25
50
60
79
0
14
55
46
80
2
32
92
61
76
97
13
30
27
74
8
17
42
91
46
36
69
4
57
84
76
85
21
91
79
76
13
8
92
69
82
79
73
89
65
42
39
45
80
63
15
50
16
62
94
60
91
83
62
85
48
59
11
5
2
55
75
75
4
31
72
17
89
70
19
36
22
44
83
63
2
62
37
11
99
77
56
22
84
14
71
94
44
37
41
52
91
85
43
82
40
97
42
96
47
22
1
11
78
72
93
85
12
63
65
25
44
2
86
44
59
2
54
35
56
75
47
76
20
48
97
9
25
38
5
3
50
43
84
18
6
9
72
38
6
75
15
29
2
20
95
3
58
74
14
83
91
74
86
10
63
58
36
90
8
49
65
30
13
14
37
0
58
96
1
61
59
21
60
89
82
61
80
52
65
55
32
77
69
26
42
79
11
20
38
47
15
7
65
63
96
26
29
31
79
39
30
99
5
8
19
52
16
58
54
82
31
82
93
70
99
21
17
56
64
74
1
92
10
85
78
58
10
53
44
47
5
34
81
64
77
30
66
27
35
93
46
18
74
87
72
87
26
41
70
51
21
32
90
36
85
65
87
21
87
71
83
27
74
1
8
93
98
61
88
90
10
83
37
85
34
24
74
49
76
28
74
45
58
45
87
79
63
14
47
31
77
59
69
71
69
73
81
98
54
67
17
21
1
88
21
77
95
91
12
15
82
22
16
66
25
41
15
29
73
27
81
63
53
23
81
86
78
71
28
75
46
62
79
16
8
7
22
81
87
83
65
62
49
70
57
75
18
40
91
23
13
80
6
42
97
30
30
35
94
41
36
52
12
43
86
97
53
50
97
3
61
20
22
57
25
71
55
68
20
49
67
87
16
41
66
72
10
54
92
15
42
6
85
8
2
5
45
85
71
56
99
67
72
2
76
50
30
53
91
81
65
92
23
46
72
40
71
62
11
23
78
96
67
36
8
15
4
80
27
60
7
54
48
16
57
94
30
62
43
92
58
19
23
38
40
96
95
61
99
86
53
89
11
52
58
54
85
74
72
82
72
32
43
81
34
47
47
40
53
45
8
83
3
90
40
28
53
27
59
4
33
92
89
44
44
55
89
98
78
82
91
31
91
47
9
73
69
36
78
91
95
37
61
83
69
11
16
76
33
10
90
98
94
24
39
1
33
90
55
7
39
15
39
3
41
66
80
27
45
74
32
5
45
9
93
33
94
35
24
56
65
46
38
23
39
25
97
58
25
47
29
56
98
82
41
38
51
73
19
18
95
64
78
96
49
64
40
36
97
40
45
49
62
28
37
4
96
81
91
5
87
3
50
80
86
41
17
12
80
4
6
63
40
13
98
37
21
76
32
52
49
30
60
80
51
66
87
38
63
53
4
48
24
13
31
29
84
46
61
24
34
35
45
99
27
51
91
0
72
50
57
4
60
90
86
9
46
92
99
77
57
14
2
70
69
69
91
79
93
58
0
20
7
24
82
79
58
72
58
63
85
38
70
26
97
35
53
37
73
28
86
50
24
29
95
1
2
36
59
99
55
85
0
60
64
82
62
31
86
10
72
73
63
45
84
85
90
69
82
21
89
68
68
76
31
58
8
90
13
30
78
88
47
99
42
12
92
8
82
78
97
62
50
4
12
29
97
77
56
18
77
3
95
54
53
45
16
73
45
33
6
86
19
97
4
9
53
89
14
25
26
49
11
14
80
83
21
27
30
59
74
29
52
90
14
77
19
7
75
27
16
30
6
83
14
51
42
70
