overall_acc,0.806
loss,[10.81820491760254, 6.1992082119750975, 4.181581956481933, 3.2555501480102538, 2.813474350204468, 2.5973229428863527, 2.4890478469848634, 2.4244758527374266, 2.3854001361846926, 2.3581684105682372, 2.347878021965027, 2.3233353085327146, 2.324238319015503, 2.308823082809448, 2.3033867335510254, 2.302796155395508, 2.2970650146484375, 2.2972367581939697, 2.298200658340454, 2.2968773918914795, 2.3018913081359864, 2.3012462938690184, 2.301684906997681, 2.3027094924926756, 2.29948601020813, 2.313098582992554, 2.3185051583099363, 2.323733383026123, 2.3276108631896975, 2.327798558578491, 2.325781029586792, 2.3367082147979734, 2.354340611038208, 2.345457057952881, 2.359727024230957, 2.3568044620513917, 2.37603775138855, 2.3870266836547853, 2.3853569935607912, 2.396658818130493, 2.397891903915405, 2.4113603308105467, 2.415693942337036, 2.423629786834717, 2.428680299835205, 2.4389375443267824, 2.4456850171661375, 2.4614938884735107, 2.4690953985595705, 2.458466926345825, 2.4716537063598634, 2.486587364425659, 2.4798896813964846, 2.494197375564575, 2.4928996961212158, 2.503557713165283, 2.519200468292236, 2.5024423636627198, 2.522828639755249, 2.517377462768555, 2.0069437488174438, 1.6351329161453247, 1.4237767400741577, 1.2859845625305175, 1.1995102104187012, 1.1436508716201783, 1.1129215480041503, 1.0881889706420897, 1.088319340133667, 1.0915088270187379, 1.0877016245269775, 1.0976293572235107, 1.1046825034713745, 1.1109861698913575, 1.106172633781433, 1.1089894617462157, 1.1098297748184205, 1.1163411011123656, 1.135472058982849, 1.1397080423355102, 1.1335858026504517, 1.1483936024475099, 1.1439679078674316, 1.1531973347091675, 1.1494718618392945, 1.1446312213134766, 1.1529083698654174, 1.1561833388900757, 1.1605572428894042, 1.1704843789672852, 1.1689857776641845, 1.1590806483459473, 1.1800981700897217, 1.1668737127304076, 1.1755136331939697, 1.196410245666504, 1.182972197303772, 1.1812976286315917, 1.1935518795013427, 1.1844252531051636, 1.1977345305633544, 1.1955715516662597, 1.209571604270935, 1.1961449263000488, 1.2069485218048095, 1.207099714012146, 1.2069809269714356, 1.2160745288467407, 1.2095137847137452, 1.2083741116714477, 1.2121981785202027, 1.2140041144943237, 1.2102291869354247, 1.2263493824386598, 1.2149402997970582, 1.2288226721572877, 1.223013762664795, 1.2224022246932984, 1.233758311767578, 1.215513219947815, 1.0787983363342286, 0.9927734790420533, 0.9535485391235352, 0.9202889455795288, 0.8905303560829163, 0.8625480341339111, 0.8355510659599305, 0.8100965921783447, 0.7847501018905639, 0.7609897416114807, 0.7379026453399659, 0.7153377000236512, 0.6943663237762451, 0.6735982814407349, 0.6532385308265686, 0.6332877940368652, 0.6137950177955628, 0.5958616837882995, 0.5777634107208252, 0.5600292930984497, 0.5439603376770019, 0.5275455527496338, 0.5115489165115357, 0.4963968664932251, 0.48177968629837037, 0.46702099095344546, 0.45418821734428405, 0.4400504842090607, 0.42702884322166446, 0.4146957972049713, 0.4028005309963226, 0.3911202752494812, 0.37994751200675964, 0.3683462291431427, 0.35807729883193967, 0.34757745285987857, 0.3370471866607666, 0.32680235781669614, 0.31810345868110657, 0.3089460622215271, 0.30253459533691407, 0.3003570257568359, 0.29839150009155274, 0.2967982780647278, 0.29483169379234314, 0.2929396995830536, 0.291140137014389, 0.2892828619289398, 0.28730673367500303, 0.28570403265953065, 0.2840402090740204, 0.28229050850868226, 0.28048683185577394, 0.2786749983501434, 0.2769493620300293, 0.2755319627666473, 0.27388068578720093, 0.27214711325645446, 0.27038119519233705, 0.26886196687698366, 0.26723568241119383, 0.2656173056602478, 0.26387388226509095, 0.26245089696884155, 0.260816331281662, 0.2593039159488678, 0.2575991808700562, 0.2563332011222839, 0.2545436802482605, 0.2529819388961792, 0.2514107498073578, 0.25000814270019533, 0.24846180780410768, 0.24690832829475404, 0.2456587922525406, 0.2440547675848007, 0.24256447314739227, 0.24144229328632355, 0.23957560844421386, 0.23819010470867158]
0,0.9565217391304348
1,0.9354838709677419
2,0.8260869565217391
3,0.7931034482758621
4,0.7419354838709677
5,0.7916666666666666
6,0.782608695652174
7,0.8846153846153846
8,1.0
9,1.0
10,0.4
11,0.5238095238095238
12,0.8
13,0.6521739130434783
14,0.8148148148148148
15,0.8333333333333334
16,0.8076923076923077
17,0.9523809523809523
18,0.5588235294117647
19,0.84
20,0.8888888888888888
21,0.8947368421052632
22,0.9411764705882353
23,0.8076923076923077
24,0.8695652173913043
25,0.5
26,0.8333333333333334
27,0.7916666666666666
28,0.84
29,0.7241379310344828
30,0.8518518518518519
31,0.72
32,0.7727272727272727
33,0.6551724137931034
34,0.84
35,0.5454545454545454
36,0.9047619047619048
37,0.8421052631578947
38,0.8076923076923077
39,1.0
40,0.75
41,1.0
42,0.8260869565217391
43,0.8260869565217391
44,0.6086956521739131
45,0.7631578947368421
46,0.5454545454545454
47,0.6956521739130435
48,1.0
49,0.8823529411764706
50,0.7272727272727273
51,0.9047619047619048
52,0.8
53,0.9655172413793104
54,0.9545454545454546
55,0.6190476190476191
56,0.8636363636363636
57,0.7142857142857143
58,0.9142857142857143
59,0.75
60,0.7777777777777778
61,0.7931034482758621
62,0.9230769230769231
63,0.7083333333333334
64,0.7894736842105263
65,0.6818181818181818
66,0.8076923076923077
67,0.6956521739130435
68,0.9523809523809523
69,0.9
70,0.8
71,0.9047619047619048
72,0.5909090909090909
73,0.71875
74,0.696969696969697
75,0.9285714285714286
76,0.9047619047619048
77,0.6470588235294118
78,0.7368421052631579
79,0.8571428571428571
80,0.7931034482758621
81,0.9047619047619048
82,0.972972972972973
83,0.8666666666666667
84,0.9629629629629629
85,1.0
86,0.8571428571428571
87,0.9
88,0.9047619047619048
89,0.8928571428571429
90,0.9166666666666666
91,0.8717948717948718
92,0.72
93,0.8095238095238095
94,0.9130434782608695
95,0.6206896551724138
96,0.5217391304347826
97,0.75
98,0.6923076923076923
99,0.9130434782608695
16
7
91
43
14
92
79
89
13
85
47
27
81
63
59
61
44
24
53
17
27
43
10
54
94
79
68
99
69
64
83
41
23
35
47
20
87
90
52
26
83
67
20
20
7
83
27
45
68
93
86
12
69
73
99
1
62
65
26
58
88
64
88
19
34
71
19
48
44
48
58
16
64
75
55
4
32
55
98
32
14
87
38
12
8
45
92
31
62
61
89
62
78
83
26
85
28
37
54
30
95
7
59
24
94
7
94
94
98
42
65
52
40
38
55
80
82
98
75
93
74
42
5
85
30
74
22
95
81
92
27
52
51
44
62
65
69
84
0
43
48
67
62
7
92
44
37
19
8
68
64
3
83
62
39
0
86
51
58
19
89
90
81
61
41
66
52
66
68
80
4
11
5
27
35
50
88
19
75
53
3
5
98
82
7
81
61
7
91
1
5
17
95
41
94
33
67
39
39
23
86
31
63
71
67
37
84
46
74
59
77
65
50
15
51
65
36
3
41
96
54
87
37
75
63
71
14
83
9
44
57
83
45
22
52
32
89
22
85
39
7
25
98
57
70
54
49
70
87
90
41
79
97
36
83
82
51
11
7
74
80
2
9
93
40
36
32
91
99
73
40
83
42
62
90
50
82
24
38
16
28
39
7
23
10
51
96
51
29
97
53
30
84
26
5
26
53
74
72
15
15
44
5
66
77
55
48
73
72
64
77
3
13
18
92
55
13
73
29
91
91
61
75
58
71
70
98
52
94
89
90
52
57
43
60
86
30
59
78
6
80
80
54
99
60
76
54
18
14
26
9
81
85
32
63
43
56
87
44
26
99
70
8
90
65
80
48
17
39
53
66
48
5
88
32
74
98
37
40
91
16
4
33
16
89
5
76
83
74
85
24
72
32
76
45
84
52
46
72
40
58
84
6
91
63
35
66
90
79
0
23
14
15
86
75
45
6
22
33
76
52
41
90
22
34
45
72
7
30
2
1
23
3
22
5
80
93
27
86
79
92
53
54
63
18
84
22
8
59
8
88
62
29
73
73
2
33
39
4
22
45
83
58
73
18
84
4
5
53
18
23
29
85
34
64
16
16
99
95
45
97
0
3
32
44
86
92
29
85
82
91
82
17
4
58
12
26
54
28
58
79
1
4
30
57
3
33
23
91
73
1
1
98
22
19
88
11
29
56
0
54
61
20
13
17
53
89
18
81
6
47
41
26
26
25
60
22
93
4
87
24
90
78
17
7
0
87
26
73
14
56
26
12
54
21
79
8
43
39
51
40
53
98
63
31
8
57
33
26
35
6
94
87
65
22
16
64
57
98
64
88
72
58
27
36
13
91
84
9
5
9
65
85
70
59
7
2
59
79
70
34
97
81
49
44
55
70
27
38
34
61
69
37
97
24
3
78
51
63
35
1
84
22
86
4
91
13
90
68
60
84
0
34
70
32
92
83
52
46
86
3
89
44
15
66
35
50
12
41
31
34
93
84
26
74
15
50
57
54
11
73
44
66
60
26
58
82
67
98
89
28
55
95
76
60
76
91
37
2
4
62
43
91
48
63
34
42
34
53
3
28
8
40
44
96
61
60
67
61
29
18
42
49
92
92
6
55
68
18
20
55
0
85
75
19
23
78
95
81
58
73
60
21
62
19
87
47
79
90
75
27
15
41
39
99
46
94
45
91
36
77
3
75
62
94
61
50
38
12
1
0
30
84
98
29
7
18
48
89
91
84
4
62
31
40
29
30
22
86
47
96
65
25
14
28
75
2
81
22
73
79
5
33
56
81
15
84
69
30
6
68
70
81
74
7
67
23
60
5
14
48
18
0
70
38
26
24
69
86
9
42
41
39
27
0
70
85
9
43
79
77
75
74
38
42
83
8
0
36
89
51
46
69
56
42
22
71
98
72
40
16
0
21
2
1
64
47
43
83
42
68
18
1
90
96
46
47
90
2
28
37
61
31
9
4
92
38
93
28
39
18
41
44
49
1
11
19
91
82
4
60
34
56
19
32
74
87
99
49
98
8
58
93
87
11
24
35
43
52
6
4
27
8
63
26
34
39
97
37
75
33
87
49
46
16
33
76
41
97
8
75
17
80
93
4
4
41
60
67
65
21
57
90
54
87
86
37
47
66
2
73
55
25
62
26
19
28
15
14
47
69
45
92
39
42
58
49
48
44
71
48
69
9
44
16
11
71
66
66
88
82
1
39
88
93
82
7
17
56
40
70
1
68
52
69
45
16
62
85
12
99
88
40
68
36
60
17
28
20
46
75
61
70
58
88
51
75
73
54
37
28
90
72
88
68
38
73
77
16
58
61
39
56
17
33
77
50
87
63
4
28
94
55
76
60
97
1
0
75
31
55
71
75
52
6
43
14
84
6
51
1
88
53
66
5
56
32
52
40
24
86
54
54
88
61
87
54
24
10
85
17
90
22
86
77
79
94
45
0
39
89
82
41
87
91
73
4
62
72
98
10
46
28
38
74
70
13
29
15
24
76
98
73
79
15
47
47
93
73
81
26
70
95
60
70
11
82
66
34
6
65
62
74
31
36
88
52
48
79
74
19
83
66
68
74
64
16
63
16
84
18
29
63
57
9
38
74
74
15
1
42
96
1
84
69
81
10
33
80
68
30
8
3
81
26
18
14
35
28
72
5
53
34
27
93
6
44
93
85
14
46
31
69
47
57
30
85
80
1
82
45
66
44
58
31
42
23
90
18
83
21
51
80
23
64
61
40
51
99
28
19
63
93
97
78
34
90
13
74
17
28
29
10
22
83
83
53
73
7
59
82
34
15
68
68
34
82
75
37
8
94
16
24
21
8
96
53
49
74
85
27
32
96
20
29
43
69
13
26
82
23
91
34
48
71
53
5
0
59
84
69
73
50
12
42
61
21
95
88
28
15
24
1
77
67
82
5
64
51
59
79
70
46
1
59
87
60
33
76
45
19
7
1
35
94
79
25
71
26
72
60
73
9
75
5
72
27
96
38
56
45
44
87
52
2
7
85
30
14
51
79
89
99
86
15
29
63
66
62
80
24
57
43
78
49
99
95
93
63
71
45
86
64
19
19
62
50
17
35
21
32
57
61
2
6
1
82
82
94
95
81
96
93
33
67
31
60
44
74
63
62
82
36
76
31
47
75
77
29
94
27
70
95
32
38
32
37
36
65
40
53
87
95
53
42
43
89
69
93
81
84
71
31
33
73
75
85
47
97
70
13
42
46
62
92
53
32
66
45
48
94
28
47
60
42
35
59
52
44
57
4
83
89
71
68
52
46
58
98
22
62
52
2
58
77
96
86
33
58
69
97
14
51
2
63
45
58
97
6
80
81
99
28
50
57
88
25
38
71
47
53
48
79
59
29
82
90
93
81
17
14
69
25
32
39
14
89
66
67
99
28
98
88
20
4
18
71
48
69
7
41
6
39
25
19
37
44
48
46
89
67
77
38
23
21
96
11
41
84
30
58
73
46
31
83
59
77
74
41
8
19
54
74
68
9
91
67
38
40
71
57
38
9
82
72
76
20
60
42
94
66
72
14
25
61
36
4
14
26
60
77
62
85
33
22
67
93
23
33
88
18
58
51
83
23
85
56
20
79
20
30
47
19
55
35
67
26
0
56
47
51
52
83
51
64
3
23
9
77
43
15
72
77
19
73
24
7
29
4
61
50
30
39
14
19
51
9
17
28
45
16
12
41
49
63
71
12
2
51
98
68
46
15
84
19
66
70
62
34
94
30
11
4
99
33
90
16
47
4
24
71
3
19
14
23
68
45
81
61
90
21
57
22
87
82
90
38
10
93
77
84
41
64
76
25
91
94
42
79
19
76
87
18
51
1
50
37
6
45
23
0
55
91
89
95
48
45
54
69
82
68
56
86
80
69
67
71
25
50
60
79
0
14
74
46
80
2
32
83
61
69
97
13
30
27
74
8
17
42
91
35
36
69
50
57
84
76
85
3
91
79
76
13
8
92
69
82
7
73
89
64
42
39
83
80
32
15
50
16
92
94
60
91
83
62
85
48
59
11
5
2
55
75
75
24
3
72
17
12
92
19
36
93
67
83
63
2
92
37
11
99
77
56
22
84
14
71
94
44
12
41
52
91
85
43
82
40
97
42
96
52
22
1
11
78
72
93
85
84
63
65
25
7
2
86
26
59
2
54
11
56
75
47
76
20
48
97
9
45
38
84
3
50
43
84
67
6
9
72
38
6
75
15
29
35
20
95
3
40
74
14
83
91
74
86
73
50
58
36
90
8
49
65
40
2
14
37
0
58
96
1
61
59
21
60
89
82
99
80
52
65
55
32
77
69
26
42
79
11
20
38
52
15
7
65
63
52
26
29
3
79
39
30
99
5
8
43
52
40
58
54
82
3
82
93
70
99
21
17
56
64
74
1
92
61
85
78
58
10
53
74
47
5
34
81
64
77
30
66
63
45
93
46
42
45
87
63
87
26
41
70
34
21
32
90
36
85
3
87
21
87
71
53
27
74
1
8
93
98
61
88
90
10
83
93
85
80
24
74
49
12
28
74
44
58
45
87
79
63
14
47
31
77
59
17
71
25
67
81
98
54
93
17
21
1
88
21
77
95
91
12
15
82
22
16
66
5
32
29
29
73
27
81
63
53
23
81
86
78
71
28
75
98
62
79
16
8
7
22
81
87
83
65
62
49
70
57
55
44
9
91
23
13
80
6
42
97
30
55
35
94
41
36
52
12
43
86
97
53
50
64
4
61
20
22
57
25
71
72
68
20
49
67
87
16
41
66
59
10
54
92
15
42
6
85
8
2
25
45
5
71
56
99
67
78
2
76
50
30
53
91
81
65
92
23
11
72
40
30
62
11
23
78
96
67
36
8
15
4
80
27
60
7
54
48
16
57
94
30
92
43
62
58
19
23
38
40
96
95
10
99
86
53
89
11
52
58
54
85
74
72
82
72
69
43
37
34
47
47
40
53
45
8
83
3
90
87
28
53
27
59
4
33
92
89
44
12
55
89
98
78
82
91
31
91
47
9
73
69
36
24
91
95
37
61
83
69
11
55
76
80
78
90
98
94
24
39
1
33
52
55
7
39
15
99
3
41
66
80
27
45
4
32
5
45
9
93
33
8
40
24
56
65
11
38
23
39
25
97
84
25
47
72
56
98
82
41
38
51
45
34
18
95
64
78
96
49
64
40
36
97
40
45
49
62
28
56
4
54
81
91
5
87
3
50
80
86
89
17
12
80
4
24
32
40
13
98
37
21
76
14
59
49
30
49
80
51
66
87
38
63
53
4
48
24
13
31
46
84
46
61
24
34
46
45
99
27
51
91
0
72
50
57
4
60
90
86
9
46
92
99
77
57
14
2
70
69
69
32
79
77
58
0
20
7
24
82
79
58
72
58
3
85
55
70
44
97
46
53
37
73
28
86
50
24
55
95
1
2
36
59
99
55
85
0
71
64
82
62
31
86
57
72
73
63
91
84
85
90
69
82
21
89
68
68
76
31
58
8
90
13
30
78
88
33
99
42
12
92
8
82
78
97
62
74
4
69
29
38
77
56
18
77
3
95
54
0
45
16
73
29
33
14
86
19
97
4
9
53
89
14
86
26
49
11
14
80
83
21
27
30
52
74
29
99
90
14
77
77
7
75
27
16
30
74
83
14
51
42
70
