overall_acc,0.7984
loss,[10.972085325164795, 6.31465696899414, 4.228317613754273, 3.2775963426208494, 2.8364186654663084, 2.6068486725616453, 2.487779044113159, 2.4299899349975584, 2.395522397842407, 2.3620824433135987, 2.3438829805755614, 2.327101368713379, 2.3226853958129885, 2.3130576802825926, 2.3108235237884522, 2.30549836227417, 2.29483364982605, 2.2883012366485596, 2.300723749923706, 2.2999125143432617, 2.3029880631256106, 2.289120706100464, 2.3039554671478273, 2.304408656272888, 2.316768823776245, 2.3179308963012697, 2.311604916534424, 2.3196496549987793, 2.326451465301514, 2.3291535637664795, 2.342825464553833, 2.341034775085449, 2.3537887116241456, 2.3715527783203125, 2.3631586265563964, 2.3726700997924803, 2.3823073984527587, 2.3898465425872804, 2.3946131495666503, 2.414607699737549, 2.422452714996338, 2.431778500366211, 2.4492119100952148, 2.4401719651031493, 2.4504449922180176, 2.4580432862854003, 2.4691169852447508, 2.466140958251953, 2.495665627746582, 2.4863926527404785, 2.5030908683013915, 2.4977061153411864, 2.509689575042725, 2.5044379724121093, 2.5118545726013184, 2.5169442319488526, 2.5264232958221435, 2.528661946029663, 2.5578623320770264, 2.537448009414673, 2.0222794486618043, 1.6485865224075318, 1.4428589752578735, 1.2958612322616576, 1.1977764614486694, 1.126392342376709, 1.1011535598373412, 1.0874470293807983, 1.090160784225464, 1.083481930732727, 1.0869425801086425, 1.1032268577957154, 1.0889102903366088, 1.094077349281311, 1.1054368557357788, 1.1009540552520751, 1.1081566107559204, 1.1116190599441529, 1.11407788646698, 1.124785287513733, 1.1324055295181275, 1.134650732192993, 1.1407872024917602, 1.1400855117034912, 1.150626773147583, 1.1468337736129761, 1.1647449382400512, 1.1609189909744262, 1.1716008236694335, 1.1627695428466798, 1.1606458797836303, 1.178316116218567, 1.169467089920044, 1.1832147624588012, 1.1842228869247438, 1.1802080688858032, 1.1895783267974853, 1.1904288079833985, 1.176438995323181, 1.1962181790542603, 1.1952311190032958, 1.1989708853530885, 1.2057927000045776, 1.2102497859954835, 1.2150260691452026, 1.199712091178894, 1.20635034324646, 1.2031764246368408, 1.2162432127380371, 1.2141718143463134, 1.223585588684082, 1.2235812705612183, 1.2245766445922852, 1.2259058082580567, 1.2258977339172363, 1.222378858795166, 1.224781981010437, 1.238387495803833, 1.2290757678222657, 1.2297436603546144, 1.0869225778198242, 0.9986861248397827, 0.9590368296813965, 0.9249449134063721, 0.8950230862998962, 0.8669381373596191, 0.8396972835922242, 0.8136258473205566, 0.7884068077278137, 0.7649471681785583, 0.7420603046989441, 0.7195822112083435, 0.6975308639526367, 0.6762821640586854, 0.6559819143295288, 0.6358323427581787, 0.6173683068466187, 0.5990195587539673, 0.5810205614852906, 0.5629217767524719, 0.545925189857483, 0.529845144329071, 0.5141157286834717, 0.4986752432537079, 0.48405166971206665, 0.46968174456596373, 0.4560142426586151, 0.4426550004482269, 0.42968071679115294, 0.41739969676971433, 0.40530928190231325, 0.3933701453304291, 0.38138773248672486, 0.3702536911010742, 0.3597266959285736, 0.34905303256034853, 0.33847985843658446, 0.329041900472641, 0.3206125113391876, 0.31250375222206117, 0.3058033718204498, 0.3028295366764069, 0.30078981947898864, 0.2985815528964996, 0.2968230710029602, 0.29480649015426635, 0.2932364960670471, 0.2914196075057983, 0.28962406958580017, 0.28788844504356387, 0.2859536043548584, 0.28426284111976624, 0.28243764582633973, 0.2808111859321594, 0.2791126109313965, 0.27735226636886595, 0.2756185409545898, 0.27392595595359803, 0.27233737038612366, 0.2706073271083832, 0.26897165769577025, 0.2674481923484802, 0.2656354898929596, 0.2644150041770935, 0.26266385025024414, 0.26091713561058044, 0.25958949955940247, 0.25771748638153075, 0.25618605995178223, 0.25465010519981385, 0.2532449233341217, 0.2516856329345703, 0.24993430472373962, 0.24866469723701476, 0.24717119467258453, 0.24548545005321504, 0.2441868923139572, 0.24274779658794404, 0.24110417612075805, 0.2397407330942154]
0,0.9565217391304348
1,0.967741935483871
2,0.8260869565217391
3,0.7931034482758621
4,0.8387096774193549
5,0.7083333333333334
6,0.8695652173913043
7,0.8461538461538461
8,1.0
9,1.0
10,0.5
11,0.38095238095238093
12,0.8
13,0.6956521739130435
14,0.7777777777777778
15,0.875
16,0.9615384615384616
17,0.8571428571428571
18,0.6176470588235294
19,0.88
20,0.8333333333333334
21,0.8947368421052632
22,1.0
23,0.8076923076923077
24,0.7391304347826086
25,0.5
26,0.7916666666666666
27,0.8333333333333334
28,0.84
29,0.7931034482758621
30,0.8518518518518519
31,0.76
32,0.7272727272727273
33,0.6896551724137931
34,0.84
35,0.4090909090909091
36,0.9047619047619048
37,0.7894736842105263
38,0.8461538461538461
39,1.0
40,0.6785714285714286
41,0.9090909090909091
42,0.8695652173913043
43,0.8695652173913043
44,0.7391304347826086
45,0.7368421052631579
46,0.5
47,0.6956521739130435
48,1.0
49,0.8235294117647058
50,0.7272727272727273
51,0.7619047619047619
52,0.75
53,0.9655172413793104
54,0.9545454545454546
55,0.5238095238095238
56,0.8636363636363636
57,0.6785714285714286
58,0.8571428571428571
59,0.7916666666666666
60,0.8148148148148148
61,0.8275862068965517
62,0.8076923076923077
63,0.875
64,0.6842105263157895
65,0.5909090909090909
66,0.9230769230769231
67,0.6086956521739131
68,0.9523809523809523
69,0.8333333333333334
70,0.8666666666666667
71,0.8571428571428571
72,0.6818181818181818
73,0.75
74,0.6060606060606061
75,0.9642857142857143
76,0.9523809523809523
77,0.7058823529411765
78,0.7368421052631579
79,0.7857142857142857
80,0.7586206896551724
81,0.8095238095238095
82,0.918918918918919
83,0.8333333333333334
84,0.8888888888888888
85,0.9
86,0.8214285714285714
87,0.8666666666666667
88,0.9047619047619048
89,0.8571428571428571
90,0.875
91,0.8717948717948718
92,0.72
93,0.8095238095238095
94,0.9130434782608695
95,0.6206896551724138
96,0.6521739130434783
97,0.7916666666666666
98,0.5384615384615384
99,0.9130434782608695
16
7
91
43
14
92
6
89
13
85
47
27
81
63
59
10
78
7
53
17
27
43
10
54
94
79
68
31
69
64
83
41
23
12
59
20
87
90
52
26
83
51
20
20
7
83
27
45
68
93
86
12
69
73
99
1
62
44
26
58
88
3
88
19
3
23
19
48
44
48
58
16
63
3
71
4
32
15
98
32
14
87
38
12
8
45
92
31
62
61
89
62
78
83
45
85
28
37
54
30
95
7
59
24
94
7
94
94
11
42
65
52
40
38
55
80
82
46
75
51
74
34
5
85
30
74
22
95
81
92
44
52
18
44
62
65
69
84
0
43
48
67
62
7
53
44
90
19
8
68
96
3
83
70
39
0
95
51
58
19
89
90
81
61
41
77
52
66
68
80
4
46
5
27
35
50
88
7
75
53
3
84
11
82
7
87
61
7
91
1
5
37
72
41
94
33
67
39
39
23
9
31
63
71
67
37
84
46
74
33
77
26
50
46
51
27
36
3
41
59
54
87
37
75
55
71
14
0
9
44
57
83
45
61
47
42
89
22
85
39
7
25
98
50
70
92
49
70
87
89
41
79
97
36
83
82
92
46
7
74
80
2
9
78
40
36
91
91
99
73
40
83
42
10
90
50
82
24
38
16
5
39
7
63
10
51
96
51
29
66
53
30
84
44
5
91
53
74
72
15
15
44
5
66
77
55
48
73
63
38
77
3
13
18
92
55
13
73
29
87
91
61
75
58
71
54
98
52
94
89
90
56
57
43
60
89
30
59
78
6
80
80
54
99
60
76
54
18
14
26
9
81
85
32
63
43
73
87
44
26
99
70
8
90
65
80
41
17
39
53
66
48
20
88
8
27
98
37
40
91
16
27
33
16
89
5
76
83
74
85
24
72
32
76
33
5
52
46
72
40
58
84
6
91
38
46
66
41
26
0
23
14
55
86
75
45
6
22
33
76
52
37
90
22
34
45
66
65
30
35
1
23
3
22
5
80
93
27
39
79
62
53
54
63
18
84
66
8
59
8
88
62
29
73
73
2
33
39
4
22
45
83
58
73
18
84
4
5
57
18
23
29
85
34
42
16
86
79
95
45
97
0
46
98
44
86
62
29
85
82
91
82
17
80
89
12
26
54
28
58
79
1
4
99
65
3
33
23
91
73
1
1
35
10
19
88
11
29
56
0
54
61
20
13
17
53
89
18
81
6
96
41
26
26
25
60
22
73
74
47
24
90
74
17
7
0
87
26
73
14
56
26
12
54
21
79
8
43
39
51
40
53
98
4
31
8
57
33
18
35
6
94
87
65
22
16
48
57
2
4
88
72
58
93
36
13
91
84
9
12
9
72
85
70
59
90
2
59
79
70
34
97
22
49
18
55
70
90
38
34
61
69
37
27
24
15
78
72
63
35
1
84
22
86
4
91
13
90
68
60
84
0
34
18
32
92
18
96
35
86
3
89
44
15
66
35
50
12
41
31
34
93
84
26
74
27
50
57
54
35
73
44
66
60
79
58
82
67
83
89
28
55
95
76
60
76
91
37
2
3
62
43
91
48
63
34
42
34
53
3
28
8
99
44
96
61
60
73
61
29
86
63
49
92
92
45
57
68
18
20
72
0
85
65
18
23
42
95
81
58
73
60
21
14
19
87
47
79
90
75
72
15
41
39
99
46
94
45
91
36
77
65
75
92
94
61
50
38
12
1
0
30
84
98
29
7
18
48
81
91
84
63
62
31
40
55
30
22
86
96
59
65
20
14
28
75
11
81
22
73
79
5
27
56
81
15
84
69
30
6
68
70
81
74
7
80
55
60
5
14
48
83
0
70
38
26
24
69
86
9
42
41
39
27
0
70
85
9
43
79
77
75
74
80
42
45
8
0
36
89
43
46
69
56
42
22
71
98
72
16
16
0
21
2
1
64
47
43
92
75
68
18
1
25
96
98
47
90
2
28
37
61
31
14
4
92
38
93
28
39
18
41
44
49
1
11
19
91
82
4
60
34
56
19
32
74
86
99
49
98
8
58
93
87
2
79
35
43
52
6
4
27
8
63
26
34
39
97
52
75
33
87
49
98
16
33
76
41
97
8
75
17
27
93
27
4
41
60
30
65
21
77
90
54
87
86
37
47
66
2
73
55
25
62
26
19
28
15
14
59
17
45
92
39
42
13
49
48
44
71
48
69
9
26
16
46
71
66
66
88
82
1
39
88
93
82
7
17
56
40
70
1
68
52
69
45
16
6
85
12
99
88
40
68
36
60
37
87
25
46
75
61
70
58
88
51
75
73
54
37
28
90
72
88
68
38
73
7
16
58
61
39
56
17
33
77
63
87
75
4
16
94
55
76
60
97
1
0
75
31
27
71
75
52
6
43
14
84
14
51
1
88
53
66
5
56
32
52
40
24
86
54
54
88
61
87
54
24
40
85
17
90
22
86
77
79
94
45
0
39
89
82
41
87
91
73
4
62
72
46
10
46
28
38
74
70
13
44
15
26
76
98
73
79
15
47
47
93
73
81
26
70
95
60
70
2
82
66
34
6
65
62
74
31
36
88
47
48
79
74
55
83
66
68
97
64
16
10
16
84
18
29
63
53
9
38
80
74
15
1
51
96
1
84
69
13
10
33
80
68
30
8
3
81
45
99
14
35
28
72
5
53
34
27
93
6
44
93
37
91
35
31
69
47
86
95
85
80
1
82
45
66
80
58
31
42
23
90
18
83
19
51
80
23
64
61
40
51
99
28
19
63
26
97
78
34
18
13
50
17
28
29
10
61
83
83
53
73
7
52
82
34
15
68
68
34
82
75
37
8
94
16
24
21
8
96
53
49
38
89
27
32
96
20
29
43
69
5
26
92
60
91
36
48
71
53
5
0
59
57
69
73
50
12
42
61
21
72
88
28
15
24
1
77
67
82
5
64
51
52
79
70
46
1
59
87
60
33
76
45
15
6
1
35
94
79
16
71
26
72
60
73
9
75
5
74
27
32
38
56
45
80
40
47
2
7
85
30
92
51
79
76
99
86
15
29
80
66
62
80
24
57
43
78
49
99
95
93
72
71
74
86
64
4
92
92
42
17
83
21
32
57
61
2
6
70
82
82
94
95
81
96
1
33
67
31
60
20
64
63
62
82
36
12
31
47
75
77
29
94
27
70
95
32
38
32
37
2
65
40
53
87
95
53
42
43
89
69
93
81
40
71
31
33
73
75
85
47
97
62
13
33
46
62
92
53
46
66
45
48
94
16
69
60
42
98
59
52
44
57
4
83
89
71
68
96
46
58
46
22
62
52
2
58
77
96
86
33
58
69
97
14
51
2
63
26
58
63
6
75
81
99
28
50
57
88
25
38
71
47
53
48
79
59
29
82
90
93
81
17
14
69
25
32
39
62
89
4
67
99
28
98
88
20
42
18
60
48
69
18
21
6
39
48
15
37
77
48
31
89
73
77
38
72
21
96
11
89
84
30
13
30
98
31
83
59
77
74
41
8
19
54
4
68
9
91
67
38
40
71
57
38
9
82
3
76
20
60
42
94
66
72
6
25
61
36
4
14
26
60
77
70
85
66
16
67
93
23
33
88
18
58
51
83
23
85
56
20
18
20
30
52
19
85
98
80
26
0
56
47
51
52
83
44
3
3
23
9
77
43
15
72
77
19
73
77
7
29
4
61
64
30
39
33
75
15
9
17
28
67
65
12
48
49
63
60
12
2
51
98
68
19
15
84
19
36
70
62
34
94
30
11
27
99
33
90
16
56
4
24
71
3
19
14
23
68
10
81
61
90
21
57
22
87
82
12
38
10
93
77
84
41
64
76
25
91
94
42
79
19
76
87
18
51
1
50
17
6
45
23
0
74
91
48
95
48
45
54
69
51
68
56
39
80
81
67
71
25
50
60
79
0
44
55
46
80
2
32
92
32
76
97
13
30
27
74
8
17
42
91
35
36
69
50
57
84
49
85
3
91
44
76
13
8
92
69
82
7
73
89
74
42
39
45
80
4
15
50
16
62
94
60
91
83
62
85
48
59
11
5
2
84
75
75
4
31
72
17
89
70
19
36
22
67
83
63
2
92
37
11
99
77
56
22
84
14
71
94
44
49
41
52
91
85
43
82
76
97
42
96
47
22
1
11
78
72
93
85
12
63
65
25
7
11
86
44
59
2
54
35
56
75
52
76
20
48
97
9
78
38
5
3
36
43
84
99
6
9
72
38
6
75
15
29
11
20
95
3
58
74
44
83
91
74
86
10
74
58
36
90
8
76
65
40
26
14
37
0
58
96
1
61
59
21
60
89
82
61
80
52
65
55
32
77
69
26
42
79
46
20
38
52
15
7
65
63
96
26
29
3
79
39
30
99
5
8
19
52
40
58
54
82
3
96
93
70
99
21
17
56
64
74
1
92
61
85
78
58
10
53
78
47
5
34
81
64
77
30
66
63
45
93
46
18
45
87
63
87
26
41
70
22
21
32
90
36
85
65
87
21
87
71
83
27
74
1
8
93
98
61
88
8
10
83
55
58
34
24
74
49
76
28
66
44
58
45
87
79
63
14
47
3
77
59
17
71
25
67
81
2
54
93
17
21
1
88
21
77
95
91
12
15
82
22
16
66
5
41
29
29
73
27
81
63
53
23
81
86
78
71
28
75
46
62
26
16
8
7
22
13
87
83
65
62
49
70
57
63
33
40
91
23
13
80
6
42
21
30
55
11
94
41
36
52
12
43
86
97
53
50
97
3
61
20
22
57
25
71
74
68
20
49
67
87
16
41
66
44
87
63
1
15
42
6
12
8
2
25
45
93
71
56
99
67
45
2
76
50
30
53
91
68
65
92
23
35
95
40
30
62
11
23
78
96
67
65
8
15
4
80
27
60
7
54
48
16
57
94
30
62
43
92
58
19
23
38
40
96
95
10
99
86
53
89
11
52
58
54
85
74
72
82
72
69
43
81
34
47
47
40
53
45
8
83
3
90
9
28
53
27
59
4
33
92
89
44
71
4
89
98
78
82
91
31
91
47
9
73
69
36
24
91
95
37
61
83
69
35
3
76
80
78
90
98
94
24
39
1
33
27
55
7
39
15
99
3
41
66
80
27
45
74
32
5
45
9
44
33
19
11
18
59
65
11
38
23
39
25
97
58
87
47
44
56
98
82
41
99
51
79
19
18
73
64
78
96
49
64
40
36
97
40
45
49
62
10
49
4
77
81
91
5
87
3
50
80
86
89
17
12
80
46
26
32
40
13
98
37
21
76
26
59
49
30
49
80
51
66
87
38
63
53
4
48
24
13
31
29
84
46
61
24
34
98
45
99
27
51
91
0
72
50
57
4
60
90
86
9
46
92
99
77
57
47
2
70
69
69
32
79
7
58
0
20
7
85
82
79
58
95
58
75
85
55
70
29
97
46
53
37
73
28
86
50
24
31
95
1
2
36
59
99
27
85
0
60
64
82
62
31
86
57
72
73
42
91
84
85
90
69
82
21
89
68
68
76
31
58
8
90
13
30
78
88
33
99
27
12
92
8
82
78
97
62
74
4
12
29
43
32
56
18
77
72
95
54
53
45
16
73
29
33
14
86
19
97
4
9
53
89
57
5
26
49
11
14
80
83
3
27
30
52
74
29
52
90
14
77
72
7
75
27
16
30
55
83
14
51
42
70
