overall_acc,0.792
loss,[10.891355444641114, 6.260538243560791, 4.214163343353271, 3.260238713531494, 2.8258665997314454, 2.603906165084839, 2.491742837753296, 2.4229828037261965, 2.39187783454895, 2.3586758083343504, 2.347073856277466, 2.3300771583557127, 2.313784454574585, 2.3165591359710693, 2.317919280395508, 2.3054477879333497, 2.294557828216553, 2.3072855992126464, 2.303573200683594, 2.29991198638916, 2.2945321591949464, 2.30686720703125, 2.303397413330078, 2.308730509490967, 2.3240585327148438, 2.320261993026733, 2.3170420919799803, 2.3303147354125975, 2.3331808444213866, 2.3366733909606934, 2.348534309158325, 2.3603481929016112, 2.358609193267822, 2.3658959927368164, 2.3689724782562256, 2.382048561630249, 2.3931304355621337, 2.4021409099578857, 2.4171954074096678, 2.4174075895690916, 2.4388156326293946, 2.4439722720336916, 2.4507656214141846, 2.456615378036499, 2.4643738722229003, 2.468467940673828, 2.4863828104400634, 2.478300129776001, 2.485813658981323, 2.493944315185547, 2.5126249672698973, 2.5085664181518554, 2.514229362182617, 2.5104669304656984, 2.515702681655884, 2.5341309415435793, 2.5382897780609133, 2.5269566860198975, 2.5423485659790037, 2.5507511753845216, 2.0409988878250123, 1.6681218515014649, 1.4518079384994507, 1.3030920350646973, 1.205286747970581, 1.1380401013565062, 1.1085454217529296, 1.092807251586914, 1.0880753879928589, 1.1005204670715332, 1.1006608535003661, 1.092706767578125, 1.1081797370910644, 1.1059505797576905, 1.1082039305496216, 1.1120717011260985, 1.1236234086608887, 1.1291042576599122, 1.1434053590774536, 1.1343192168426515, 1.131487040939331, 1.14524023147583, 1.149417535972595, 1.1575447788619995, 1.1533540019226074, 1.1577327840042115, 1.1688515895462037, 1.1654800820159912, 1.1682420225143433, 1.1727922457885742, 1.176244554862976, 1.1695153624343873, 1.18367822845459, 1.1914389814376831, 1.1821577666473388, 1.1890815654754638, 1.1970494965362548, 1.1934986305236817, 1.200632737312317, 1.2114493839645386, 1.2053519372558594, 1.2094901621627807, 1.2240957447814942, 1.2161212906646728, 1.2128467827606202, 1.2173563958740234, 1.2212555366134643, 1.2061474138641357, 1.2197190049362183, 1.2073994770431518, 1.2169897731018067, 1.218719669342041, 1.2273672124862671, 1.2216146290588379, 1.2307811626815797, 1.2293534843826295, 1.2366040857315064, 1.2332066744232177, 1.2277094620513915, 1.2326518379592895, 1.0944758603286744, 1.0020729389572143, 0.9626825119018555, 0.929623154964447, 0.8991171610260009, 0.8703439210510254, 0.8435775980949402, 0.818357698020935, 0.792701450843811, 0.7687182742309571, 0.7450158458518982, 0.7224034358787537, 0.7003993511390686, 0.6788918686103821, 0.6585857235717774, 0.6392026300430298, 0.6198128565979004, 0.6007926656913757, 0.5833600261116028, 0.5660613536453247, 0.5488600855255127, 0.5321185070610046, 0.5159178317642212, 0.5006238937568664, 0.4857581451225281, 0.4720830766487122, 0.4574608941459656, 0.4440882037258148, 0.4313653989124298, 0.4190243051147461, 0.40628227973937986, 0.39478269855499265, 0.3828186222553253, 0.37135979837417604, 0.36109626722335814, 0.3507598970127106, 0.34026239624023435, 0.33027165935516356, 0.32010573710441587, 0.31119022247314454, 0.3055410786437988, 0.3031464172935486, 0.3009311513996124, 0.29905094341278077, 0.29733416301727295, 0.29558916500091553, 0.2935093243980408, 0.29161181317329404, 0.28986509482383727, 0.28816579174041745, 0.286381785326004, 0.28460853335380554, 0.28286510949134824, 0.28109517075538637, 0.2793776145076752, 0.2778566402244568, 0.27600513101577756, 0.2743695067882538, 0.27282970472335816, 0.27094961725234984, 0.26937058288574217, 0.26776159128189087, 0.26618343366622926, 0.2644739017391205, 0.26309612206459043, 0.26131102398872375, 0.25975940408706666, 0.2581054278850555, 0.25674576877593996, 0.2552979897117615, 0.25356394221305845, 0.25205571539878846, 0.25061910667419435, 0.24901026354312897, 0.2474528284740448, 0.24605972380161287, 0.24455256775856019, 0.24311484018325805, 0.24168706125736236, 0.2400608421945572]
0,1.0
1,0.967741935483871
2,0.782608695652174
3,0.7586206896551724
4,0.7741935483870968
5,0.7083333333333334
6,0.8695652173913043
7,0.8846153846153846
8,1.0
9,0.9473684210526315
10,0.35
11,0.5238095238095238
12,0.75
13,0.6521739130434783
14,0.7777777777777778
15,0.9166666666666666
16,0.9230769230769231
17,0.9047619047619048
18,0.6176470588235294
19,0.88
20,0.9444444444444444
21,0.8947368421052632
22,0.9411764705882353
23,0.7307692307692307
24,0.8260869565217391
25,0.75
26,0.875
27,0.8333333333333334
28,0.76
29,0.7931034482758621
30,0.7407407407407407
31,0.72
32,0.6363636363636364
33,0.5172413793103449
34,0.88
35,0.45454545454545453
36,0.9047619047619048
37,0.7894736842105263
38,0.8461538461538461
39,0.9565217391304348
40,0.75
41,0.8636363636363636
42,0.8695652173913043
43,0.8260869565217391
44,0.5217391304347826
45,0.6578947368421053
46,0.45454545454545453
47,0.7391304347826086
48,1.0
49,0.8235294117647058
50,0.6818181818181818
51,0.6666666666666666
52,0.75
53,0.896551724137931
54,0.9545454545454546
55,0.6190476190476191
56,0.9090909090909091
57,0.6428571428571429
58,0.9142857142857143
59,0.75
60,0.8518518518518519
61,0.7586206896551724
62,0.7307692307692307
63,0.7083333333333334
64,0.631578947368421
65,0.6818181818181818
66,0.8461538461538461
67,0.6956521739130435
68,0.9523809523809523
69,0.8666666666666667
70,0.8333333333333334
71,0.8571428571428571
72,0.5454545454545454
73,0.71875
74,0.5757575757575758
75,0.9285714285714286
76,0.8571428571428571
77,0.7058823529411765
78,0.7368421052631579
79,0.8928571428571429
80,0.7931034482758621
81,0.8095238095238095
82,0.8918918918918919
83,0.8333333333333334
84,0.8888888888888888
85,1.0
86,0.8214285714285714
87,0.9333333333333333
88,1.0
89,0.9285714285714286
90,0.875
91,0.8205128205128205
92,0.8
93,0.7619047619047619
94,0.9130434782608695
95,0.6896551724137931
96,0.6086956521739131
97,0.75
98,0.7307692307692307
99,0.8695652173913043
16
7
91
43
14
92
6
89
13
85
47
27
81
63
59
10
78
7
53
17
27
43
10
54
94
79
68
31
69
64
83
41
49
35
47
20
87
90
52
26
83
67
20
20
7
83
67
45
68
93
86
12
69
73
99
1
62
80
26
58
88
64
88
19
3
23
19
48
44
48
58
16
63
80
55
4
1
15
98
32
14
87
38
12
8
45
92
31
92
10
89
92
78
83
45
85
28
37
54
55
95
7
59
24
94
7
94
94
11
42
65
52
40
38
55
80
82
46
75
51
74
34
25
85
30
74
22
95
81
92
27
52
18
18
92
72
12
84
0
43
48
67
62
89
53
67
37
19
8
68
72
3
83
70
83
0
95
51
58
19
89
90
81
61
41
66
52
66
68
80
4
46
25
27
35
36
88
7
75
53
3
5
46
82
7
81
61
7
91
1
5
37
72
41
94
33
67
79
39
23
28
31
63
71
67
37
84
46
74
49
77
65
50
46
37
85
36
3
41
47
54
87
37
75
55
71
14
0
9
78
57
83
45
22
52
42
89
61
85
39
18
25
98
36
70
54
49
70
87
90
41
65
97
36
83
82
26
46
7
74
80
2
9
51
40
36
91
91
99
73
40
83
42
62
90
50
82
24
38
16
40
39
7
63
10
51
96
51
29
66
53
30
84
27
5
26
53
74
72
15
15
44
87
66
77
15
48
73
63
66
77
3
13
18
92
55
13
74
29
1
91
61
75
58
71
70
98
52
94
89
90
52
57
43
60
55
30
59
78
6
80
80
54
99
60
17
92
18
14
26
9
90
85
32
63
43
56
87
44
54
99
70
8
90
65
80
41
17
39
53
66
48
5
88
13
27
87
37
41
91
16
27
37
16
89
5
76
83
74
85
24
3
32
76
44
84
52
46
3
40
58
84
24
91
38
98
66
41
79
53
23
14
15
86
75
45
6
22
33
76
52
81
49
22
34
45
48
7
30
35
1
23
3
22
5
80
93
27
39
79
62
53
54
4
18
84
66
8
96
8
88
62
29
73
73
2
33
39
63
61
45
83
58
73
18
84
4
5
57
18
23
29
85
34
64
16
86
99
95
45
97
0
87
11
44
86
62
29
85
82
91
82
17
27
12
12
26
54
28
58
79
1
42
44
16
3
56
62
91
73
1
1
35
1
19
88
11
29
56
0
54
61
20
13
17
53
89
18
81
6
96
41
26
26
25
60
22
73
4
87
24
90
78
17
7
0
87
26
73
14
56
39
12
54
21
79
8
43
39
61
40
53
98
4
31
8
57
33
56
35
6
94
87
65
22
16
42
57
2
72
88
72
58
26
36
13
91
84
9
85
9
65
85
70
59
7
11
59
79
70
34
97
99
49
18
55
70
64
38
34
61
69
37
64
24
15
78
51
33
2
1
84
22
86
55
91
13
90
68
60
84
0
34
14
32
92
14
96
35
86
3
89
44
15
66
35
50
12
41
31
34
93
84
26
74
44
50
57
54
35
73
44
66
60
26
58
82
67
83
89
28
55
95
76
60
76
91
37
2
64
62
43
91
48
27
34
42
34
53
3
28
8
40
44
47
61
60
73
67
29
63
63
49
92
92
6
55
76
18
20
55
0
85
75
94
23
4
95
81
58
73
60
21
70
19
87
47
79
90
75
30
15
41
39
99
46
94
45
91
36
77
3
75
92
33
61
50
38
12
1
0
30
84
98
29
7
18
48
87
91
84
4
62
31
40
42
30
10
86
96
18
51
25
14
28
75
2
81
61
44
79
5
88
56
81
15
84
69
30
6
68
70
81
50
7
80
55
60
5
14
48
18
0
70
38
26
24
69
16
9
42
41
39
27
0
70
85
9
43
79
77
75
74
80
42
62
8
0
36
89
51
46
69
56
42
22
71
35
72
40
16
0
21
2
1
64
47
43
83
65
68
18
1
25
96
98
47
90
46
77
37
61
31
14
4
92
38
93
28
39
6
41
78
49
1
11
19
91
82
4
60
34
56
19
32
74
87
99
49
98
8
58
93
87
11
79
35
43
52
6
4
27
8
63
26
34
39
97
52
75
33
87
49
98
16
33
76
41
97
8
75
17
55
93
27
4
83
60
30
31
21
14
90
54
87
86
37
47
66
2
73
55
25
62
26
19
28
15
14
52
17
45
92
39
42
58
49
48
44
71
48
69
9
26
16
11
71
66
66
88
82
1
39
88
93
82
7
17
56
40
70
1
68
52
69
45
16
6
85
12
99
88
40
68
36
60
17
94
20
46
75
61
70
58
88
51
75
73
54
37
28
90
55
88
68
38
95
7
16
58
61
39
56
17
33
77
64
87
63
4
16
94
55
76
60
97
1
0
75
31
55
71
75
52
6
43
14
84
14
39
1
88
53
66
5
56
32
52
40
24
86
54
54
88
61
87
54
24
40
85
17
90
22
86
77
79
94
18
0
39
89
82
41
87
91
73
4
62
72
98
10
46
28
38
74
70
13
7
15
24
76
98
42
79
15
47
47
93
73
81
26
70
95
60
70
2
82
66
34
6
65
62
74
31
36
88
59
48
79
38
15
57
66
68
4
64
16
63
16
84
18
29
93
53
9
38
42
33
15
1
78
96
1
84
69
90
10
33
80
68
30
8
3
81
45
18
20
11
20
72
5
53
34
27
93
6
44
93
85
44
46
31
69
47
86
95
85
80
1
82
45
66
44
58
31
42
23
90
6
83
31
51
80
23
64
61
16
51
99
28
19
63
7
97
78
34
27
13
74
17
28
29
10
61
83
83
53
73
7
59
82
34
15
68
68
34
82
75
37
8
94
16
24
21
8
96
53
49
38
85
27
32
96
20
29
43
69
94
26
92
60
91
34
48
71
53
25
0
59
57
69
73
27
12
42
61
21
95
88
28
15
24
1
77
67
82
5
64
51
52
79
70
46
1
59
87
60
88
76
45
15
14
1
35
94
79
25
71
26
72
60
73
9
75
5
55
27
96
38
56
55
36
40
47
98
7
85
30
92
51
79
89
99
86
15
29
63
66
62
80
24
57
43
78
49
99
95
67
72
71
78
86
64
4
23
62
50
17
98
21
32
57
61
2
6
70
82
82
94
95
81
96
77
49
67
38
60
99
25
63
62
82
36
76
31
47
75
77
29
94
27
70
95
32
38
32
37
2
65
40
53
87
95
53
42
43
89
69
93
81
40
71
31
33
91
75
85
47
97
1
81
3
46
83
92
53
46
66
45
48
94
10
69
60
42
35
59
52
44
57
4
83
89
71
58
96
46
58
98
22
62
52
2
58
77
96
86
33
58
69
97
14
51
2
4
79
58
42
6
75
81
99
28
50
57
88
25
38
71
47
53
48
79
59
29
82
90
18
81
17
14
69
25
32
39
1
89
4
67
99
28
98
88
20
42
18
71
48
69
18
86
6
39
38
15
37
2
48
98
89
67
77
38
27
21
96
11
89
84
73
13
30
98
31
83
59
77
74
41
8
19
54
4
68
9
91
67
19
40
71
77
38
9
82
3
76
20
60
42
94
66
72
14
25
61
36
4
14
51
60
77
70
85
33
16
27
93
23
33
88
18
58
0
83
23
85
56
20
79
20
30
47
19
55
40
77
26
0
56
47
83
59
83
40
46
3
23
9
77
43
15
72
77
19
73
79
7
29
4
61
50
30
39
33
19
31
94
17
28
45
65
18
41
49
63
60
12
11
77
35
80
46
15
84
19
36
70
62
34
94
30
11
25
99
33
90
16
56
4
24
71
3
19
14
23
68
45
81
61
90
21
57
22
87
82
12
38
10
93
77
84
41
27
76
25
91
94
42
79
19
76
87
18
51
1
50
94
6
45
23
0
55
91
89
95
48
45
54
69
83
68
56
86
80
37
67
71
25
50
60
79
0
44
55
98
93
2
32
92
10
69
97
13
30
27
74
8
17
42
91
35
36
69
50
57
84
76
85
3
91
79
76
13
8
92
69
82
7
73
89
66
42
39
26
80
32
15
50
16
70
94
60
91
83
62
85
48
59
11
5
2
55
75
75
4
31
72
17
89
92
19
36
22
67
83
63
2
92
37
98
99
77
56
22
84
14
71
94
44
59
41
52
91
85
43
82
40
97
42
96
47
22
1
11
78
3
93
85
12
63
65
25
44
2
86
44
59
2
54
11
56
75
47
76
20
48
97
9
83
38
5
3
50
43
84
18
6
9
72
38
6
75
15
29
11
25
95
3
58
74
14
83
32
74
86
16
74
58
36
90
8
23
80
40
10
14
37
0
58
96
1
61
59
21
60
89
82
61
80
52
65
55
32
77
69
26
42
79
11
20
38
47
15
79
65
63
96
26
29
3
79
39
30
99
5
8
19
52
40
58
54
82
3
96
93
70
99
21
17
56
64
74
1
92
61
85
78
58
10
53
74
47
5
34
81
64
77
30
66
63
35
93
46
14
45
87
63
87
26
41
70
22
21
32
90
36
85
3
87
21
87
71
83
27
74
1
8
93
98
61
88
90
10
83
27
85
34
24
67
49
12
28
74
6
58
45
87
79
67
14
47
3
77
52
60
71
25
67
81
98
54
67
17
21
1
88
21
77
95
91
12
15
82
22
16
66
25
41
29
29
73
27
81
63
53
23
13
86
78
71
28
75
98
62
79
16
8
7
22
13
87
83
65
62
49
70
57
77
18
40
91
23
13
80
6
42
66
30
95
11
25
41
36
52
12
43
86
97
53
50
97
3
61
20
22
57
25
71
95
68
20
49
67
87
16
41
66
72
25
63
1
15
42
6
85
8
2
5
45
68
71
56
99
67
14
2
76
50
30
53
91
81
65
92
71
11
72
40
80
62
11
23
78
96
67
64
8
15
4
80
27
60
7
54
48
16
57
94
30
92
43
62
58
19
23
38
40
47
95
16
99
86
53
89
11
52
58
54
85
74
72
82
72
32
43
37
34
47
52
84
53
45
8
83
3
90
40
28
53
27
59
4
33
92
89
44
44
55
89
98
78
82
91
31
91
47
9
73
69
36
24
91
95
37
61
83
69
11
15
76
19
82
90
98
94
24
39
1
33
90
55
7
39
15
39
3
41
66
80
27
45
72
32
5
45
9
93
33
65
40
24
59
65
11
38
23
39
25
97
45
87
47
29
56
98
82
41
99
51
79
88
18
95
64
78
96
49
64
46
36
97
40
45
49
62
28
56
4
77
81
91
5
87
3
50
80
86
89
17
12
80
64
24
32
40
13
98
37
21
76
14
59
49
30
60
80
51
66
87
38
63
53
4
48
24
13
31
29
84
46
61
24
34
98
45
99
27
51
91
0
72
50
57
4
60
90
86
9
46
92
99
77
57
62
2
70
69
69
91
79
93
58
0
20
7
24
82
79
58
95
58
3
85
55
92
7
97
35
53
37
73
28
86
50
24
29
95
1
2
36
59
99
91
85
0
60
64
6
62
31
86
57
72
73
42
26
84
85
90
69
82
21
89
68
68
76
31
58
8
90
13
95
78
88
47
99
42
12
92
8
82
78
97
62
50
4
12
29
38
32
56
18
77
72
95
54
0
88
16
73
29
47
6
86
19
97
4
9
57
89
18
25
26
49
11
14
80
83
21
27
30
56
74
29
52
90
14
77
4
7
75
27
16
30
64
83
14
51
42
70
