overall_acc,0.8044
loss,[10.814883955993652, 6.189524702606201, 4.172786240158081, 3.2448524170684814, 2.8057471517181396, 2.5980024379730224, 2.4799939754486084, 2.4194853854370115, 2.379300195236206, 2.365445734939575, 2.345478368988037, 2.332997616958618, 2.3256539922332764, 2.313899767074585, 2.3142184300231934, 2.312403392715454, 2.307075305938721, 2.3051713304901122, 2.3039487200164794, 2.3005861850738527, 2.302352872314453, 2.310507357406616, 2.3111636460876466, 2.3118518268585206, 2.3136399795532228, 2.3211465189361573, 2.337795321884155, 2.3456614249420165, 2.346074061584473, 2.3512740455627443, 2.3585242288208006, 2.3632669075012207, 2.369573440093994, 2.38237405090332, 2.386121445388794, 2.3947877057647706, 2.4004513175964357, 2.412699679336548, 2.424611344680786, 2.4283294416046144, 2.4236256719207763, 2.4469981731414796, 2.4544164791870116, 2.45959133102417, 2.458013550033569, 2.4780765689086914, 2.4881106970977784, 2.4863039407348633, 2.4983869342803957, 2.499390273895264, 2.514508846511841, 2.5296821826934814, 2.5293115029907227, 2.526861605834961, 2.5354921811676023, 2.5419155294036866, 2.54224444190979, 2.5575316705322266, 2.5533741110229493, 2.5503734008026124, 2.050929563217163, 1.6656261239242554, 1.4516567848587036, 1.31075827709198, 1.2071401588058472, 1.15812367061615, 1.1225032855606079, 1.1109999882125854, 1.1088878940582276, 1.1084359867095948, 1.1085643119430542, 1.1239482857894898, 1.1238572731781007, 1.1274148731613158, 1.1207318022155761, 1.1348842220306397, 1.1399377436447145, 1.1367175839996337, 1.1495997868347168, 1.1540630549240112, 1.172988111038208, 1.1613838216400147, 1.1638421334838867, 1.1796747551345825, 1.175181240272522, 1.1814212369918824, 1.1851740419387817, 1.1941212755584716, 1.1831352946853637, 1.1834004471969604, 1.1974275402069092, 1.1864189669799805, 1.2026069746398926, 1.198723882484436, 1.2012597876358033, 1.2126063467407227, 1.2054511169815063, 1.2081405365753173, 1.2155330939102174, 1.2214836880874633, 1.2215205532836915, 1.214609164619446, 1.217834461517334, 1.217035054473877, 1.2215716065216065, 1.230349189338684, 1.2256480170440673, 1.2278160064697266, 1.2333825859069825, 1.2397205811691283, 1.239288459777832, 1.242984153213501, 1.247728046951294, 1.2394276227951049, 1.2467198934936523, 1.2498970446777344, 1.2347069815444947, 1.2445430394744874, 1.255299506340027, 1.2447784478759765, 1.0970345675659179, 1.0096605060577393, 0.970613604259491, 0.9389764542198181, 0.9072484324073792, 0.8793039115715027, 0.8516823767471313, 0.8255804659843445, 0.800161371421814, 0.7748492774963379, 0.7518910164451599, 0.7290827816581726, 0.7070675311279296, 0.6853641240692139, 0.6651813152122498, 0.6448402822685242, 0.6254983924102783, 0.6065515550422669, 0.5889236912536621, 0.5707720076942444, 0.553409344291687, 0.537293027896881, 0.5210215376853943, 0.5057024036026001, 0.49060143792152405, 0.4762995413684845, 0.46172310400009153, 0.4484868246841431, 0.43582430339813233, 0.42244937000274657, 0.4095608457183838, 0.3980261445045471, 0.3861272219657898, 0.3746436307621002, 0.3636541684150696, 0.3532312245559692, 0.3434511391925812, 0.3333943860721588, 0.3244306407833099, 0.3163655753517151, 0.30937372941970825, 0.30706840970993043, 0.30468234832763674, 0.3026954519367218, 0.3006453606128693, 0.2987763480758667, 0.2970547702693939, 0.29491938020706177, 0.29318772362709045, 0.29149325446128843, 0.2895251992225647, 0.2878343892002106, 0.28627109610557555, 0.28424538458824156, 0.28255843883514403, 0.28086308172225954, 0.279235403547287, 0.27731534450531004, 0.2755781913089752, 0.27416631382942197, 0.27246287311553957, 0.2707251390171051, 0.26911629301071166, 0.26742051196098326, 0.26617030051231383, 0.2644746830844879, 0.2626900891971588, 0.2610796029472351, 0.2595909573364258, 0.2578287495326996, 0.25640084482192993, 0.2547698146533966, 0.2533570384597778, 0.2518368450641632, 0.25044407132148744, 0.24896848819732667, 0.2475368706035614, 0.24582508268833161, 0.24432294467926025, 0.24298390776634216]
0,0.9130434782608695
1,0.9354838709677419
2,0.9130434782608695
3,0.7586206896551724
4,0.8064516129032258
5,0.7916666666666666
6,0.782608695652174
7,0.8461538461538461
8,1.0
9,1.0
10,0.5
11,0.47619047619047616
12,0.85
13,0.6956521739130435
14,0.8148148148148148
15,0.875
16,0.8846153846153846
17,0.9047619047619048
18,0.7058823529411765
19,0.84
20,0.9444444444444444
21,0.8947368421052632
22,0.8823529411764706
23,0.8846153846153846
24,0.782608695652174
25,0.5833333333333334
26,0.875
27,0.8333333333333334
28,0.84
29,0.7931034482758621
30,0.8888888888888888
31,0.64
32,0.7727272727272727
33,0.5862068965517241
34,0.92
35,0.5454545454545454
36,0.9047619047619048
37,0.8421052631578947
38,0.8076923076923077
39,1.0
40,0.7142857142857143
41,0.9545454545454546
42,0.8695652173913043
43,0.8260869565217391
44,0.5652173913043478
45,0.6842105263157895
46,0.45454545454545453
47,0.6956521739130435
48,1.0
49,0.8235294117647058
50,0.9090909090909091
51,0.6666666666666666
52,0.7
53,0.896551724137931
54,0.9545454545454546
55,0.5714285714285714
56,0.8636363636363636
57,0.6785714285714286
58,0.9428571428571428
59,0.75
60,0.8148148148148148
61,0.896551724137931
62,0.8461538461538461
63,0.7916666666666666
64,0.631578947368421
65,0.6363636363636364
66,0.8461538461538461
67,0.6521739130434783
68,0.9047619047619048
69,0.8333333333333334
70,0.8333333333333334
71,0.8095238095238095
72,0.3181818181818182
73,0.65625
74,0.6363636363636364
75,0.9285714285714286
76,0.8571428571428571
77,0.7058823529411765
78,0.6842105263157895
79,0.8214285714285714
80,0.6896551724137931
81,0.9523809523809523
82,0.9459459459459459
83,0.8666666666666667
84,0.8888888888888888
85,1.0
86,0.75
87,0.9
88,1.0
89,0.8928571428571429
90,0.875
91,0.8974358974358975
92,0.8
93,0.8571428571428571
94,0.9130434782608695
95,0.6896551724137931
96,0.8260869565217391
97,0.7916666666666666
98,0.8076923076923077
99,0.8695652173913043
16
7
91
43
14
92
6
89
13
85
96
27
81
63
59
61
78
45
53
17
27
43
32
54
94
79
68
4
69
64
83
41
23
46
96
20
87
90
52
26
83
57
20
20
7
83
27
45
68
93
86
12
60
45
99
1
62
80
26
58
88
64
88
19
34
71
19
48
44
48
58
16
63
75
55
4
1
15
98
32
14
87
38
12
8
45
92
31
62
61
89
92
78
83
45
85
28
37
54
30
95
7
59
24
94
7
94
94
11
42
65
52
40
38
34
42
82
46
75
93
74
34
5
85
30
74
22
95
81
92
27
52
6
44
62
65
69
84
0
43
48
67
62
89
83
99
81
19
8
68
63
3
83
62
39
0
95
51
58
19
89
90
81
61
41
77
52
66
68
80
4
46
5
27
35
50
88
7
75
53
3
5
98
82
7
12
61
7
91
1
5
37
72
41
94
33
67
79
39
23
6
31
63
71
67
45
84
32
74
49
77
65
50
55
51
55
36
3
41
47
54
87
37
75
72
71
14
24
9
44
57
83
45
61
59
63
89
22
85
39
7
25
98
24
70
70
49
70
87
89
41
4
97
36
83
82
79
32
7
74
80
2
9
26
40
36
91
91
99
73
79
83
42
62
90
50
82
24
42
16
28
39
7
63
10
51
96
51
29
66
83
30
84
44
5
91
53
74
72
38
15
44
5
66
77
15
48
73
90
65
77
3
13
18
92
55
13
73
29
91
91
61
75
58
71
70
98
52
94
89
90
56
57
43
60
90
30
59
78
74
80
80
54
99
60
69
92
18
14
26
9
81
85
32
63
43
56
87
44
54
99
70
8
90
65
80
41
17
39
53
66
48
20
88
25
67
87
51
40
91
16
27
33
16
89
5
76
83
74
85
24
3
32
76
44
5
52
46
95
40
58
84
6
91
38
46
66
41
79
0
23
14
15
86
75
45
6
22
96
76
52
81
90
22
34
45
72
7
30
2
1
23
3
22
5
80
93
27
39
79
62
53
54
4
18
84
66
8
59
8
88
62
29
30
73
2
33
39
63
72
45
83
58
73
18
84
4
5
2
18
23
29
85
34
42
16
16
64
95
45
97
0
46
2
44
86
92
29
85
82
91
82
17
27
58
12
26
54
28
58
79
1
4
95
22
3
33
23
91
73
1
1
35
1
19
88
11
29
56
0
54
61
20
13
17
53
89
18
81
6
96
41
26
26
25
60
22
73
4
87
24
79
74
17
7
0
87
26
73
14
56
18
12
54
21
79
8
43
39
61
40
53
98
4
63
8
57
33
18
35
66
94
87
16
22
16
42
57
2
97
88
27
58
27
36
13
91
84
9
5
9
66
85
70
59
7
2
59
79
70
34
97
16
49
18
55
70
64
38
34
61
69
37
55
24
3
78
72
63
35
1
84
22
86
4
91
13
90
68
60
84
0
34
18
32
92
18
96
35
86
3
89
7
15
66
35
50
12
41
31
34
93
84
26
74
39
50
57
54
11
73
44
66
60
26
58
82
67
98
89
28
55
95
76
60
76
91
37
2
64
62
43
91
48
63
34
42
34
53
3
28
8
40
44
47
61
60
73
61
29
86
63
49
92
92
45
57
87
18
20
55
0
85
65
75
23
4
95
81
58
73
60
21
14
19
87
47
79
90
75
27
15
41
39
99
46
94
45
91
36
77
3
75
62
94
61
50
38
12
1
0
30
84
98
29
7
18
48
87
91
84
63
62
31
40
55
30
10
86
96
96
98
25
14
28
75
41
81
61
73
79
5
88
56
81
15
84
69
30
6
68
92
81
74
7
67
55
60
5
14
48
18
0
70
38
26
24
69
16
9
42
41
39
27
0
70
85
9
43
79
77
75
74
80
42
70
8
0
36
89
4
46
69
56
42
22
71
98
72
40
16
0
21
2
1
64
47
43
83
75
68
18
1
25
96
98
84
90
2
65
37
61
31
9
4
92
38
93
28
39
18
41
78
49
62
11
19
91
82
4
60
34
56
19
32
74
86
99
49
98
8
58
93
87
2
7
35
43
47
6
4
27
8
63
26
34
39
97
52
75
33
87
49
46
16
33
76
41
97
8
75
17
55
93
27
4
41
60
30
35
21
77
90
54
87
86
37
47
19
2
73
55
25
62
26
19
28
15
14
52
17
45
92
39
42
58
49
48
44
71
48
69
9
26
16
46
71
66
66
88
82
1
39
88
93
82
7
17
56
40
70
1
49
52
69
45
16
62
85
12
99
88
40
68
36
60
17
87
20
46
75
61
92
58
97
51
75
73
70
37
28
90
55
88
68
38
95
6
16
58
16
39
56
17
33
77
63
87
75
4
16
94
55
76
60
97
1
0
75
31
55
71
75
52
6
43
14
84
14
80
1
88
53
66
5
56
32
52
40
24
86
54
54
88
61
87
54
7
40
85
17
90
22
86
77
79
94
45
0
39
89
82
41
87
91
73
4
62
55
98
10
46
28
38
72
70
13
7
15
24
76
98
75
79
15
47
47
93
91
13
26
70
95
60
70
11
82
66
34
6
65
62
16
31
36
88
96
48
79
50
55
57
66
68
96
64
16
61
16
86
18
29
84
53
9
38
4
74
15
1
51
96
1
84
72
81
10
33
80
68
30
8
3
81
26
18
20
35
28
93
5
53
34
27
93
6
44
93
37
91
46
31
69
47
57
95
85
80
1
82
2
66
44
58
31
42
23
90
18
83
19
51
80
23
64
61
40
51
99
28
19
63
7
97
78
34
90
13
50
17
28
29
10
61
83
83
53
73
7
52
82
34
15
68
68
34
82
75
37
8
94
86
24
21
8
96
53
49
31
85
27
32
96
20
29
43
69
94
26
92
23
91
34
48
23
53
5
0
59
57
69
73
74
12
42
61
21
65
88
28
15
24
1
77
67
82
5
64
51
52
79
70
46
1
59
87
60
88
76
45
19
6
1
35
94
55
16
71
26
55
60
73
9
75
5
55
44
32
38
51
45
80
87
52
2
18
85
30
92
51
79
89
99
86
15
29
63
66
62
80
24
57
43
78
72
99
95
93
63
71
67
86
64
4
23
62
50
17
98
21
32
57
61
2
6
70
82
82
94
95
81
96
93
49
67
31
90
29
90
63
62
82
36
12
31
47
75
77
29
94
27
62
95
32
74
67
37
2
65
40
53
87
95
53
42
43
89
69
93
81
84
71
31
33
73
75
85
47
97
92
13
33
46
83
92
53
98
66
45
48
94
10
40
60
42
98
59
52
44
57
4
83
89
71
68
52
32
58
98
22
62
52
2
58
77
96
86
33
58
69
97
14
51
2
63
45
58
42
6
3
81
99
28
50
57
88
25
38
71
47
53
48
79
59
29
82
90
26
81
17
14
69
25
32
39
10
89
4
67
99
28
98
88
20
64
18
60
48
69
93
41
6
39
87
15
37
2
48
93
89
73
77
38
23
21
96
11
41
84
30
58
30
83
3
45
59
77
4
41
8
19
54
4
68
9
91
67
3
40
71
57
38
9
82
3
76
20
60
42
94
66
72
6
25
61
36
4
14
10
60
77
62
69
33
16
67
93
23
33
88
18
58
51
83
23
85
96
20
79
20
30
96
19
55
98
80
26
0
56
47
83
59
10
78
3
3
23
9
77
43
15
63
77
19
73
77
24
29
4
61
50
30
39
45
51
78
9
17
28
45
28
12
70
69
63
60
12
11
51
11
3
86
15
84
19
66
70
62
34
5
73
35
50
99
33
90
16
56
4
24
71
3
15
14
23
68
45
81
61
90
21
57
22
87
82
12
38
10
93
77
84
41
64
76
25
91
94
42
79
19
76
87
18
51
1
50
94
6
45
23
0
74
91
48
95
48
45
54
69
82
68
56
39
80
37
67
71
25
50
60
79
0
73
74
46
80
2
32
92
61
69
97
13
30
27
74
8
17
42
91
35
36
69
50
57
84
76
85
3
91
79
76
13
8
92
69
82
7
73
89
19
42
39
45
80
63
15
74
16
70
94
60
91
83
62
85
48
33
11
5
2
67
75
75
4
31
64
17
89
70
19
36
77
67
83
63
2
92
37
98
99
77
56
22
84
14
71
94
44
12
41
52
91
85
43
82
40
97
42
96
47
22
1
11
78
4
93
85
12
63
65
25
44
2
22
26
59
2
54
35
56
75
47
76
20
48
97
9
41
38
5
3
36
43
84
18
6
9
72
38
6
75
15
29
35
20
95
3
58
74
14
83
91
74
86
86
74
58
36
90
8
49
65
45
14
14
81
0
58
96
1
61
59
21
60
89
82
61
80
52
65
55
32
77
69
26
42
79
11
20
38
47
15
79
65
63
96
26
29
3
79
39
30
99
5
8
19
52
40
58
54
82
3
96
93
70
99
21
17
56
64
74
1
92
61
85
78
58
10
53
74
47
5
34
81
64
77
30
66
63
45
30
46
42
45
87
63
87
26
41
70
51
21
32
90
36
85
3
87
21
87
71
83
27
74
1
8
93
98
61
88
90
10
83
55
85
34
24
74
49
12
28
74
78
58
45
87
79
32
14
47
31
77
59
69
71
25
73
81
98
54
67
17
21
1
88
21
77
95
91
12
15
82
22
16
66
39
41
15
29
73
27
81
63
53
23
81
86
78
71
28
75
98
62
79
16
8
7
22
81
87
10
65
62
49
70
57
63
45
40
91
23
13
80
6
42
21
30
55
35
94
41
36
52
12
43
86
97
53
50
97
95
61
20
22
57
25
71
95
68
20
49
67
87
16
41
66
27
25
51
1
15
42
6
85
8
2
20
45
93
71
56
99
67
55
2
76
50
30
53
91
81
65
92
23
46
95
40
30
62
11
23
78
96
67
50
8
15
4
80
27
60
7
54
48
16
57
94
30
92
43
62
58
19
23
38
40
96
95
61
99
86
53
89
11
52
58
54
85
74
72
82
72
32
43
37
34
47
47
40
53
45
8
83
3
90
16
28
53
27
59
4
33
92
89
44
44
55
89
98
78
82
91
31
91
47
9
73
69
36
26
91
95
37
61
83
69
11
19
76
84
10
90
98
94
24
39
1
33
27
55
7
39
15
39
3
41
66
80
27
45
4
32
5
33
9
26
33
8
35
24
56
65
11
38
23
39
25
97
85
25
96
29
56
98
82
41
38
51
33
19
18
73
64
78
96
49
64
40
36
97
40
45
49
62
10
49
4
79
81
91
5
87
3
50
72
86
89
17
12
80
87
6
32
25
13
98
37
21
76
14
59
49
30
33
43
51
66
87
38
63
53
4
48
24
13
31
29
84
46
61
24
34
46
45
99
27
51
91
0
3
50
57
4
60
90
86
9
46
92
99
77
57
14
2
70
69
69
32
79
93
58
83
20
7
24
82
79
58
72
58
3
85
55
70
29
97
46
53
37
30
28
86
50
24
12
95
1
2
36
59
99
91
85
0
23
64
82
62
31
86
53
72
73
79
91
84
85
90
69
82
21
89
68
68
76
31
58
8
37
13
95
78
42
33
99
42
12
92
8
82
78
97
62
74
4
69
29
97
77
56
18
6
72
95
54
0
45
5
73
29
47
79
86
19
97
4
9
57
89
18
5
26
49
11
14
80
83
63
27
30
52
74
29
59
90
14
77
65
7
75
27
16
30
50
83
14
51
42
70
