overall_acc,0.8008
loss,[10.860247523040771, 6.228234211273193, 4.200930878829956, 3.2589987953186035, 2.824321910934448, 2.603977636642456, 2.4967697607421875, 2.425565214767456, 2.3913236841583254, 2.3635494805908204, 2.350203780441284, 2.3302851766204835, 2.3251836087036133, 2.3221086126708985, 2.318628444442749, 2.3125454525756837, 2.301030918045044, 2.30912524848938, 2.3108116078186036, 2.2987611372375487, 2.299654561843872, 2.3087046659851076, 2.303047651748657, 2.3143825632476807, 2.321833179168701, 2.3189494733428955, 2.317328762512207, 2.3262881718444826, 2.3290562475585936, 2.336247272872925, 2.355701461257935, 2.3637087825012206, 2.3614108818817137, 2.3756749783325195, 2.3773902867889403, 2.3885457988739014, 2.4076824769592284, 2.3985058837890625, 2.4154992292785646, 2.421874348373413, 2.4413484535980223, 2.437077679748535, 2.4577326596069335, 2.4619963808441163, 2.459260588531494, 2.484229097137451, 2.4856675784301756, 2.5008430493927003, 2.489003979263306, 2.5026749571228026, 2.5248634156799317, 2.522543607635498, 2.5271679372406006, 2.511724009552002, 2.532059694824219, 2.5377947480773924, 2.5408900427246093, 2.540298205871582, 2.5449229788970946, 2.547501333847046, 2.037264260940552, 1.6641109211730958, 1.4504559378433228, 1.3029004431915283, 1.2035483113098144, 1.1387372301101684, 1.1128655871200561, 1.096359845199585, 1.0998086608505249, 1.08558495513916, 1.1025780670928955, 1.0987826900863646, 1.1095499015045167, 1.1181668501281739, 1.1108433124542236, 1.1228433729934693, 1.1251432097625733, 1.124545173110962, 1.1469207722091674, 1.1300979122161865, 1.1511776800918578, 1.1579628972244262, 1.1479749793624878, 1.1597599547195434, 1.1621854676055907, 1.159412091293335, 1.1771220904541015, 1.18246331199646, 1.1754577668380737, 1.1762055785369874, 1.175641397972107, 1.1863593685913085, 1.1859077054214477, 1.1970245028305053, 1.1833597469329833, 1.203342324409485, 1.2009134035110474, 1.20088626373291, 1.2021717266082763, 1.2096133030700684, 1.2188891953277587, 1.2104622954940796, 1.2144540062332154, 1.2045450560760498, 1.2113724507904053, 1.2284198551940917, 1.219363648147583, 1.2364525465774536, 1.2251387800979614, 1.2243221697616578, 1.2248385496520997, 1.2304774900054931, 1.226326753540039, 1.229744921875, 1.2270771264648437, 1.2408257265853881, 1.2276192050933838, 1.2313934633636474, 1.23083646484375, 1.2423741209030152, 1.0981852885055543, 1.006118564300537, 0.9647173993873596, 0.9322074491882324, 0.9020171244621277, 0.8728666155433655, 0.8465158324050903, 0.8200529243469238, 0.7948310536384583, 0.7708816035842896, 0.7475801496124268, 0.7248636176109314, 0.7028147449874877, 0.6811962303733826, 0.6613125536727905, 0.6411469331359864, 0.62137254529953, 0.6030313448333741, 0.5847637799263, 0.5674883222007752, 0.550464537601471, 0.5339131673049927, 0.5177086400222778, 0.5022657250785828, 0.48690871788024903, 0.4727769203567505, 0.45875082551956176, 0.4450931516933441, 0.43261480013847353, 0.42012849073410036, 0.40708859033584593, 0.3949050094509125, 0.38461593711853026, 0.3742942079257965, 0.36279015632629397, 0.35206671608924867, 0.34269637038230893, 0.3336410978126526, 0.3226302904129028, 0.31446210741996766, 0.30777854014396666, 0.3056301916885376, 0.30298385557174684, 0.30101014966011047, 0.29922923667907714, 0.29743926012039185, 0.2954765126419067, 0.29349889891624453, 0.2916487671947479, 0.290091773147583, 0.28813809915542604, 0.286517114276886, 0.2846271026802063, 0.28296710819244386, 0.2811459028720856, 0.279550699634552, 0.27798643286705016, 0.27623888711929323, 0.274546646604538, 0.2728006684017181, 0.2710262434387207, 0.2695049682235718, 0.2678683051490784, 0.26631012832641604, 0.2646704396533966, 0.2631288328742981, 0.26130611196517944, 0.25988283421516417, 0.25848104623794554, 0.25691543066978456, 0.2551590098953247, 0.25352618265151977, 0.2523254328346252, 0.2505365782737732, 0.2491004866218567, 0.24753590159893035, 0.2460709828186035, 0.24463679274559022, 0.24316371797561645, 0.2416274843454361]
0,0.9565217391304348
1,0.9354838709677419
2,0.8260869565217391
3,0.7931034482758621
4,0.7741935483870968
5,0.8333333333333334
6,0.7391304347826086
7,0.8461538461538461
8,1.0
9,1.0
10,0.4
11,0.5238095238095238
12,0.85
13,0.6956521739130435
14,0.8518518518518519
15,0.9166666666666666
16,0.8846153846153846
17,0.8571428571428571
18,0.7058823529411765
19,0.92
20,0.7777777777777778
21,0.7894736842105263
22,0.8823529411764706
23,0.8076923076923077
24,0.8260869565217391
25,0.5833333333333334
26,0.7916666666666666
27,0.875
28,0.84
29,0.7931034482758621
30,0.7407407407407407
31,0.72
32,0.7272727272727273
33,0.6896551724137931
34,0.84
35,0.45454545454545453
36,0.8571428571428571
37,0.7368421052631579
38,0.8846153846153846
39,0.9565217391304348
40,0.75
41,0.9090909090909091
42,0.8695652173913043
43,0.8260869565217391
44,0.5217391304347826
45,0.7105263157894737
46,0.5
47,0.782608695652174
48,1.0
49,0.8823529411764706
50,0.7727272727272727
51,0.8571428571428571
52,0.9
53,0.896551724137931
54,0.9545454545454546
55,0.6190476190476191
56,0.8636363636363636
57,0.6071428571428571
58,0.8
59,0.7083333333333334
60,0.8518518518518519
61,0.7931034482758621
62,0.8461538461538461
63,0.7083333333333334
64,0.7368421052631579
65,0.6363636363636364
66,0.8461538461538461
67,0.7391304347826086
68,0.9523809523809523
69,0.8
70,0.8
71,0.8571428571428571
72,0.5454545454545454
73,0.71875
74,0.6363636363636364
75,1.0
76,0.8095238095238095
77,0.7352941176470589
78,0.7368421052631579
79,0.8571428571428571
80,0.7586206896551724
81,0.8571428571428571
82,0.9459459459459459
83,0.9
84,0.8888888888888888
85,0.9666666666666667
86,0.8214285714285714
87,0.9
88,1.0
89,0.9285714285714286
90,0.875
91,0.8461538461538461
92,0.72
93,0.7619047619047619
94,0.9565217391304348
95,0.6896551724137931
96,0.6521739130434783
97,0.75
98,0.7307692307692307
99,0.8260869565217391
16
7
91
43
14
92
6
89
13
85
47
27
81
63
59
61
78
18
53
17
27
43
10
54
94
79
68
31
69
64
83
41
23
11
47
20
87
90
52
26
83
67
20
20
7
83
27
45
68
93
86
12
60
45
99
18
62
16
26
58
88
34
88
19
34
60
19
48
1
48
58
16
63
75
55
4
32
31
98
32
14
87
38
12
8
45
92
31
62
61
89
92
78
83
26
85
28
37
54
49
95
7
59
24
94
7
94
94
11
42
65
52
40
38
72
80
82
46
75
51
74
34
5
85
30
74
22
95
81
92
27
52
51
18
62
65
69
84
0
43
48
67
62
89
83
18
37
19
8
68
3
3
83
70
83
0
86
51
58
72
89
90
81
61
41
27
52
66
68
80
4
46
25
27
35
50
88
7
75
53
3
5
98
82
7
87
61
7
91
1
5
37
72
41
94
33
67
33
39
23
76
31
63
71
67
45
10
46
74
33
77
80
50
35
51
27
36
3
41
47
54
87
37
75
55
71
14
0
9
78
57
83
45
22
52
63
89
22
85
39
7
25
98
25
70
92
49
70
87
89
41
31
97
36
83
82
88
11
7
74
80
2
9
91
40
36
91
91
78
73
79
83
42
62
90
50
82
24
38
16
40
39
7
63
10
51
96
38
29
66
53
30
84
44
5
91
53
74
72
15
15
44
87
66
77
55
48
73
75
38
77
3
13
18
92
55
13
95
29
91
91
61
75
12
71
70
98
52
94
89
90
56
57
43
60
41
30
59
78
97
80
80
54
83
60
69
57
18
14
26
9
90
85
32
63
43
73
87
44
26
99
70
8
90
65
80
41
17
39
53
66
48
20
88
89
67
87
37
41
91
16
27
33
16
89
5
69
83
74
85
24
72
32
76
45
5
52
46
27
40
58
84
6
91
38
98
66
41
79
53
23
14
15
86
75
45
6
22
33
76
52
81
90
22
34
45
48
7
30
11
1
23
3
22
5
80
93
27
86
79
92
53
54
63
18
84
95
8
59
8
88
62
29
30
73
2
33
39
4
61
45
83
58
73
18
84
4
5
57
18
23
29
85
88
42
16
16
40
95
45
10
0
46
35
44
86
54
29
85
82
91
82
17
27
17
12
26
54
28
58
79
1
45
44
65
3
33
23
91
73
1
1
98
32
19
88
11
29
56
0
54
61
7
13
17
53
89
18
81
6
96
41
26
26
25
60
22
73
4
47
24
79
74
17
7
0
87
26
95
14
56
18
12
54
19
79
8
43
39
61
40
53
98
4
31
8
57
33
82
35
6
94
94
65
22
16
64
57
98
38
88
72
58
26
36
13
91
84
9
5
9
65
85
70
96
7
2
59
79
70
34
97
99
49
18
55
70
21
38
34
61
69
37
64
24
3
78
50
74
35
1
84
22
86
4
91
13
90
68
60
84
0
34
70
32
92
14
49
35
28
3
89
55
15
66
35
50
12
41
31
5
67
84
26
74
78
50
57
54
11
73
44
66
60
45
58
82
67
98
89
28
55
95
76
60
76
91
37
2
3
62
43
91
48
27
34
33
34
53
3
28
8
40
44
96
61
60
73
61
29
63
42
49
92
92
45
57
87
18
20
55
0
85
75
55
23
78
95
81
58
73
60
21
70
19
87
47
79
90
75
27
15
41
39
99
46
94
45
91
36
77
68
75
92
94
61
50
38
12
1
0
30
84
98
29
7
18
48
81
91
84
63
62
31
40
95
30
61
86
47
82
55
20
14
28
75
2
81
22
73
79
5
88
56
81
15
84
69
30
6
68
70
81
74
7
18
55
60
5
14
48
18
0
70
38
43
24
69
16
9
42
41
39
27
0
70
85
9
43
79
77
75
74
80
42
62
8
0
36
89
51
46
69
56
42
91
71
35
63
40
16
0
21
2
1
64
47
43
92
75
68
18
1
25
96
46
47
90
2
28
37
61
31
9
4
92
38
93
28
39
18
41
78
49
1
11
19
91
82
4
60
34
56
19
32
74
16
99
30
98
8
58
93
87
11
79
35
43
52
6
4
27
8
63
26
34
39
97
37
75
33
87
49
46
16
33
76
41
97
8
75
17
55
93
27
4
41
60
30
55
21
77
90
54
87
86
37
47
66
2
73
55
25
62
26
19
28
15
14
96
69
45
92
39
42
13
49
48
44
71
48
69
9
26
88
46
71
66
66
88
82
1
39
88
93
82
18
17
56
40
70
14
68
52
81
45
16
79
85
12
99
88
40
68
36
60
17
98
25
46
75
61
70
58
88
51
75
73
54
37
28
90
55
88
68
38
95
6
16
58
61
39
56
17
33
77
50
87
75
4
16
94
55
76
60
97
1
0
75
31
97
71
75
52
6
43
14
84
14
51
1
88
53
66
5
56
32
52
40
24
86
54
54
88
61
87
54
24
40
85
17
90
22
86
77
79
94
51
0
39
89
82
41
87
91
73
55
62
72
98
10
46
28
38
74
70
13
44
15
24
76
98
51
79
15
47
47
93
73
13
26
70
95
60
70
11
82
33
34
6
65
62
74
17
36
88
52
48
79
38
19
83
66
68
97
64
16
63
16
84
18
29
63
53
9
38
75
74
15
1
67
96
1
84
18
90
10
33
80
68
30
8
3
81
45
18
55
35
28
63
5
53
34
27
93
18
44
93
85
91
46
31
69
47
86
95
85
80
1
82
45
66
77
58
31
42
23
90
79
83
31
51
80
23
64
61
40
51
99
28
19
63
10
97
78
34
18
13
50
17
28
29
10
57
83
83
53
73
7
59
82
34
15
68
68
34
82
75
37
8
94
16
24
21
8
96
53
49
38
85
27
32
96
20
29
43
69
94
26
6
23
91
34
48
71
53
5
0
59
83
69
73
27
12
42
61
21
65
88
28
15
24
1
77
67
82
5
64
51
52
79
70
46
1
59
87
60
88
76
45
15
6
1
35
94
79
25
71
26
72
60
73
9
75
5
74
27
32
38
56
31
80
40
47
2
7
85
30
83
51
79
89
99
86
15
29
63
66
62
80
24
57
43
78
49
99
95
93
55
71
77
86
64
4
23
62
50
37
98
55
32
57
99
2
6
92
82
82
94
95
81
96
93
33
67
31
60
99
90
63
62
82
36
12
31
47
75
77
29
94
27
62
95
32
38
29
37
36
65
40
53
87
95
53
42
43
89
69
93
81
84
71
19
33
73
75
85
47
97
1
13
42
46
62
92
53
32
66
45
48
94
10
69
60
42
98
59
52
44
57
4
83
89
71
12
52
32
58
98
22
62
52
2
58
77
96
86
33
58
69
97
14
51
2
63
45
58
97
6
80
81
99
28
50
57
88
25
38
71
47
53
48
79
59
29
82
90
93
81
17
14
69
25
32
39
14
89
4
67
99
28
98
88
20
4
44
60
48
69
18
48
6
39
95
15
37
78
48
93
89
73
77
38
72
21
96
11
84
84
30
58
30
46
31
83
59
77
4
41
89
19
54
55
68
9
91
67
19
40
71
77
38
9
82
3
76
20
60
42
94
66
72
14
25
61
36
4
14
26
60
77
62
85
38
90
67
93
23
33
88
18
58
51
83
23
85
56
20
79
20
30
96
19
85
35
38
26
0
56
47
83
59
83
51
98
3
73
9
77
43
15
63
77
19
73
77
7
29
4
61
14
30
39
33
19
51
9
17
28
45
16
12
83
49
63
60
12
2
77
98
34
46
15
84
19
66
70
62
34
94
30
11
25
99
96
90
16
56
4
24
71
72
19
14
23
68
45
81
10
90
21
0
22
87
82
12
38
10
93
77
84
41
64
76
25
91
94
42
79
19
76
87
18
51
1
50
94
6
45
23
0
55
91
48
95
48
45
54
69
83
68
56
86
80
37
67
71
25
50
60
79
0
44
55
98
93
2
32
92
61
76
97
13
30
27
74
8
17
42
91
35
36
69
50
57
84
76
85
21
91
79
76
13
8
92
69
82
7
73
89
74
42
39
26
80
63
15
50
16
62
94
60
91
83
62
85
48
33
11
5
2
67
75
75
4
3
72
17
89
92
19
36
22
67
83
63
2
62
37
98
99
77
56
22
84
14
71
94
44
12
41
52
91
85
43
82
12
97
42
96
47
22
1
11
78
72
93
85
44
63
65
25
44
2
86
44
59
2
54
35
56
75
52
76
20
48
97
9
1
38
5
3
50
43
84
18
6
9
72
38
6
75
15
29
35
20
95
3
13
74
44
83
1
74
86
25
74
58
36
90
8
49
65
40
86
14
81
0
58
96
1
61
59
21
60
89
82
61
80
52
65
55
32
77
69
26
42
79
11
20
38
52
15
7
65
63
96
26
29
3
79
39
30
73
5
8
19
52
40
58
54
82
3
82
93
70
99
21
17
56
64
74
1
92
61
85
78
58
10
53
74
47
5
34
81
64
77
67
66
63
45
95
46
14
45
87
72
87
26
41
70
63
21
32
90
36
85
3
87
21
87
71
83
27
74
1
8
93
98
61
88
90
10
83
27
85
34
24
74
49
12
28
74
48
12
45
87
79
63
14
47
31
77
52
49
71
25
67
81
98
54
67
17
21
1
88
21
77
95
91
12
15
82
22
16
66
5
1
34
29
73
27
81
63
53
23
81
86
78
71
28
75
35
62
79
16
8
7
22
13
87
83
65
62
49
70
57
63
63
40
91
23
13
80
6
42
66
30
72
35
94
41
36
52
12
43
86
97
53
50
97
3
61
20
22
57
25
71
75
68
20
49
67
87
16
41
66
55
10
51
1
15
42
6
12
8
2
5
45
93
71
56
99
67
32
2
76
50
30
53
91
81
65
92
23
11
72
40
80
62
11
23
78
96
67
78
8
15
4
80
27
60
7
54
48
16
57
94
30
92
43
62
58
19
23
38
40
96
95
10
99
86
53
89
11
52
58
54
85
63
72
82
72
95
43
37
34
47
52
40
53
45
8
92
3
90
40
28
53
27
59
4
33
92
89
44
79
4
89
98
78
82
91
31
91
47
9
73
69
36
24
91
95
37
61
83
69
11
15
76
80
78
90
98
94
24
39
1
33
96
55
7
39
15
39
3
41
66
80
27
45
4
32
5
45
9
93
33
28
35
24
56
65
11
38
23
39
25
97
66
87
47
29
56
98
82
41
38
51
45
19
18
95
64
78
96
49
64
40
36
97
40
45
49
62
10
33
4
79
81
91
5
87
3
50
80
86
89
17
12
80
4
24
63
25
13
98
59
21
76
14
59
49
30
33
80
51
66
87
38
21
53
4
48
24
13
31
29
84
46
61
24
34
98
45
99
27
51
91
0
72
50
57
4
60
90
86
9
46
92
99
77
57
14
2
70
69
69
32
79
18
58
0
20
7
85
82
79
58
95
58
75
85
55
70
29
97
98
53
37
73
28
86
50
24
29
95
1
2
36
59
99
91
85
0
60
64
6
62
31
86
57
72
73
80
45
84
85
90
69
82
21
89
68
68
76
31
58
8
90
13
95
78
88
33
99
42
12
92
8
82
78
97
92
74
4
12
29
43
67
56
18
80
72
95
54
0
45
16
73
29
47
7
86
19
97
4
9
57
89
14
5
26
49
11
14
80
83
3
27
30
52
74
29
52
90
14
77
4
7
75
27
16
30
72
83
14
51
42
70
