overall_acc,0.8076
loss,[10.817645489501952, 6.206312212524414, 4.180155280303955, 3.2497064677429197, 2.815503424835205, 2.5885061221313475, 2.4871326735687256, 2.419278685913086, 2.3821786345672606, 2.355901679153442, 2.3399877494049073, 2.33653779296875, 2.3294848246765136, 2.3153992008209228, 2.313081411743164, 2.3133697919464113, 2.303381026916504, 2.301533168106079, 2.300756732559204, 2.3143591581726075, 2.314962013549805, 2.3107417456054686, 2.317954623413086, 2.3163866232299806, 2.3268674061584473, 2.3264644164276125, 2.3326146366119387, 2.3442715293121337, 2.3409782189178467, 2.353762077026367, 2.3567558097076415, 2.362213718185425, 2.3692435759735107, 2.3799422904968264, 2.388176442718506, 2.394825852737427, 2.399210675354004, 2.4173343895721437, 2.425266407623291, 2.4212748990631106, 2.4411900468444823, 2.450158031311035, 2.4526082008361816, 2.465925860595703, 2.4730795448303224, 2.478316887969971, 2.483818916931152, 2.4997659907531737, 2.507213158874512, 2.519460150604248, 2.5152564465332032, 2.53225034286499, 2.515777678527832, 2.536408640136719, 2.539478112030029, 2.5443248001861574, 2.53400534614563, 2.544921872024536, 2.560786809768677, 2.5653710478210447, 2.0427830030059813, 1.6656081158828735, 1.4555860329437256, 1.3030547854232788, 1.2118053385162353, 1.1616395539093018, 1.1220271887207032, 1.1290300985717774, 1.111035076446533, 1.1131594402313232, 1.1167978146743773, 1.1117286376953126, 1.1216039479827882, 1.1243276176834107, 1.1250863331222534, 1.1308713488006592, 1.1416881076431273, 1.1459242770767213, 1.1461519233322144, 1.1541270223236084, 1.1542027254867553, 1.1692277095413208, 1.1720988800048828, 1.1638045664215089, 1.1690235061645509, 1.1689143298721314, 1.1858779448318482, 1.178753009338379, 1.1823641516494752, 1.196877251663208, 1.2009385242843629, 1.187175280456543, 1.1994673522186279, 1.21243644115448, 1.201164029121399, 1.201460089302063, 1.2179729401397705, 1.213259517059326, 1.2142518606567383, 1.2257364030838012, 1.223795864982605, 1.2265684360122682, 1.2268089974975587, 1.2199482262420653, 1.2268458265304565, 1.2353988777542115, 1.2256019275665284, 1.234015277557373, 1.2419743687438964, 1.2306823637771607, 1.2265721896362305, 1.2415310263824464, 1.2420632741928102, 1.2429175883865355, 1.2334740633392334, 1.2637106547927857, 1.251303925514221, 1.2558432707977294, 1.251232839241028, 1.2500575268936158, 1.1075483129501342, 1.0142387880706787, 0.9756145184898376, 0.9429156554031372, 0.9102965875434875, 0.8831413027381897, 0.8545336869812011, 0.8282232608795166, 0.8030282304000854, 0.7782985613632202, 0.7551161525917053, 0.7319031556510925, 0.7101949721908569, 0.6883964533424377, 0.6683840636634827, 0.6471980456733704, 0.6282675221252442, 0.6092267565345764, 0.5909081443405151, 0.5731110230064392, 0.5562330765342712, 0.5394685506057739, 0.5232866186332703, 0.5078066677474976, 0.4928888267707825, 0.4783113579273224, 0.4637657459926605, 0.4499379277610779, 0.4367053843402863, 0.423699039812088, 0.41158148634910585, 0.3989220860004425, 0.38778961961746217, 0.3758834411430359, 0.3654129183292389, 0.35627352248191835, 0.34483004420280455, 0.33470394971847534, 0.3248714804649353, 0.31627809226989745, 0.3097394744682312, 0.30748677912712097, 0.3053742671966553, 0.3035242731952667, 0.3012210743236542, 0.2994649586105347, 0.29755163225173953, 0.29570121817588807, 0.2941166136360168, 0.292310633020401, 0.2904706066322327, 0.2888542372608185, 0.2869386182880402, 0.2850160190105438, 0.2835950791549683, 0.2815709962940216, 0.2801154687786102, 0.27818436687469483, 0.2764382197666168, 0.27500736115455626, 0.27344291006088256, 0.27149677278518675, 0.26983058766365053, 0.2682530266571045, 0.2666036996936798, 0.26500685121536255, 0.2632857569026947, 0.2618229442214966, 0.26023935408592225, 0.25865426525115964, 0.25716472288131714, 0.255585877161026, 0.2541130382347107, 0.25242024905204774, 0.25101070048332214, 0.24953698231697083, 0.2479120654439926, 0.2465730276632309, 0.2451132682085037, 0.24364745287418366]
0,0.9565217391304348
1,0.9032258064516129
2,0.6086956521739131
3,0.8275862068965517
4,0.7741935483870968
5,0.8333333333333334
6,0.8260869565217391
7,0.8461538461538461
8,1.0
9,0.9473684210526315
10,0.45
11,0.6190476190476191
12,0.8
13,0.6086956521739131
14,0.7407407407407407
15,0.9166666666666666
16,0.9230769230769231
17,0.8571428571428571
18,0.6764705882352942
19,0.84
20,0.8333333333333334
21,0.8421052631578947
22,0.9411764705882353
23,0.7692307692307693
24,0.9130434782608695
25,0.5833333333333334
26,0.7916666666666666
27,0.9166666666666666
28,0.8
29,0.7241379310344828
30,0.8518518518518519
31,0.8
32,0.7272727272727273
33,0.6551724137931034
34,0.88
35,0.5
36,0.9047619047619048
37,0.8947368421052632
38,0.8461538461538461
39,0.9130434782608695
40,0.8571428571428571
41,0.9090909090909091
42,0.8260869565217391
43,0.8695652173913043
44,0.6086956521739131
45,0.7368421052631579
46,0.45454545454545453
47,0.6956521739130435
48,1.0
49,0.8235294117647058
50,0.7727272727272727
51,0.7619047619047619
52,0.85
53,0.896551724137931
54,0.9545454545454546
55,0.5714285714285714
56,0.8636363636363636
57,0.7142857142857143
58,0.8857142857142857
59,0.7916666666666666
60,0.7407407407407407
61,0.7931034482758621
62,0.8076923076923077
63,0.7916666666666666
64,0.7368421052631579
65,0.7727272727272727
66,0.8076923076923077
67,0.6521739130434783
68,0.9523809523809523
69,0.9333333333333333
70,0.9
71,0.8095238095238095
72,0.6818181818181818
73,0.6875
74,0.6363636363636364
75,1.0
76,0.8571428571428571
77,0.6470588235294118
78,0.7894736842105263
79,0.8571428571428571
80,0.8275862068965517
81,0.9523809523809523
82,0.918918918918919
83,0.7666666666666667
84,0.8518518518518519
85,0.9333333333333333
86,0.8214285714285714
87,0.9
88,1.0
89,0.8928571428571429
90,0.875
91,0.8974358974358975
92,0.84
93,0.7619047619047619
94,0.9130434782608695
95,0.6896551724137931
96,0.782608695652174
97,0.75
98,0.7307692307692307
99,0.9130434782608695
16
7
91
43
14
92
6
89
13
85
96
27
81
63
59
61
78
24
53
17
27
43
10
54
94
79
68
31
69
64
83
41
23
46
96
20
87
90
52
26
83
67
20
20
7
83
27
45
68
93
86
12
69
45
99
18
62
80
26
58
88
34
88
19
34
71
19
48
73
48
40
16
63
80
71
4
32
15
98
32
14
87
38
12
8
45
92
31
62
61
89
92
78
83
26
85
28
37
54
30
95
7
59
24
94
7
94
94
11
42
65
52
40
38
55
80
82
46
75
93
74
34
5
85
30
74
22
95
81
92
27
52
51
44
62
65
69
84
0
43
48
67
62
89
53
44
37
19
8
68
3
3
53
70
39
0
95
51
58
42
12
90
81
61
41
33
52
66
68
80
43
11
25
27
35
36
88
19
75
53
3
5
35
82
7
81
61
7
91
1
5
37
72
41
94
33
67
39
39
23
28
31
63
71
67
45
10
32
74
49
77
65
50
3
51
57
36
3
41
59
54
87
37
75
27
71
24
0
9
78
57
83
45
22
52
27
89
22
85
39
7
25
98
5
70
70
49
70
87
89
41
65
97
36
83
82
79
11
7
74
80
2
9
91
40
36
91
91
99
73
24
83
42
62
90
50
82
24
38
16
65
39
7
63
10
51
96
51
29
74
53
30
84
44
5
10
53
74
72
15
15
44
5
66
77
55
48
95
72
38
77
3
13
18
92
55
13
72
29
91
91
61
75
58
71
70
98
52
94
89
90
56
57
43
60
13
30
59
78
74
80
80
54
99
23
76
92
18
14
26
9
81
85
32
63
43
73
87
44
54
99
70
8
90
65
80
41
17
39
53
66
48
5
88
89
67
87
37
40
91
16
27
33
16
89
5
69
83
74
85
24
72
32
76
45
5
52
46
74
40
58
84
6
91
38
98
66
41
79
0
23
14
15
86
75
45
6
22
33
76
52
81
90
22
34
45
72
7
30
11
1
23
3
22
5
80
93
27
39
79
92
53
54
63
18
84
12
8
59
8
88
62
29
30
73
2
33
39
63
22
45
83
58
73
18
84
4
5
57
18
23
29
85
34
64
16
86
26
95
45
97
0
69
93
44
86
92
29
85
82
91
82
17
4
58
12
26
54
28
58
79
1
42
99
57
3
33
23
91
73
1
1
35
1
19
88
11
29
56
0
54
61
20
13
17
53
89
18
81
6
59
41
26
26
25
60
22
73
4
47
24
90
78
17
7
0
87
26
73
14
56
44
12
54
21
79
8
43
39
51
40
53
98
4
31
8
57
33
45
35
6
94
87
65
22
16
64
57
2
38
88
72
58
27
36
13
91
84
9
85
9
65
85
70
59
41
11
59
79
70
34
97
16
49
18
55
70
63
38
34
61
69
37
55
24
3
78
51
96
35
1
84
22
86
55
91
58
90
68
60
84
0
50
14
32
92
14
96
35
86
3
89
55
15
66
35
50
12
41
31
34
93
84
26
74
78
50
57
54
11
67
44
66
60
79
58
82
67
98
89
28
55
95
76
60
76
91
37
2
4
62
43
91
48
63
34
42
34
53
3
28
8
40
44
96
61
60
73
61
29
63
97
49
92
92
6
57
87
18
20
55
0
85
75
76
23
4
95
81
58
73
60
21
62
19
87
47
79
90
75
27
15
41
39
99
33
94
45
91
36
77
3
75
92
94
61
50
38
12
1
0
30
84
98
29
7
18
48
89
91
84
63
62
31
40
55
30
61
86
96
59
65
25
14
28
75
2
81
22
44
79
5
88
56
81
15
84
69
30
6
68
70
81
74
7
63
23
60
5
14
48
18
0
70
38
4
24
69
16
9
42
41
40
27
0
70
85
9
43
79
77
75
74
80
42
45
8
0
36
89
15
46
69
56
42
22
71
35
72
40
16
0
21
45
1
64
47
43
83
65
68
18
1
25
96
98
47
90
35
77
37
61
31
14
4
92
38
93
28
39
18
41
44
49
70
11
19
91
82
4
60
34
56
19
32
74
86
99
30
98
8
58
93
87
11
24
35
43
52
6
4
27
8
63
26
34
39
97
37
75
33
87
49
98
16
33
76
41
97
8
75
17
55
93
27
4
41
60
30
65
21
53
90
54
87
86
37
47
66
2
73
55
25
62
26
19
28
15
73
47
69
45
92
39
42
58
49
48
44
71
48
69
9
65
84
11
71
66
66
88
82
1
39
88
93
82
7
76
56
40
70
1
68
52
69
45
16
79
85
12
99
88
40
68
36
60
17
87
25
46
75
61
70
58
88
51
75
73
70
37
28
90
55
88
68
38
93
7
16
58
16
39
56
17
33
77
63
87
75
4
16
94
55
76
60
97
1
0
75
31
55
71
75
52
6
43
14
84
14
51
1
88
53
66
5
56
32
52
40
24
86
54
54
88
61
87
54
24
40
85
17
90
22
86
77
79
94
45
0
39
89
82
41
87
91
73
4
62
72
98
10
46
28
38
74
70
13
7
15
24
76
98
73
79
15
47
47
93
73
81
26
70
95
60
70
11
82
66
34
6
65
62
74
31
36
88
52
48
79
50
19
57
66
68
80
64
16
63
16
84
18
29
64
57
9
38
74
74
15
1
93
96
1
84
69
81
10
33
80
68
30
8
3
81
48
18
44
35
28
72
5
53
34
27
93
18
44
93
37
91
46
31
69
47
86
95
85
80
1
82
93
66
44
58
31
42
23
90
24
83
31
51
80
23
64
61
40
51
99
28
19
63
10
97
78
34
90
13
50
17
28
29
10
22
83
83
53
73
7
59
82
34
15
68
68
34
82
75
37
8
94
16
24
21
8
96
53
76
38
84
27
32
96
20
29
43
69
94
26
54
23
91
34
48
71
53
5
0
59
57
69
73
27
12
42
61
21
72
88
28
15
24
1
77
73
82
5
64
51
52
79
70
46
1
59
87
60
88
76
45
15
7
1
35
94
79
16
71
26
72
60
73
9
75
5
72
27
96
38
51
45
36
40
47
98
7
85
30
92
51
7
87
99
86
15
29
63
66
62
80
24
57
43
78
49
99
95
93
72
12
78
86
64
4
19
62
50
17
39
66
32
57
61
2
6
92
82
82
94
95
81
96
93
33
67
31
60
79
35
63
62
82
36
76
31
47
75
77
29
94
27
70
95
32
38
67
37
36
65
40
53
87
95
53
42
43
89
69
93
81
40
71
31
33
73
75
85
47
97
92
13
34
46
83
92
53
46
66
45
48
94
10
69
60
29
35
59
52
44
57
4
83
89
71
68
52
46
58
98
22
62
52
2
58
77
96
86
33
58
69
97
14
51
79
4
10
58
97
6
75
81
99
28
50
57
88
25
38
23
47
53
48
79
59
29
82
90
93
81
17
14
69
25
32
39
10
89
66
67
99
28
98
88
20
42
18
60
48
69
18
90
6
39
25
15
37
80
48
54
89
73
77
38
27
21
96
11
41
84
30
58
30
46
31
45
59
77
4
41
83
19
54
4
68
9
91
67
3
40
71
77
38
9
82
3
76
20
60
42
94
66
72
6
25
61
36
4
14
10
60
77
62
85
66
22
93
93
23
33
88
18
58
51
83
23
85
56
20
7
20
30
96
19
55
98
67
26
0
56
47
83
59
10
44
74
3
35
9
77
43
15
72
77
19
73
24
7
37
4
61
64
30
39
33
19
78
94
17
28
45
16
12
70
49
63
71
12
11
51
11
3
46
15
84
19
36
70
62
34
5
73
41
32
99
33
90
16
56
4
24
71
19
19
14
23
68
91
81
10
90
21
57
22
87
82
12
38
10
93
77
84
41
64
76
25
91
94
42
79
19
76
87
18
51
1
50
94
6
45
23
0
4
91
48
95
48
45
54
69
98
68
56
86
80
37
67
71
25
50
60
79
0
44
55
46
80
2
32
92
45
69
97
13
30
27
74
8
17
42
91
98
36
69
50
57
84
76
85
3
91
79
76
13
8
92
69
82
7
73
89
74
42
39
26
80
4
15
50
16
62
94
71
91
83
62
85
48
33
11
5
2
72
75
75
4
3
72
17
89
92
19
36
22
67
83
63
35
92
37
98
99
77
56
22
84
14
71
94
44
69
41
96
91
85
43
82
40
97
42
96
47
22
1
11
78
72
93
85
18
63
65
25
44
2
86
44
59
2
54
98
56
75
52
76
20
48
97
9
45
38
5
3
50
43
84
18
6
9
72
42
6
75
15
29
11
20
95
3
40
74
14
83
91
74
86
16
74
58
36
90
8
49
65
40
32
14
81
0
58
96
1
61
59
21
60
89
82
61
80
52
65
55
32
77
69
26
42
79
11
20
38
52
15
79
65
63
96
26
29
3
79
39
30
99
5
8
38
52
40
58
54
82
3
96
93
70
99
21
17
56
64
74
1
70
61
85
78
58
61
53
44
47
5
34
81
64
77
30
66
63
45
30
46
27
45
87
63
87
26
41
70
51
21
32
90
36
85
65
87
21
87
71
83
27
74
1
8
6
98
61
88
90
10
83
37
51
34
24
74
49
12
28
74
6
58
45
87
79
67
14
47
31
77
52
49
71
25
67
81
98
54
67
17
21
1
88
21
77
95
91
12
15
82
22
16
66
5
79
29
29
73
27
81
63
53
23
81
86
78
71
28
75
98
62
79
16
8
7
22
81
87
83
65
62
49
70
57
63
18
40
91
23
13
80
6
42
97
30
95
11
94
41
36
52
12
43
86
97
53
50
64
3
61
20
22
57
25
71
72
68
20
49
67
87
16
41
66
44
10
51
1
15
42
6
85
8
2
5
45
5
71
56
99
67
44
2
76
50
30
53
91
81
65
92
23
11
95
40
71
62
11
23
78
96
67
65
8
15
4
80
27
60
7
54
48
16
57
94
30
92
43
92
58
19
23
38
40
96
95
16
99
86
53
89
11
52
58
54
85
74
72
82
72
69
43
37
34
47
47
40
53
45
8
83
3
90
40
28
53
27
59
4
33
92
89
44
44
55
89
98
78
82
91
31
91
47
9
73
69
36
57
91
95
37
61
83
69
11
15
76
84
22
90
98
94
24
86
1
33
96
55
77
39
15
99
3
41
66
80
27
45
4
32
5
45
9
93
33
65
40
24
59
65
11
38
23
39
25
97
58
25
47
27
56
98
82
41
38
51
79
19
18
73
64
78
96
49
64
40
36
97
40
45
49
62
10
15
4
77
81
91
5
87
3
50
80
86
89
17
12
80
4
24
32
40
13
98
37
21
76
63
59
49
30
33
80
51
66
87
38
63
53
4
48
24
13
31
29
84
46
61
24
34
98
45
99
27
51
91
0
72
50
57
4
60
90
86
9
46
92
99
77
57
14
2
70
69
69
32
79
93
58
0
20
7
85
82
79
58
72
58
75
85
55
70
44
97
35
53
37
73
28
86
50
24
31
95
1
2
36
59
99
27
85
0
71
64
82
62
31
86
57
72
73
63
26
84
85
90
69
82
21
89
68
68
76
31
58
8
37
13
93
78
88
47
99
42
12
92
8
82
78
97
62
74
4
69
29
55
67
56
18
80
72
95
54
0
88
16
73
29
33
14
86
19
97
4
9
57
89
77
25
26
49
11
14
80
83
3
27
30
52
74
29
52
90
14
77
4
7
75
27
16
30
90
83
14
51
42
70
