overall_acc,0.8032
loss,[11.058180842285156, 6.399594092254639, 4.2653771676635746, 3.307500387878418, 2.8436192544555663, 2.6270508013153075, 2.5072271558380126, 2.4399823081207277, 2.3977393005371095, 2.367324100494385, 2.354601421508789, 2.3434323020935057, 2.3339871362304687, 2.323310858230591, 2.319851445846558, 2.3046286981201174, 2.3061968715667724, 2.2998473494720457, 2.301081386566162, 2.3103383542633056, 2.3009970812988283, 2.3076995111846923, 2.3042306864166258, 2.308318966598511, 2.3143986379241945, 2.3236297932434082, 2.324143580703735, 2.3224630459594726, 2.334163186569214, 2.332733119430542, 2.341686126327515, 2.355099207992554, 2.35734489402771, 2.369586417312622, 2.378442223205566, 2.3837019159698487, 2.390231306686401, 2.386077954940796, 2.408695033569336, 2.414375168685913, 2.4231890003967287, 2.4353504328918456, 2.45291786277771, 2.4455785884094237, 2.458348327331543, 2.4604685207366943, 2.480466805343628, 2.483849178619385, 2.4813784101867675, 2.4993207514953615, 2.501447738494873, 2.5121803860473633, 2.522942449645996, 2.5106233889007568, 2.5324464448547364, 2.533319334030151, 2.533430541763306, 2.5412086377716063, 2.533363743133545, 2.547713254394531, 2.0113623112106325, 1.6436311962509156, 1.4360676148223877, 1.291801032218933, 1.2006740061950683, 1.1395769624328613, 1.1172936893081664, 1.1112729217147828, 1.0939298721694946, 1.0983838721847534, 1.0969035757827759, 1.1078728049087525, 1.0999624713134766, 1.1061420534133912, 1.1167108281326295, 1.1329028062820434, 1.1307721682739258, 1.1286265984725952, 1.1290183966064453, 1.1514081832122802, 1.1400199668502808, 1.1442106268692016, 1.1463634192276, 1.1591632585144043, 1.1589896115112304, 1.1582616725158692, 1.1661861797714232, 1.1668467602157593, 1.1714292163085938, 1.175151187286377, 1.1844733757781982, 1.1796679895401, 1.1798504331207276, 1.1937659484100342, 1.189769532394409, 1.1935898567199708, 1.1916557822036744, 1.1938653413772582, 1.1975600216293334, 1.2019323445129395, 1.1949613368606566, 1.2111476864624025, 1.2162927172851563, 1.2101722650146485, 1.2108664059066772, 1.2111673792648316, 1.2109378456497193, 1.2144809608078002, 1.2291496464157103, 1.2244769285202026, 1.238285101852417, 1.2164138498306274, 1.2074162229537964, 1.225158582763672, 1.2233098926925658, 1.2283531367111207, 1.218385782585144, 1.2293072005844117, 1.2363381324386598, 1.2386537506866455, 1.0902067361068726, 0.9989795901489258, 0.962097625617981, 0.9282601183128357, 0.8987860638046264, 0.870634734249115, 0.8433999974441528, 0.816843394241333, 0.7917675074005127, 0.7675086999893188, 0.7439607074546813, 0.7218326852416992, 0.7001402496910095, 0.6785510906410217, 0.6588999480438232, 0.6380568710899353, 0.6193639814376831, 0.6008753877830505, 0.5823777780342102, 0.5651976682281494, 0.5480255013465881, 0.5315347366333008, 0.5162409421348572, 0.5000957472801209, 0.48561664447784425, 0.4714975302791595, 0.45737626770973205, 0.4435047391986847, 0.43008410202026365, 0.4175809335517883, 0.4055003925895691, 0.39427776126861575, 0.3825126589775085, 0.37112802154541014, 0.36068908743858336, 0.3500469379043579, 0.3394992077159882, 0.33131170793533327, 0.3213716734027863, 0.31193314905166625, 0.3056312825965881, 0.30324775077819827, 0.3016201651954651, 0.29938994291305543, 0.29736743726730347, 0.2955732775688171, 0.2937173259925842, 0.29182518650054934, 0.2899415144443512, 0.28838958657264707, 0.28646906767845154, 0.28468812170028684, 0.28312501828193665, 0.28137127410888674, 0.279665779838562, 0.27771485052108763, 0.2760578959941864, 0.2745955852413178, 0.27290926319122316, 0.2711568511867523, 0.26963828009605406, 0.2679676551246643, 0.2662536141872406, 0.26469918001174925, 0.26309065753936767, 0.26145952692985536, 0.2599279561901093, 0.25841047815322876, 0.2568808967876434, 0.2552004120349884, 0.25385633172035216, 0.2521655306243896, 0.2506874424266815, 0.2491677422428131, 0.24772593737602233, 0.24626301152706145, 0.24468820760250093, 0.24313544840812684, 0.24161829610824584, 0.24039427040576936]
0,0.9565217391304348
1,0.9354838709677419
2,0.8260869565217391
3,0.8275862068965517
4,0.7419354838709677
5,0.75
6,0.8260869565217391
7,0.9230769230769231
8,1.0
9,1.0
10,0.45
11,0.47619047619047616
12,0.9
13,0.6956521739130435
14,0.7777777777777778
15,0.875
16,0.9230769230769231
17,0.8571428571428571
18,0.6176470588235294
19,0.88
20,0.8333333333333334
21,0.8421052631578947
22,0.8823529411764706
23,0.8846153846153846
24,0.8695652173913043
25,0.625
26,0.9166666666666666
27,0.8333333333333334
28,0.84
29,0.6896551724137931
30,0.8518518518518519
31,0.68
32,0.7727272727272727
33,0.6551724137931034
34,0.88
35,0.4090909090909091
36,0.9047619047619048
37,0.8421052631578947
38,0.8076923076923077
39,0.9565217391304348
40,0.7857142857142857
41,0.9545454545454546
42,0.782608695652174
43,0.8260869565217391
44,0.6956521739130435
45,0.7368421052631579
46,0.5
47,0.8260869565217391
48,1.0
49,0.8823529411764706
50,0.6818181818181818
51,0.6190476190476191
52,0.7
53,0.896551724137931
54,0.9545454545454546
55,0.6666666666666666
56,0.8181818181818182
57,0.6428571428571429
58,0.8571428571428571
59,0.7083333333333334
60,0.7407407407407407
61,0.8275862068965517
62,0.8461538461538461
63,0.7083333333333334
64,0.6842105263157895
65,0.7272727272727273
66,0.8076923076923077
67,0.8695652173913043
68,0.9523809523809523
69,0.9
70,0.9
71,0.8095238095238095
72,0.4090909090909091
73,0.65625
74,0.696969696969697
75,0.9642857142857143
76,0.9047619047619048
77,0.7058823529411765
78,0.7368421052631579
79,0.8928571428571429
80,0.7586206896551724
81,0.8571428571428571
82,0.9459459459459459
83,0.9333333333333333
84,0.8518518518518519
85,0.9333333333333333
86,0.7857142857142857
87,0.8666666666666667
88,1.0
89,0.9285714285714286
90,0.8333333333333334
91,0.8974358974358975
92,0.72
93,0.8571428571428571
94,0.9565217391304348
95,0.6896551724137931
96,0.5652173913043478
97,0.7916666666666666
98,0.6538461538461539
99,0.9130434782608695
16
7
91
43
14
92
6
89
13
85
96
27
81
63
59
10
78
73
53
17
27
43
10
54
94
79
68
99
69
64
83
41
23
12
47
20
87
90
47
26
83
67
20
20
7
83
27
45
68
93
86
12
69
45
99
1
62
16
26
58
88
97
88
19
34
23
19
48
91
48
58
16
63
75
4
4
32
15
98
32
14
87
38
12
8
45
92
31
62
61
89
92
99
83
26
85
28
37
54
30
95
7
59
24
94
7
94
94
11
42
65
47
40
38
4
80
82
46
75
93
74
34
25
85
30
74
22
95
81
92
91
52
18
44
92
65
69
84
0
43
48
67
62
89
83
18
37
19
8
68
64
3
83
70
86
0
95
51
58
4
89
90
90
61
41
77
52
66
68
80
4
46
25
74
35
50
88
14
75
53
3
5
98
82
7
87
61
7
91
1
5
37
72
41
94
33
67
39
39
23
6
31
63
71
67
45
10
46
74
49
77
65
50
98
40
85
36
3
41
47
54
87
37
75
74
71
14
24
9
78
57
83
45
28
85
32
89
22
85
39
7
25
98
36
70
70
49
70
87
77
41
65
97
36
83
82
77
11
7
74
80
2
9
26
40
36
91
91
99
73
40
83
42
62
90
50
82
24
38
16
40
39
7
63
10
51
96
77
29
66
53
30
84
27
5
10
53
74
3
15
15
44
25
66
77
55
48
95
72
64
77
3
13
18
92
55
13
74
29
87
91
61
75
58
71
70
98
52
94
89
90
56
57
43
60
89
30
59
78
6
80
80
54
83
60
76
54
12
14
26
9
81
85
32
63
43
73
87
44
54
99
70
8
12
65
80
48
17
39
53
66
48
5
88
89
80
46
37
40
91
16
27
33
16
89
5
76
83
74
85
24
93
32
76
45
5
52
46
72
40
58
84
6
91
38
35
66
7
79
0
23
14
80
86
75
45
6
22
33
76
52
81
49
22
34
45
48
7
30
35
1
23
3
22
5
80
93
27
5
79
92
53
54
63
18
84
22
8
59
8
88
62
29
30
73
2
33
39
63
61
45
83
58
73
18
84
4
5
53
18
23
29
85
34
97
16
86
26
95
45
10
0
3
98
44
86
62
29
85
82
91
82
17
27
58
12
26
54
28
58
79
1
33
99
10
3
33
23
91
73
1
1
35
32
19
88
11
29
56
0
54
61
20
13
17
53
89
18
81
6
96
41
26
26
25
60
22
73
4
47
24
79
78
17
7
0
87
26
73
14
56
18
12
54
80
79
8
43
39
51
40
53
98
4
31
8
57
33
7
35
6
94
86
65
22
16
63
57
2
38
88
55
58
27
36
13
91
84
9
89
9
65
85
70
52
7
2
59
79
70
34
97
16
49
18
55
70
27
38
34
61
69
37
27
24
3
78
72
33
2
1
84
22
86
4
91
13
90
68
60
84
0
34
70
32
92
14
49
35
86
3
89
78
15
66
35
50
12
41
31
5
93
84
26
74
39
50
57
54
11
67
44
66
60
79
58
82
67
98
89
28
55
95
76
60
76
91
37
2
3
62
43
91
48
27
34
42
34
53
3
28
8
40
44
96
61
60
73
61
26
63
97
49
92
92
78
55
39
18
20
55
0
85
65
33
23
74
95
81
58
30
60
21
62
19
87
47
79
90
75
27
15
41
39
99
46
94
45
91
36
77
3
75
62
94
61
50
38
12
1
0
30
84
98
29
7
18
48
89
91
84
74
62
19
40
29
30
61
86
96
96
98
25
14
28
75
11
81
22
73
79
5
88
56
81
31
84
69
30
6
68
70
12
4
7
63
3
60
5
14
48
83
0
70
38
26
24
69
16
9
42
41
39
27
0
70
85
9
43
79
77
75
74
80
42
45
8
0
36
89
51
46
69
56
42
22
71
98
55
40
16
0
21
2
1
64
47
43
92
3
68
44
1
25
96
46
47
90
2
28
37
61
31
14
4
92
38
93
28
39
18
41
44
49
1
11
19
91
82
4
60
34
56
19
32
74
76
99
73
98
8
58
93
87
35
24
22
43
52
6
4
27
8
63
26
34
39
97
47
75
33
87
49
46
16
33
76
41
97
8
75
17
55
93
27
4
41
60
67
65
21
77
90
54
87
86
37
47
19
2
73
55
25
62
26
19
28
15
1
47
69
45
92
39
42
13
49
48
44
71
48
69
9
26
37
46
71
66
66
88
82
1
39
88
93
82
7
17
56
40
70
1
68
52
69
45
16
6
85
12
99
88
40
68
36
23
17
20
25
46
75
61
70
58
43
51
75
73
70
37
28
90
55
88
68
38
73
79
16
58
61
39
56
17
96
77
50
87
75
4
16
94
55
76
60
97
1
0
75
31
97
71
75
52
6
43
14
84
14
51
1
88
53
66
25
56
32
52
40
24
86
54
54
88
61
87
54
7
40
85
37
90
22
86
77
79
94
45
0
39
89
82
41
87
91
73
4
62
72
35
63
46
28
38
72
70
13
7
15
24
76
98
67
79
15
47
47
93
73
81
26
70
95
60
70
2
82
66
34
6
65
62
74
31
36
88
59
48
79
50
55
83
66
68
74
64
16
61
16
84
18
29
63
53
9
7
3
74
15
1
67
96
1
84
69
81
10
33
80
68
30
8
3
81
45
18
77
35
20
72
5
53
34
27
93
18
44
93
37
91
11
31
69
47
86
95
85
80
1
82
79
66
77
58
31
42
23
90
6
83
19
51
80
23
64
61
16
51
99
28
19
63
7
97
78
34
90
13
50
17
28
29
10
61
83
83
53
73
7
59
82
34
15
68
68
34
82
75
37
8
94
16
24
21
8
96
53
49
63
85
27
32
96
20
29
43
69
94
26
82
23
91
34
48
23
53
5
0
59
83
69
73
50
12
42
61
21
65
88
28
15
24
1
77
67
82
5
64
51
59
79
70
46
1
59
87
60
88
76
45
15
7
1
35
94
79
7
71
26
3
60
73
9
75
5
27
27
96
38
12
45
36
40
47
35
27
85
30
92
51
79
89
99
86
15
29
63
66
62
80
24
57
43
78
49
99
95
93
55
71
78
86
64
19
54
62
55
17
98
21
32
57
99
11
6
92
82
82
94
95
81
96
77
33
67
31
60
79
74
63
62
82
36
68
31
47
75
77
29
94
27
70
95
32
38
67
37
2
65
40
53
87
95
53
42
43
89
69
93
81
40
71
31
33
73
75
85
47
97
92
13
24
46
62
92
53
46
66
45
48
94
61
40
60
37
98
59
52
44
57
4
83
89
71
68
96
46
58
98
22
62
52
2
58
77
96
86
33
13
69
97
14
51
2
63
45
58
42
6
75
81
99
28
36
57
88
25
38
71
47
53
48
79
59
29
82
90
26
81
17
14
69
25
32
39
1
89
4
67
99
28
98
88
20
42
18
71
48
69
18
41
6
39
19
15
37
77
48
57
89
67
79
38
23
21
96
11
41
84
30
13
30
98
15
83
59
77
4
41
8
19
54
4
68
9
91
67
19
40
71
77
38
9
82
3
76
20
71
42
94
66
72
45
25
61
36
4
14
10
60
77
62
85
88
16
67
93
23
33
88
18
58
51
83
23
85
56
20
79
20
30
47
19
27
98
67
26
0
56
47
57
59
83
29
98
3
30
9
77
43
15
55
77
19
73
79
7
89
4
61
50
30
39
45
19
17
9
17
28
45
28
81
83
49
63
60
12
2
77
11
3
46
15
84
19
66
70
62
34
94
30
19
18
99
33
90
16
47
4
24
71
3
19
14
23
68
1
81
61
90
21
57
22
87
82
12
38
10
93
77
84
41
64
76
25
91
94
42
79
19
76
87
18
51
1
50
37
6
45
23
0
55
91
48
95
48
45
54
69
14
68
56
86
80
69
67
71
5
50
60
79
0
44
55
98
80
2
32
92
61
69
97
13
30
27
74
8
17
42
91
11
36
69
80
57
84
76
85
3
91
79
76
13
8
92
69
82
7
73
89
74
42
39
26
80
32
15
50
16
70
94
60
91
83
62
85
48
33
11
5
2
7
75
75
4
31
72
17
89
92
19
36
22
67
83
63
2
92
37
2
99
77
56
22
84
14
71
94
44
12
41
52
91
85
43
82
40
97
42
96
47
22
1
11
78
72
93
85
12
63
65
25
44
2
22
44
59
2
54
35
56
75
52
76
20
48
97
9
25
38
5
3
35
43
84
18
6
9
72
38
82
75
15
29
11
20
95
3
46
74
44
83
91
74
86
86
74
58
36
90
8
49
65
40
61
14
37
0
58
96
1
10
59
21
60
89
82
61
80
52
65
55
32
77
69
26
42
79
11
20
38
52
15
7
65
63
56
26
29
3
79
39
30
99
5
8
38
52
40
58
54
82
3
82
93
70
27
21
17
56
64
74
1
92
61
85
78
58
10
53
74
47
5
34
81
64
77
30
66
63
45
95
46
44
45
87
63
87
26
41
70
72
21
32
90
36
85
3
87
21
87
71
83
27
74
1
8
93
98
61
88
90
10
83
55
41
34
24
74
49
12
28
74
44
58
45
87
79
32
14
47
31
77
52
69
71
25
67
81
2
54
67
17
21
1
88
21
77
95
91
12
15
82
22
16
66
18
48
44
29
73
27
81
63
53
23
81
86
78
71
28
75
46
83
79
16
8
77
22
81
87
83
65
62
49
70
57
77
18
40
91
23
13
80
6
42
35
30
55
11
94
41
36
52
12
43
86
97
53
50
97
95
61
20
22
57
25
71
72
68
20
49
67
87
16
41
66
27
87
51
45
15
42
6
85
8
2
25
45
5
71
56
99
67
78
2
76
50
30
53
91
81
65
92
23
46
95
40
30
62
11
23
78
96
67
50
8
15
4
80
27
60
7
54
48
16
57
94
30
92
43
62
58
19
23
38
65
47
95
48
99
86
53
89
11
52
58
54
85
74
66
82
72
98
43
81
34
47
52
40
53
45
8
83
3
90
87
28
53
27
59
4
33
92
89
44
12
55
89
98
78
82
91
31
91
47
9
73
69
36
24
91
95
37
61
83
69
11
15
76
34
61
90
98
94
24
39
1
33
90
55
7
39
15
99
3
41
66
80
27
45
4
32
5
45
9
44
33
8
35
24
59
65
11
38
23
39
25
97
97
25
47
29
56
98
82
41
38
51
79
19
18
95
64
78
96
49
64
40
36
97
40
45
49
62
10
37
4
79
81
91
5
87
3
50
80
86
89
17
12
80
21
24
32
40
13
98
37
21
76
14
59
49
30
49
80
51
66
87
38
63
53
98
48
24
13
31
29
84
46
61
24
34
46
45
99
27
51
91
0
63
50
57
4
60
90
86
9
98
92
99
77
57
47
2
70
69
69
32
79
93
58
0
20
7
85
82
79
58
95
58
75
85
38
70
44
97
46
53
37
30
28
86
50
24
34
95
1
2
36
47
99
55
85
0
23
64
82
62
31
86
57
72
73
63
91
84
48
90
69
82
21
89
68
68
76
31
58
8
12
13
30
78
88
47
99
27
12
92
8
82
78
97
62
74
4
69
27
97
67
56
18
77
72
95
54
0
45
16
73
29
33
79
86
19
97
4
9
57
89
14
25
26
49
11
14
80
83
3
27
30
52
74
29
52
90
14
77
4
7
75
27
16
30
90
83
14
51
42
70
