overall_acc,0.7888
loss,[10.929015062255859, 6.255610760498047, 4.209570782775879, 3.2606308378601074, 2.823809680557251, 2.6015432717132567, 2.493812680206299, 2.4234143912506103, 2.3894515837097168, 2.3567928944396974, 2.3454379207611082, 2.330401187744141, 2.3190388689422607, 2.3129035760498047, 2.301206170501709, 2.3073280831909178, 2.2953709967041016, 2.305220203933716, 2.296697389450073, 2.2985945533752443, 2.2962389350891113, 2.31635056388855, 2.316202999191284, 2.3028940883636473, 2.312452933731079, 2.3107430416870116, 2.3234069968414306, 2.316400435409546, 2.3288554610443115, 2.3361885399627687, 2.3390224531555175, 2.348049789505005, 2.350585849838257, 2.352192724456787, 2.368230335922241, 2.3703153482818604, 2.3755801342010496, 2.3857626001739503, 2.3986604860687257, 2.4081396290588377, 2.409586131286621, 2.416179577484131, 2.4325126441955565, 2.4340766886901855, 2.4434462842559816, 2.448050034408569, 2.4529819116973877, 2.473138639907837, 2.472039334564209, 2.4713009587097168, 2.490236997680664, 2.492433883972168, 2.499327349395752, 2.5051356259155275, 2.500907788772583, 2.520418224411011, 2.5141495083618164, 2.527176181945801, 2.510649093704224, 2.5272062800598145, 1.9999883973312378, 1.6362316577148437, 1.424634925918579, 1.2825811442565918, 1.1891200930404664, 1.135943259048462, 1.10483477394104, 1.0923397622299194, 1.0906815808868409, 1.1025368681716918, 1.0872138860702514, 1.0970215285110474, 1.1003181814575196, 1.106832089767456, 1.1162761923980713, 1.1099489946746826, 1.115455696144104, 1.1166778786849976, 1.1328515724945067, 1.1294499202728272, 1.1361332378005982, 1.1385916625976562, 1.149906103515625, 1.1457872974014283, 1.1470132009506226, 1.15300152179718, 1.167509165802002, 1.1533270070648194, 1.1617895249938965, 1.1642591665649413, 1.1708033477020263, 1.1684653817367554, 1.1784315037918092, 1.1876627512359619, 1.1819702381515502, 1.1777890548324585, 1.186103572845459, 1.187330804977417, 1.193618080444336, 1.1992574503326416, 1.1931131178665162, 1.1989744624328613, 1.206506328086853, 1.199720364112854, 1.2043540839767457, 1.2053056848144532, 1.2047067514419556, 1.2130377490615845, 1.2070526190567017, 1.2141047941970826, 1.2322120721054077, 1.2200312089538574, 1.2202664805221557, 1.2257106576156616, 1.2207000987625123, 1.2302056364822387, 1.2204785590744018, 1.2314761681365967, 1.2197756504821777, 1.2222454625701904, 1.083959209022522, 0.9954788636207581, 0.9564805964279175, 0.9237259173202514, 0.8935036722183227, 0.8642534784698487, 0.8382585979652405, 0.8124951734924316, 0.7867141668891907, 0.762780534248352, 0.7404263713073731, 0.7187117488670349, 0.6955878387069702, 0.6745777745628357, 0.6542894611549377, 0.6351532604789734, 0.6158406362533569, 0.597547084312439, 0.5795058762168884, 0.5622679054641724, 0.544698719444275, 0.5287834220314026, 0.5124333988189698, 0.49769336037635803, 0.4828281179714203, 0.4682026802635193, 0.4546589453601837, 0.44081527091979983, 0.4279969260120392, 0.4162527562427521, 0.4036852912807465, 0.3922326887321472, 0.38180536104202273, 0.37019232979774475, 0.3587614922904968, 0.34881490582466124, 0.3380681322956085, 0.32965452562332154, 0.3213027079200745, 0.31162151755332945, 0.30502070528030395, 0.3023683524417877, 0.3006157293796539, 0.2984764549160004, 0.2965055387210846, 0.2946331107521057, 0.29283605144500735, 0.2910620955657959, 0.28910590340614317, 0.2873559941101074, 0.28561194642066956, 0.28385592156410216, 0.2820878652000427, 0.28034875453948976, 0.2786405128002167, 0.27701173384666444, 0.2753455178451538, 0.2735462319946289, 0.2721006241130829, 0.27038658611297606, 0.26865254388809207, 0.2670336219215393, 0.26534868537902834, 0.26390961853027345, 0.262199596748352, 0.2607477740287781, 0.25920528856277464, 0.2575065860176086, 0.25592639832496644, 0.2546086480808258, 0.2528395335102081, 0.2513017555236816, 0.24986799835681917, 0.24840416449546815, 0.24677301784038544, 0.24536749514579773, 0.24378102695941925, 0.2423004729127884, 0.24102519959449767, 0.2394405786705017]
0,0.9565217391304348
1,0.967741935483871
2,0.8260869565217391
3,0.7586206896551724
4,0.7419354838709677
5,0.75
6,0.8260869565217391
7,0.8461538461538461
8,1.0
9,1.0
10,0.35
11,0.5238095238095238
12,0.8
13,0.6956521739130435
14,0.7777777777777778
15,0.875
16,0.9230769230769231
17,0.9523809523809523
18,0.6176470588235294
19,0.84
20,0.7777777777777778
21,0.8421052631578947
22,1.0
23,0.8076923076923077
24,0.8695652173913043
25,0.5833333333333334
26,0.8333333333333334
27,0.7916666666666666
28,0.88
29,0.7241379310344828
30,0.8518518518518519
31,0.68
32,0.6818181818181818
33,0.6206896551724138
34,0.88
35,0.5
36,0.9047619047619048
37,0.8421052631578947
38,0.7307692307692307
39,0.9565217391304348
40,0.75
41,0.9090909090909091
42,0.8695652173913043
43,0.9130434782608695
44,0.6086956521739131
45,0.631578947368421
46,0.5
47,0.782608695652174
48,1.0
49,0.8823529411764706
50,0.6818181818181818
51,0.7619047619047619
52,0.7
53,0.9310344827586207
54,0.9545454545454546
55,0.6190476190476191
56,0.7727272727272727
57,0.7142857142857143
58,0.8857142857142857
59,0.7083333333333334
60,0.7037037037037037
61,0.7586206896551724
62,0.7692307692307693
63,0.6666666666666666
64,0.5263157894736842
65,0.5
66,0.8076923076923077
67,0.6521739130434783
68,0.9523809523809523
69,0.9
70,0.9333333333333333
71,0.7142857142857143
72,0.45454545454545453
73,0.6875
74,0.5757575757575758
75,0.9642857142857143
76,0.8571428571428571
77,0.6764705882352942
78,0.7368421052631579
79,0.8214285714285714
80,0.7931034482758621
81,0.9523809523809523
82,0.9459459459459459
83,0.8333333333333334
84,0.8518518518518519
85,0.9666666666666667
86,0.8214285714285714
87,0.9
88,0.9523809523809523
89,0.8928571428571429
90,0.8333333333333334
91,0.8717948717948718
92,0.72
93,0.8571428571428571
94,0.9565217391304348
95,0.5862068965517241
96,0.6086956521739131
97,0.8333333333333334
98,0.7307692307692307
99,0.9130434782608695
16
7
91
43
14
92
6
89
13
85
96
27
81
63
59
61
61
18
53
17
27
43
10
54
25
79
68
31
69
64
83
41
49
48
47
20
87
90
52
26
83
51
20
20
7
83
27
45
68
93
86
12
60
73
99
1
62
44
26
58
88
64
88
19
34
23
19
48
73
48
58
16
63
80
71
4
32
72
98
32
14
87
38
37
8
45
92
31
62
61
89
92
78
83
26
85
28
37
54
30
95
7
59
24
94
7
94
94
11
42
65
52
40
97
55
80
82
46
75
51
74
34
5
85
30
74
22
95
81
92
44
52
6
44
92
65
69
84
0
43
48
67
62
89
53
44
58
19
8
68
3
3
83
70
39
0
86
51
58
19
90
90
81
61
41
66
52
66
68
80
43
46
25
66
35
50
88
14
75
53
3
5
98
82
7
87
61
7
91
1
5
17
72
41
94
33
67
8
39
23
16
31
63
71
67
45
10
46
74
49
77
26
50
4
51
55
36
3
41
47
54
87
37
75
4
71
14
92
9
44
57
83
45
28
52
63
89
22
85
39
7
25
98
57
70
70
49
70
87
77
41
31
97
36
83
82
77
11
7
93
80
2
9
91
40
36
91
27
99
73
76
83
42
62
90
50
82
24
38
16
40
39
7
63
10
51
96
77
29
66
53
30
84
44
5
91
53
74
72
15
15
44
25
66
77
55
48
73
66
65
77
3
13
18
92
55
13
95
29
91
91
61
75
58
71
70
98
52
94
89
90
56
57
43
60
81
30
59
78
6
80
80
54
99
23
76
54
18
14
26
9
81
85
32
63
43
73
87
44
54
99
70
8
90
65
80
41
17
39
53
66
48
5
97
5
66
87
37
41
91
16
27
33
16
89
5
69
83
74
85
24
72
32
76
33
5
52
11
21
40
58
84
6
91
63
98
66
41
79
0
23
14
15
86
75
45
6
22
33
76
52
81
49
22
34
45
74
7
30
2
1
23
3
22
5
80
93
27
39
79
62
53
54
63
18
84
26
8
59
8
88
62
29
30
73
2
33
39
63
22
45
83
58
73
18
84
4
5
2
18
23
29
85
88
42
16
86
26
95
45
97
0
87
32
44
86
54
29
85
82
91
82
17
80
17
12
26
54
28
58
79
1
45
30
16
3
33
23
91
73
1
1
98
1
19
88
11
29
56
0
54
61
7
13
17
53
89
18
81
6
47
41
26
26
25
60
22
1
4
47
24
90
78
17
7
0
87
26
73
14
56
55
12
54
80
79
8
43
39
61
40
53
98
4
31
8
57
33
29
35
6
94
94
10
22
16
63
57
2
4
88
27
58
27
36
13
91
84
9
89
9
64
85
70
59
93
2
52
79
70
34
97
99
49
18
55
70
27
38
34
61
69
37
55
24
15
78
51
63
35
1
84
22
86
55
91
13
90
68
60
84
0
34
54
32
92
14
52
35
28
3
89
7
15
66
35
50
12
41
31
34
93
84
26
74
44
50
57
54
35
73
44
66
60
79
58
82
67
98
89
28
55
95
76
60
76
91
37
2
3
62
43
91
48
27
34
33
34
53
21
28
8
40
44
47
61
60
73
61
26
66
66
49
92
92
6
57
87
18
20
4
0
85
75
69
23
66
95
81
58
73
60
21
92
19
87
47
79
90
75
73
15
41
39
99
48
94
45
91
36
77
30
75
92
94
61
50
38
12
1
0
30
84
98
29
7
18
48
87
91
84
63
62
31
40
55
30
22
86
47
59
98
20
14
28
75
11
81
22
73
79
5
88
56
81
15
84
69
30
6
68
70
81
74
7
80
55
60
5
14
48
83
0
70
38
4
24
69
16
9
42
41
39
27
0
70
85
9
43
79
77
75
74
80
42
62
8
0
36
89
4
46
69
56
42
22
71
98
72
40
16
0
21
2
1
27
47
43
83
75
68
18
1
13
96
46
47
90
2
28
37
61
31
9
4
92
38
93
28
39
6
41
44
49
1
11
19
91
82
4
60
34
56
19
32
74
76
99
95
98
8
58
93
87
35
24
35
43
47
6
4
27
8
63
26
34
39
97
96
75
33
87
49
11
16
33
76
41
97
8
75
17
55
93
44
4
41
60
30
19
21
77
90
54
87
86
37
47
75
2
73
55
25
62
26
19
28
15
9
52
17
45
92
39
42
13
49
48
44
71
48
69
9
43
16
46
71
66
66
88
82
1
39
88
93
82
14
17
56
40
70
54
68
52
69
45
16
62
85
12
99
88
40
68
36
60
17
94
25
46
75
61
70
58
88
51
75
73
70
37
28
90
55
88
68
38
73
7
16
58
61
39
56
17
33
77
50
87
75
4
16
94
55
76
60
97
1
0
75
31
55
71
75
52
6
43
14
84
14
51
1
88
53
66
5
59
32
52
40
24
86
54
54
88
61
87
54
24
10
85
17
90
22
86
77
79
94
45
0
39
89
82
41
87
91
73
4
62
55
98
77
46
28
38
27
70
13
7
15
24
76
98
51
79
15
47
47
93
67
81
26
70
95
60
70
11
82
81
34
6
65
62
74
31
36
88
47
48
79
38
15
57
66
68
97
64
16
63
16
84
18
29
84
57
9
44
43
74
15
1
59
96
1
84
69
81
10
33
80
68
30
8
3
13
26
18
55
11
28
72
5
53
34
27
93
6
44
93
85
77
46
31
69
47
57
95
85
80
1
82
2
66
44
58
31
42
23
90
18
83
31
51
80
23
64
61
5
51
99
28
19
63
29
97
78
34
27
13
74
17
28
29
10
61
83
83
53
73
7
59
82
34
15
68
68
34
82
75
37
8
94
16
24
21
8
96
53
49
63
85
27
32
96
20
29
43
69
94
26
92
23
91
34
48
23
53
5
0
59
57
69
73
27
12
42
61
21
65
88
28
15
24
1
77
67
82
5
64
51
59
79
70
46
1
59
87
60
88
76
45
19
7
1
35
94
79
20
71
26
55
60
73
9
75
5
74
14
96
38
56
45
80
40
47
35
7
85
30
92
51
79
87
99
86
15
29
63
66
62
80
24
57
43
78
49
99
95
93
72
12
78
86
64
4
92
62
77
17
98
21
32
57
99
11
6
1
82
82
94
95
81
96
93
33
67
31
60
26
90
63
62
82
36
12
31
47
75
77
29
94
27
70
95
32
38
67
37
26
36
40
53
87
95
53
42
43
89
69
93
81
40
71
19
33
91
75
85
47
97
70
13
19
46
62
92
53
35
66
45
48
94
10
69
60
42
98
59
52
44
57
4
83
89
71
58
52
32
58
98
22
62
52
2
58
77
96
86
33
58
69
97
14
51
2
4
25
58
42
6
75
81
99
28
50
57
88
25
38
23
47
53
48
79
59
29
82
90
26
81
17
14
69
25
32
39
74
89
4
67
78
28
98
88
20
42
18
71
48
69
18
48
6
39
19
15
37
2
48
15
89
73
79
38
23
21
96
11
89
84
30
58
95
98
55
83
59
77
4
41
8
19
54
4
68
9
91
67
29
40
71
57
38
9
82
3
76
20
23
42
94
66
72
29
25
61
36
50
14
10
60
77
62
85
38
16
27
93
23
33
88
18
58
51
83
23
85
96
20
79
20
30
56
19
4
40
18
26
0
56
47
51
52
83
51
7
3
23
9
77
43
15
3
77
19
73
79
24
29
4
61
64
30
39
14
19
17
9
17
28
45
28
12
41
49
63
71
12
2
77
35
3
46
15
84
19
66
70
62
34
94
30
11
42
99
33
90
16
56
4
24
71
3
19
14
23
68
45
81
10
90
21
0
22
87
82
12
38
10
93
77
84
41
36
76
25
91
94
42
79
19
76
87
18
51
1
50
37
6
45
23
0
55
91
89
95
48
45
54
69
56
68
56
25
80
12
67
71
39
50
60
79
0
44
55
46
80
2
32
92
61
69
97
13
30
27
74
8
17
42
91
8
36
69
50
57
84
76
59
3
91
79
76
13
8
92
69
82
7
73
89
55
42
39
45
80
32
15
50
16
70
94
96
91
83
62
85
48
96
11
5
2
44
75
75
4
31
72
17
89
70
19
36
22
67
83
63
2
62
37
98
99
77
56
22
84
14
71
94
44
12
41
52
91
85
43
82
40
97
42
96
47
22
1
6
78
31
93
85
12
96
65
25
44
2
86
44
59
2
54
98
56
75
52
76
20
48
97
9
90
38
5
3
50
43
84
18
6
9
72
38
14
75
15
29
35
20
95
3
87
74
14
83
91
74
86
10
44
58
36
90
8
49
65
40
1
14
81
0
58
96
1
61
59
21
60
89
82
61
80
52
65
55
32
77
69
26
42
79
46
20
38
52
15
7
65
63
96
26
29
3
79
39
30
99
5
8
67
47
40
58
54
82
3
82
93
70
99
21
17
56
64
74
1
92
61
85
78
58
10
53
74
47
5
34
81
14
77
30
66
27
35
95
46
42
4
87
72
87
26
41
70
22
21
32
90
36
85
3
87
21
87
71
53
27
74
1
8
93
98
61
88
13
10
83
55
85
34
24
74
49
76
28
75
78
58
45
87
79
67
14
47
3
77
52
69
71
25
67
81
98
54
67
17
21
1
88
21
77
95
91
12
15
82
22
16
66
5
1
29
31
73
27
81
63
53
23
81
86
99
71
28
75
46
62
26
16
8
7
22
81
87
83
65
62
49
70
57
63
18
40
91
23
13
80
6
42
66
30
55
35
94
41
36
52
12
43
86
97
53
50
64
3
61
20
22
57
25
71
72
68
20
49
67
87
16
41
66
27
87
51
1
15
42
6
85
8
2
25
45
10
27
56
99
67
65
2
76
50
30
53
91
81
65
92
23
11
72
40
71
62
11
23
78
96
67
36
8
15
4
80
27
60
7
54
48
16
57
94
30
92
43
92
58
19
23
38
84
96
95
48
99
86
53
89
11
52
58
54
85
74
72
82
72
95
43
81
34
47
47
40
53
45
8
83
3
90
40
28
53
27
59
4
33
92
89
44
12
55
89
98
78
82
91
31
91
47
9
73
69
36
26
91
95
37
61
83
69
11
3
76
55
78
90
98
94
24
86
1
33
96
55
7
39
15
39
3
41
66
80
27
45
4
32
5
45
9
93
33
11
35
24
59
65
11
38
23
39
25
97
66
25
47
4
56
98
82
41
38
51
45
19
18
73
64
78
96
49
64
40
36
97
40
96
49
62
10
49
4
79
81
91
5
87
3
50
80
86
89
17
12
80
4
6
32
25
13
98
37
21
76
14
59
49
30
33
80
51
66
87
38
63
53
4
48
24
13
31
29
84
46
61
24
34
98
45
99
27
51
91
0
72
50
57
4
60
90
86
9
46
92
99
77
57
14
2
70
69
69
91
79
93
58
0
20
7
85
82
79
58
95
58
3
85
38
70
29
97
98
53
37
73
28
86
50
24
31
95
1
2
36
59
99
55
85
0
60
64
82
62
31
86
57
72
73
38
91
84
85
90
69
82
21
89
68
68
76
31
58
8
37
13
30
78
88
47
99
42
12
92
8
82
78
97
70
74
4
69
31
97
32
56
18
77
72
95
54
0
45
16
73
29
33
6
86
19
97
4
9
57
89
14
5
26
49
11
14
80
83
3
27
30
52
74
29
59
90
14
77
4
7
75
27
16
30
55
83
63
51
42
70
