overall_acc,0.8
loss,[10.88349037109375, 6.26847584060669, 4.209444894180298, 3.2747853098297117, 2.8294754766082764, 2.6034141040039063, 2.4894315785217285, 2.4301651290893553, 2.3854515563201906, 2.366564617767334, 2.343690181350708, 2.3344165229034424, 2.3140309406280517, 2.314770855026245, 2.31447502532959, 2.3050311000823975, 2.309835124130249, 2.3016457703399658, 2.3094647235870363, 2.301173416442871, 2.3034653086853027, 2.3096121854400633, 2.3059522383880617, 2.3133910317230226, 2.308866085739136, 2.330468434829712, 2.3126986986541747, 2.3302495673370363, 2.333390920333862, 2.3430574429321287, 2.34157557472229, 2.351162199935913, 2.3624672793579102, 2.356248824234009, 2.3745145780944825, 2.3755226531982423, 2.384364432373047, 2.3997531942749024, 2.3905736708831786, 2.4011224423980715, 2.4105330990600584, 2.413743674468994, 2.4268275281524656, 2.4363952334594727, 2.438661187362671, 2.4516616999816896, 2.4609931228637696, 2.4783011053466795, 2.4663939874267578, 2.490202928161621, 2.4905005375671387, 2.4917206046295166, 2.5038386862182618, 2.50688176361084, 2.5251068793487548, 2.502183761138916, 2.5205754039001467, 2.5176478247070313, 2.5304320029449463, 2.537350757598877, 2.0133282008361815, 1.6438144757080078, 1.429082271232605, 1.297434568862915, 1.2013144041442871, 1.1475042779159546, 1.1143597535705567, 1.0996199306869507, 1.0951946957015992, 1.0985566454315185, 1.0995782670974732, 1.1032490585327148, 1.113582336883545, 1.1134516889953614, 1.109876407775879, 1.115885574836731, 1.1274335146331786, 1.1364547079467773, 1.132878751525879, 1.1413205492401124, 1.1428395373916627, 1.1477037428283692, 1.1551397789764404, 1.1683380088806152, 1.156559349975586, 1.166074366722107, 1.1644530410766603, 1.1711615671539306, 1.1835754537200929, 1.1756596000289916, 1.1804631388092042, 1.1879919287872314, 1.187723625717163, 1.193250830039978, 1.1911570379257201, 1.1915901364898682, 1.19159125705719, 1.1916483318328857, 1.1996045485305786, 1.2158847673034667, 1.207246091194153, 1.2133955303955077, 1.2058703044509889, 1.2182529877471924, 1.219883798789978, 1.2213831760025025, 1.2232438697814942, 1.2318426890563965, 1.2405682867050172, 1.2143912316513061, 1.2209148105621337, 1.232089878578186, 1.2318938621520996, 1.2353761339950562, 1.2238016478347777, 1.2213146057128905, 1.2375706690597534, 1.2330717716217041, 1.23323978351593, 1.2351415544891358, 1.091682553215027, 1.0025834077835083, 0.9640355795097351, 0.928980902748108, 0.898780402545929, 0.8714454337882995, 0.8434136189651489, 0.817854870262146, 0.7924032702445983, 0.768154132232666, 0.7447977423667907, 0.7224542045974731, 0.7004639707756043, 0.6793884223175048, 0.6587153353309632, 0.6395355077552796, 0.6198737251281738, 0.6014414291572571, 0.5831663502311707, 0.5658216505241394, 0.5485928491210937, 0.5323882871055603, 0.5165660397720336, 0.5007567140007019, 0.4859943967437744, 0.4714545579528809, 0.45839551303863524, 0.44403826232910154, 0.43084841797828677, 0.41815411590576174, 0.4053897948551178, 0.3933910514736176, 0.3820468221092224, 0.371332446565628, 0.3613478396034241, 0.3513458988571167, 0.34131884092330933, 0.33172198848724366, 0.32295373492240903, 0.31308180941581726, 0.3066035931396484, 0.304451541557312, 0.3022392213058472, 0.2999377872467041, 0.2983094707202911, 0.29648892654418946, 0.2945967503738403, 0.29276388863563535, 0.2908954732513428, 0.2892133108615875, 0.2872044678401947, 0.28554797338485716, 0.2838127291297913, 0.2821794978618622, 0.2802216535568237, 0.2787263198280334, 0.2766750675868988, 0.2752575152873993, 0.27345670168876646, 0.27192395919799806, 0.2705009770011902, 0.26864837779045103, 0.26687221084594726, 0.2653858749389648, 0.2638414759349823, 0.2621321854019165, 0.26059150540351866, 0.2590185431098938, 0.25734874650001527, 0.25598612285614014, 0.2544495744800568, 0.25297928354263305, 0.25137989248275755, 0.24990686434268952, 0.24837861992836, 0.2467998000907898, 0.2453550270652771, 0.24387419140815736, 0.2423395965242386, 0.24082916146278383]
0,0.9130434782608695
1,0.967741935483871
2,0.8695652173913043
3,0.7586206896551724
4,0.8387096774193549
5,0.8333333333333334
6,0.8260869565217391
7,0.8461538461538461
8,1.0
9,1.0
10,0.4
11,0.47619047619047616
12,0.8
13,0.6956521739130435
14,0.8888888888888888
15,0.8333333333333334
16,0.8461538461538461
17,0.9047619047619048
18,0.7352941176470589
19,0.8
20,0.8888888888888888
21,0.8947368421052632
22,0.9411764705882353
23,0.8076923076923077
24,0.8695652173913043
25,0.75
26,0.8333333333333334
27,0.9166666666666666
28,0.8
29,0.7241379310344828
30,0.7777777777777778
31,0.72
32,0.7272727272727273
33,0.6896551724137931
34,0.84
35,0.5454545454545454
36,0.8095238095238095
37,0.9473684210526315
38,0.8461538461538461
39,0.9130434782608695
40,0.8214285714285714
41,0.9090909090909091
42,0.8260869565217391
43,0.8695652173913043
44,0.4782608695652174
45,0.6578947368421053
46,0.4090909090909091
47,0.7391304347826086
48,1.0
49,0.8235294117647058
50,0.7727272727272727
51,0.6666666666666666
52,0.8
53,0.9310344827586207
54,0.9545454545454546
55,0.6666666666666666
56,0.9545454545454546
57,0.6071428571428571
58,0.9428571428571428
59,0.75
60,0.7037037037037037
61,0.8275862068965517
62,0.8846153846153846
63,0.6666666666666666
64,0.7368421052631579
65,0.6363636363636364
66,0.8076923076923077
67,0.6521739130434783
68,0.9523809523809523
69,0.8666666666666667
70,0.7666666666666667
71,0.8095238095238095
72,0.5454545454545454
73,0.71875
74,0.6363636363636364
75,0.9285714285714286
76,0.9047619047619048
77,0.7352941176470589
78,0.7894736842105263
79,0.8928571428571429
80,0.8275862068965517
81,0.8571428571428571
82,0.9459459459459459
83,0.7666666666666667
84,0.8148148148148148
85,1.0
86,0.75
87,0.9
88,0.9047619047619048
89,0.9642857142857143
90,0.8333333333333334
91,0.8461538461538461
92,0.64
93,0.8571428571428571
94,0.9565217391304348
95,0.6551724137931034
96,0.6521739130434783
97,0.7916666666666666
98,0.6153846153846154
99,0.8695652173913043
16
7
91
43
14
92
79
89
13
85
47
27
81
63
59
61
78
18
53
17
27
43
10
54
25
79
68
99
69
64
10
41
49
11
47
20
87
90
52
26
83
93
20
20
7
83
27
45
68
93
86
12
69
73
99
1
62
80
26
58
88
97
88
19
3
60
19
48
90
48
58
16
63
34
71
4
32
15
98
32
14
87
38
12
8
45
92
31
62
61
89
62
78
83
26
85
28
37
54
72
95
7
59
24
94
7
94
94
11
42
65
52
40
38
55
80
82
80
75
51
74
34
5
85
30
74
22
95
81
92
44
52
18
44
62
65
69
84
0
43
48
67
62
89
53
67
58
19
8
68
30
3
83
70
83
0
95
51
58
19
89
90
81
61
41
77
52
66
68
80
4
46
25
27
35
50
88
14
75
53
3
5
98
82
7
87
61
7
91
1
5
37
72
41
94
33
67
33
39
23
28
31
63
71
67
45
10
46
74
33
77
97
50
11
37
85
36
3
41
47
54
87
37
75
27
71
14
0
9
44
57
83
45
22
52
63
89
22
85
39
7
25
98
50
70
70
49
70
87
77
41
4
97
36
83
82
77
46
7
74
80
2
9
78
40
72
91
91
78
73
79
83
42
10
90
50
82
24
65
16
40
39
7
63
10
51
96
77
29
66
53
30
84
44
5
16
53
74
72
15
15
44
25
63
20
55
48
73
75
38
77
3
13
18
92
55
13
51
29
91
91
61
75
58
71
54
98
52
94
89
90
56
57
43
60
89
30
59
78
6
80
80
54
99
23
76
54
18
14
26
9
90
85
32
63
43
56
87
44
44
99
70
8
90
65
80
48
17
39
53
66
48
5
88
13
67
46
37
41
91
16
27
33
16
89
5
76
83
74
85
24
93
32
76
27
5
52
46
72
40
58
84
6
91
63
35
66
58
26
0
23
14
80
86
75
45
6
22
33
76
52
81
90
22
34
45
48
7
30
2
1
23
3
22
5
80
93
27
39
79
62
53
54
4
18
84
22
8
96
8
88
62
18
30
73
2
33
39
4
22
45
83
58
73
18
84
4
5
57
18
23
29
85
34
42
16
16
99
95
45
61
0
87
30
44
86
54
29
85
82
91
82
17
27
58
12
26
54
28
58
79
1
4
30
1
3
33
1
61
73
1
1
35
1
19
88
11
29
56
0
54
61
20
13
17
53
89
18
81
6
96
41
74
26
25
60
22
55
4
47
24
90
78
17
7
0
87
26
73
14
56
19
12
54
21
79
8
43
39
51
40
53
98
4
31
8
57
33
33
35
6
94
94
10
22
16
64
57
2
80
88
72
58
27
36
13
91
84
9
89
9
65
85
70
59
45
2
59
79
70
34
97
99
49
18
55
70
27
38
34
61
69
37
97
24
3
78
72
33
35
1
84
22
86
4
91
13
90
68
60
84
0
34
18
32
92
14
49
35
86
3
89
44
15
66
35
50
12
41
31
34
93
84
26
74
80
50
5
54
35
67
44
66
60
45
58
82
67
83
89
28
55
95
76
60
76
91
37
2
4
62
43
91
48
27
44
42
34
53
3
28
8
40
44
47
61
60
73
61
93
63
63
49
92
92
78
55
87
18
20
72
0
85
65
18
23
42
95
81
58
73
60
21
62
19
87
47
79
90
75
27
15
41
39
99
33
94
45
91
36
77
73
75
92
94
61
50
38
12
1
0
30
84
98
29
7
18
48
89
91
84
29
62
31
40
55
30
61
86
96
18
98
25
14
28
75
2
81
22
73
79
5
23
56
81
25
84
69
30
6
68
92
81
74
7
80
55
60
5
14
48
83
0
70
38
26
24
69
16
9
42
41
39
27
0
70
85
9
43
79
77
75
74
80
42
62
8
0
36
89
43
46
69
56
42
22
71
98
72
40
16
0
21
2
1
64
47
43
83
3
68
18
1
25
96
98
47
90
2
28
37
61
31
9
4
92
38
93
10
39
18
41
44
49
16
11
19
91
82
4
60
34
56
19
32
74
87
99
30
98
8
58
93
87
35
24
35
43
52
6
4
27
8
4
26
34
39
97
96
75
33
87
49
98
16
33
76
41
97
8
75
17
80
93
44
4
41
60
30
31
21
77
90
54
87
86
37
47
66
2
73
55
25
62
26
19
28
15
14
59
69
45
92
39
42
58
49
48
44
71
48
69
9
26
16
46
71
66
66
88
82
1
39
88
93
82
14
17
56
40
70
1
68
52
76
45
16
62
85
12
99
88
40
68
36
23
17
94
25
46
75
61
70
58
97
51
75
73
54
37
28
90
72
88
68
38
95
7
16
58
16
39
56
17
33
77
63
87
75
4
16
94
55
76
60
97
1
0
75
31
55
71
75
52
6
43
14
84
14
88
1
88
53
66
5
56
32
52
40
24
86
54
54
88
61
87
54
24
10
85
17
90
22
86
77
79
94
45
0
39
89
82
41
87
91
73
4
62
3
98
28
11
28
38
27
70
13
29
15
24
76
98
73
79
15
47
47
93
73
81
26
70
95
60
70
11
82
66
34
6
65
62
74
31
36
88
96
48
79
50
55
57
66
68
97
64
16
61
16
84
18
29
84
57
9
38
4
33
15
1
59
72
1
84
69
81
10
33
80
68
30
8
3
13
48
18
20
35
28
72
5
53
34
27
93
6
44
93
37
91
11
31
69
47
86
95
85
26
1
82
45
66
44
58
31
42
23
90
18
83
31
51
80
23
64
61
40
51
99
28
19
63
26
97
78
34
71
13
50
17
28
29
10
22
83
83
53
73
7
59
82
34
15
68
68
34
82
75
37
8
94
16
24
21
8
96
53
67
38
85
27
32
96
20
29
43
69
94
26
92
23
91
34
48
23
53
25
0
59
57
69
73
27
12
29
61
21
95
88
28
15
24
1
77
67
82
5
64
51
59
79
54
46
1
59
87
60
33
76
45
19
79
1
35
94
79
13
71
26
72
60
73
9
75
5
27
27
32
38
56
31
80
40
47
2
7
85
30
14
51
79
89
99
86
15
29
63
66
62
80
24
57
43
78
49
99
95
93
55
71
77
86
64
4
23
62
77
17
5
21
32
57
61
2
6
1
82
82
94
95
81
96
77
49
67
31
60
50
74
63
62
82
36
76
31
47
75
77
29
94
27
70
95
32
38
32
37
2
36
40
53
87
95
53
42
43
89
69
93
81
40
71
19
96
73
75
85
47
97
70
13
19
46
62
92
53
98
66
45
48
94
10
69
60
27
2
59
52
79
57
4
83
89
71
58
52
11
58
11
22
62
52
2
58
77
96
86
33
58
69
97
14
51
2
4
48
58
97
6
80
81
99
28
36
57
88
25
38
71
47
53
48
79
59
29
82
90
26
81
17
14
69
25
32
39
10
89
3
67
99
28
98
88
20
50
18
71
48
69
18
87
6
39
25
15
37
11
48
2
89
73
77
38
23
21
96
11
41
84
30
13
30
98
31
45
59
77
74
41
8
19
54
4
68
9
91
67
75
40
71
77
38
9
82
3
76
20
71
42
94
66
72
6
25
61
36
4
14
10
60
77
62
85
4
26
67
93
23
33
88
18
58
51
83
23
85
56
20
79
20
30
96
19
55
35
90
26
0
56
47
83
52
10
51
65
3
23
9
77
43
15
72
77
19
73
79
7
56
4
61
64
30
39
33
84
17
9
17
28
45
16
12
41
49
63
60
12
2
77
98
31
19
15
84
19
66
70
62
34
94
30
35
99
99
33
90
16
56
4
24
71
3
19
14
23
68
45
81
10
89
21
57
22
87
82
12
38
10
93
51
84
41
64
76
25
91
94
42
79
19
76
87
18
51
1
50
37
6
45
23
0
55
91
89
95
48
45
54
69
51
68
56
86
80
37
67
71
25
50
60
79
0
95
55
46
80
2
32
83
50
69
97
13
30
27
74
8
17
42
91
35
36
69
50
57
84
49
85
3
91
79
76
13
8
92
69
82
7
73
89
74
42
39
26
80
4
15
50
16
82
94
33
91
83
62
85
48
59
11
5
2
65
75
75
4
31
72
17
89
92
19
36
22
67
83
63
2
92
37
11
99
77
56
22
84
14
71
94
44
14
41
52
91
85
43
82
40
80
42
96
47
22
1
11
78
72
93
85
90
63
65
25
7
2
86
44
59
2
54
98
56
75
52
76
20
48
97
9
90
38
5
3
50
43
90
18
6
9
72
38
6
75
15
29
11
20
95
3
58
74
14
83
32
74
86
22
74
58
36
90
8
49
65
40
26
14
37
0
58
96
1
61
59
21
60
89
82
61
80
52
65
55
32
77
69
26
42
79
11
20
38
52
15
7
65
63
96
26
29
3
79
39
30
99
5
8
38
52
40
58
54
82
3
82
93
70
99
21
17
56
64
74
1
92
61
85
78
58
61
53
74
47
5
34
81
64
77
30
66
63
45
93
46
27
45
87
63
87
26
41
70
3
21
32
90
36
85
3
87
21
87
71
53
27
74
1
8
93
98
61
88
90
10
83
55
85
34
24
74
49
12
28
74
78
58
45
87
79
63
14
47
3
77
52
60
71
25
67
81
5
54
67
17
21
1
88
21
77
95
91
12
15
82
22
16
66
25
1
29
29
73
27
81
63
53
23
81
86
78
71
28
75
98
26
79
16
8
77
22
81
87
83
65
62
49
70
57
77
18
40
91
23
13
80
6
42
21
30
30
35
5
41
36
52
12
43
86
97
53
50
15
95
61
20
22
57
25
71
72
68
20
49
67
87
16
41
66
27
12
54
1
15
42
6
85
8
2
5
45
93
71
56
99
67
44
2
76
50
30
53
91
81
65
92
23
46
72
40
80
62
11
23
78
96
67
42
8
15
4
80
27
60
7
54
48
16
57
94
30
62
43
62
58
19
23
38
78
33
95
10
99
86
53
89
11
52
58
54
85
74
72
82
72
32
43
37
34
47
52
40
53
45
8
83
3
90
40
28
53
27
59
4
33
92
89
44
44
55
89
98
78
82
91
31
91
47
9
73
69
36
26
91
95
37
61
83
69
11
64
76
3
61
90
98
94
24
86
1
33
27
55
7
39
15
99
3
41
66
80
27
45
55
32
5
45
9
44
33
28
30
24
59
65
11
38
23
39
25
97
84
46
47
29
56
98
82
41
38
51
79
19
18
95
64
78
96
49
64
40
36
97
40
93
49
62
28
56
4
79
81
91
5
87
3
50
80
86
89
17
12
80
46
6
32
40
13
98
37
21
76
14
59
49
30
49
80
51
66
87
38
63
53
4
48
24
13
31
29
84
46
61
24
34
98
45
99
27
51
91
0
72
50
57
74
60
90
86
9
46
1
99
77
57
14
2
70
69
69
32
79
93
58
83
20
7
85
82
79
58
72
58
74
85
14
70
44
97
46
53
37
73
28
43
50
24
31
95
1
2
36
59
99
55
85
0
71
64
82
62
31
86
5
72
73
4
91
84
85
90
69
82
21
89
68
68
76
31
58
8
37
13
95
78
14
33
99
42
12
92
8
82
78
97
70
74
4
12
29
97
27
56
18
80
72
95
54
0
45
86
73
29
33
6
86
19
97
4
9
57
89
18
5
26
49
11
14
80
83
21
27
30
59
74
29
59
90
14
77
63
7
75
27
16
30
50
83
14
51
42
70
