overall_acc,0.7972
loss,[10.887667942199707, 6.264112210845947, 4.213854637451172, 3.273379843826294, 2.8260786656951904, 2.600532043457031, 2.4881053647613527, 2.431548133163452, 2.392667875137329, 2.360086725997925, 2.352422016067505, 2.3356963034820555, 2.3168611549377442, 2.3210797946929933, 2.311090971298218, 2.31200409362793, 2.3030428105163576, 2.3061732242584227, 2.297684357147217, 2.305625591125488, 2.3197878924560547, 2.313420516662598, 2.306380202636719, 2.324055542449951, 2.309337283935547, 2.31802635017395, 2.327132001876831, 2.3211211598205566, 2.331183366088867, 2.3328969384765625, 2.349914077301025, 2.3556846110534666, 2.3528527400207517, 2.3710044788360594, 2.3839742082214355, 2.390909867477417, 2.3913575192260743, 2.403130327682495, 2.4106873985290527, 2.421916841583252, 2.4221667385864256, 2.447861477584839, 2.4403053971099853, 2.4576542137908937, 2.4574318338012695, 2.47473201461792, 2.4737751919555664, 2.4874150215911865, 2.491447306213379, 2.4949983197021486, 2.511290708999634, 2.5094792042541503, 2.5228308960723878, 2.514125608215332, 2.5201620928955077, 2.5390740978240967, 2.5336571784210205, 2.5525350695037843, 2.5530235744476317, 2.5492847890472414, 2.03340833732605, 1.6548699254226684, 1.4462460422897339, 1.3034487826538086, 1.2038442231369018, 1.1421458375167848, 1.1129975860977173, 1.0980297623062134, 1.086016794052124, 1.0967141122055053, 1.1060331187820434, 1.0950912707519531, 1.1042845936203003, 1.107913552093506, 1.100417117729187, 1.1200646817398072, 1.1321742624664306, 1.1273570288085937, 1.1308641318893433, 1.1306734994506835, 1.1534183346557618, 1.1528500387573242, 1.1569132173919678, 1.1568876571655273, 1.16361104347229, 1.1654487223434449, 1.1684623164367676, 1.1675948271942138, 1.1835882611465454, 1.17241023147583, 1.176710276374817, 1.1815995350646973, 1.1907874897003174, 1.1846437687683105, 1.1897503559112548, 1.1996543655776977, 1.198944133796692, 1.190464037475586, 1.1884168403244018, 1.1948987923049927, 1.1985083922958375, 1.2034114877319335, 1.2026544919967652, 1.2099451612091063, 1.201386278076172, 1.218673331489563, 1.2144141763687133, 1.2162985766220094, 1.2122709350204468, 1.2237609882354736, 1.2269732257080077, 1.2162435572814942, 1.225520369720459, 1.2258789900207518, 1.2218549472045899, 1.2353637635803223, 1.2302382506942748, 1.2362627257919312, 1.235344592628479, 1.2212999531555175, 1.0872525342178345, 0.9982511479187012, 0.9598372138595581, 0.9256225438308716, 0.8943537717628479, 0.8661406116294861, 0.839779248714447, 0.8141037806892395, 0.7890977107048035, 0.7643435752487182, 0.7409081874465943, 0.718975066204071, 0.6966757316398621, 0.675350318813324, 0.6550590062713623, 0.6355044868278503, 0.6164402452659606, 0.5978227931404114, 0.5806164492416381, 0.5631591185951232, 0.5456650454521179, 0.5295064482498169, 0.5134225688743591, 0.4989663747596741, 0.4839930044746399, 0.46951096709251405, 0.4556386261844635, 0.44173180483818053, 0.42855607612609864, 0.41709698682785035, 0.40371756134986875, 0.39160885667800904, 0.37953167390823367, 0.3689345682144165, 0.3582929614543915, 0.3479515612792969, 0.3377953052330017, 0.3286062219238281, 0.3194069974899292, 0.31206026379585267, 0.30541557654380797, 0.30236772377967835, 0.30030579604148866, 0.29804233384132384, 0.2962538374710083, 0.29429350695610046, 0.29235474513053894, 0.2904519008731842, 0.2887671751976013, 0.2870705008125305, 0.28525619103431704, 0.2834347246170044, 0.28170888951301576, 0.28001881901741027, 0.2783864399242401, 0.276761723947525, 0.27501282422065737, 0.2733784985256195, 0.27162673796653747, 0.27005573457717896, 0.26840845638275146, 0.26672995807647704, 0.26509658312797546, 0.26347822199821475, 0.2618245287322998, 0.2602281343269348, 0.25879335414886473, 0.2571436412334442, 0.25559380276679994, 0.25402681588172915, 0.25266016820907594, 0.25108979372978213, 0.24947929280757905, 0.24804183575630187, 0.24654632387161254, 0.24501677660942078, 0.24366071206092835, 0.24211701169490815, 0.24054329175472258, 0.23916786791801453]
0,0.9565217391304348
1,0.9354838709677419
2,0.9130434782608695
3,0.7241379310344828
4,0.8387096774193549
5,0.7083333333333334
6,0.8695652173913043
7,0.8076923076923077
8,1.0
9,0.8947368421052632
10,0.4
11,0.5238095238095238
12,0.85
13,0.5652173913043478
14,0.7777777777777778
15,0.875
16,0.8846153846153846
17,0.9047619047619048
18,0.6470588235294118
19,0.76
20,0.8333333333333334
21,0.8947368421052632
22,0.9411764705882353
23,0.7692307692307693
24,0.782608695652174
25,0.7083333333333334
26,0.8333333333333334
27,0.9583333333333334
28,0.76
29,0.7586206896551724
30,0.8888888888888888
31,0.72
32,0.7272727272727273
33,0.5517241379310345
34,0.92
35,0.5454545454545454
36,0.8571428571428571
37,0.8947368421052632
38,0.7307692307692307
39,0.9565217391304348
40,0.7857142857142857
41,0.9545454545454546
42,0.8260869565217391
43,0.9565217391304348
44,0.5217391304347826
45,0.6578947368421053
46,0.6363636363636364
47,0.6956521739130435
48,1.0
49,0.8235294117647058
50,0.7727272727272727
51,0.7619047619047619
52,0.7
53,0.9655172413793104
54,0.9545454545454546
55,0.6666666666666666
56,0.9090909090909091
57,0.7142857142857143
58,0.9714285714285714
59,0.6666666666666666
60,0.8888888888888888
61,0.8275862068965517
62,0.7692307692307693
63,0.7916666666666666
64,0.6842105263157895
65,0.7272727272727273
66,0.9230769230769231
67,0.7391304347826086
68,0.9523809523809523
69,0.8333333333333334
70,0.8333333333333334
71,0.8095238095238095
72,0.5909090909090909
73,0.6875
74,0.48484848484848486
75,0.9642857142857143
76,0.9047619047619048
77,0.6176470588235294
78,0.7368421052631579
79,0.7857142857142857
80,0.7241379310344828
81,0.8095238095238095
82,0.9459459459459459
83,0.9
84,0.8888888888888888
85,0.9666666666666667
86,0.8214285714285714
87,0.9
88,1.0
89,0.8928571428571429
90,0.875
91,0.8461538461538461
92,0.72
93,0.7619047619047619
94,0.8695652173913043
95,0.6206896551724138
96,0.5217391304347826
97,0.7916666666666666
98,0.6153846153846154
99,0.9565217391304348
16
7
91
43
14
92
6
89
13
85
47
27
81
63
59
61
78
78
53
17
27
43
10
54
94
79
68
31
69
64
83
41
71
46
47
20
87
90
52
26
83
67
20
20
7
83
27
45
68
93
86
12
60
73
99
18
62
44
26
58
88
64
88
19
34
23
19
48
91
48
58
16
63
75
71
4
32
15
98
32
14
87
29
12
8
45
92
31
62
61
89
92
78
83
45
85
28
37
54
30
95
7
59
24
94
7
94
94
11
42
65
52
40
97
4
80
82
46
75
51
74
34
25
85
30
74
22
95
81
92
27
52
18
44
92
65
69
84
0
43
48
67
62
89
53
67
81
19
8
68
3
3
53
70
39
0
95
51
58
72
89
90
81
61
41
66
52
66
68
80
43
46
25
66
35
50
88
7
75
53
3
5
2
82
7
81
61
7
91
1
5
37
72
41
94
33
67
79
39
23
28
31
63
71
67
45
84
35
74
33
77
65
50
55
51
72
36
3
41
96
54
87
37
75
55
71
14
0
9
44
57
83
45
22
47
42
89
22
85
39
7
25
98
24
70
70
49
70
87
89
55
27
97
36
83
82
79
11
7
26
80
2
9
26
40
54
32
91
99
73
69
83
42
10
90
50
82
24
65
16
40
39
7
63
10
51
96
51
29
66
83
30
84
44
5
91
53
74
72
15
15
80
5
66
77
55
48
73
63
64
77
3
13
18
92
55
13
73
29
91
91
61
75
58
71
70
46
52
94
89
90
56
57
43
60
13
30
59
78
6
80
80
54
99
60
76
92
18
14
26
9
90
85
32
63
43
73
87
18
54
99
70
8
90
65
80
90
17
39
53
66
48
5
88
8
27
87
37
40
91
16
27
33
16
89
5
76
83
74
85
24
72
32
76
45
5
52
46
27
40
58
84
54
91
63
46
66
25
79
0
23
14
15
86
75
45
6
22
33
76
52
41
90
22
34
45
48
7
30
11
1
23
3
22
5
80
93
27
86
79
92
53
54
29
18
84
66
8
59
8
88
62
29
30
73
2
33
39
4
22
45
83
58
73
18
84
4
5
2
18
23
29
85
34
64
16
16
76
95
45
97
0
87
11
44
86
62
29
85
82
91
82
17
43
58
12
26
54
28
58
79
1
45
99
61
3
33
23
91
73
1
1
98
1
19
88
11
29
56
0
54
61
20
5
17
53
89
18
81
6
96
41
26
26
25
60
22
93
4
87
24
90
74
17
7
0
87
26
73
14
56
44
12
54
21
79
8
43
39
61
40
53
98
4
31
8
57
33
29
35
6
94
86
65
22
16
42
57
46
64
88
72
58
27
36
13
91
84
9
89
9
65
85
70
59
7
2
59
79
70
34
97
99
49
18
55
70
64
38
34
61
69
37
55
24
3
78
51
63
35
1
84
22
86
4
91
13
90
68
60
84
0
34
54
32
92
14
49
35
86
3
89
6
15
66
35
50
12
41
31
34
93
84
26
74
78
50
57
54
11
67
44
66
60
26
58
82
67
22
89
28
55
95
76
60
76
91
37
2
4
62
43
91
48
63
34
42
34
53
3
28
8
40
44
96
61
60
73
61
26
63
63
49
92
92
6
72
68
18
20
21
0
85
75
18
23
27
95
81
58
73
60
21
14
19
87
47
79
90
75
30
15
41
39
99
46
94
45
91
36
77
73
75
92
94
61
50
38
12
1
0
30
84
98
29
7
18
48
87
91
84
63
62
31
40
72
30
10
86
96
18
98
25
14
28
75
11
81
61
44
79
5
88
56
81
15
84
69
30
6
68
70
12
74
7
80
55
60
5
14
48
83
0
70
38
4
24
69
16
9
42
41
39
27
0
70
85
9
43
79
77
75
74
80
42
45
8
0
36
89
43
46
69
56
42
22
71
98
72
40
16
0
21
2
1
63
47
43
83
75
68
18
1
25
96
46
47
90
2
28
37
61
31
14
4
92
38
93
28
39
18
41
44
49
70
11
19
91
82
4
60
34
56
19
32
50
16
99
49
98
8
58
93
87
35
79
35
43
47
6
4
27
8
63
26
34
39
97
37
75
33
87
49
46
16
33
76
41
97
8
75
17
55
93
27
4
41
60
30
65
21
53
90
54
87
86
37
47
66
2
73
55
25
62
26
19
28
15
14
96
69
45
92
39
42
58
49
48
44
71
48
69
9
26
16
11
71
66
66
88
82
1
39
88
93
82
7
17
56
40
70
1
68
52
81
45
16
62
85
12
99
88
40
68
36
60
17
87
25
46
75
61
70
58
97
51
75
73
54
37
28
90
55
88
68
38
73
7
16
58
61
39
56
17
18
77
63
87
75
4
86
94
55
76
60
97
1
0
75
31
55
71
75
52
6
43
14
84
14
51
1
88
53
66
5
56
32
52
40
24
86
54
54
88
61
87
54
24
10
85
17
90
22
86
77
79
94
18
0
71
89
82
41
87
91
73
4
62
55
98
10
11
28
38
27
70
13
20
15
24
76
98
51
79
15
47
47
93
73
81
26
70
95
60
70
2
82
66
34
6
65
62
74
31
36
88
52
48
79
50
20
83
66
68
4
64
16
61
16
84
18
29
10
53
9
77
43
74
15
1
96
96
1
84
69
81
10
33
80
68
30
8
3
81
26
18
29
35
28
72
5
53
34
27
93
18
44
93
37
14
46
31
69
47
57
30
85
80
1
82
45
66
83
58
31
42
23
90
6
83
66
51
80
23
64
61
40
51
99
28
19
63
10
97
78
34
90
13
50
17
28
29
10
61
83
83
53
73
7
59
82
34
15
68
68
34
82
75
37
8
94
16
24
21
8
96
53
49
38
85
27
32
96
20
29
43
69
13
26
34
23
91
34
48
71
53
5
0
59
57
69
73
27
12
42
61
21
65
88
61
15
24
1
77
67
82
5
64
51
59
79
70
46
1
59
87
60
88
76
45
19
7
1
35
84
79
9
71
26
30
60
73
9
75
5
72
27
96
38
56
71
36
40
47
2
77
85
30
14
51
7
13
99
86
15
29
63
66
62
80
24
57
43
78
27
99
95
93
55
12
78
86
50
4
23
62
50
17
98
21
32
57
99
2
6
1
82
82
94
95
81
96
93
49
67
31
60
99
64
63
62
82
36
60
31
47
75
77
29
94
27
70
95
32
50
29
37
2
65
40
53
87
95
53
42
43
89
69
93
81
40
71
31
33
73
75
85
47
97
62
13
19
46
70
92
53
46
66
45
48
94
10
69
60
27
35
59
52
44
57
4
83
89
71
58
96
46
58
35
22
62
52
2
58
77
96
86
33
58
69
97
14
51
2
63
67
58
97
6
75
81
99
28
50
57
88
25
38
71
47
53
48
79
59
29
82
90
18
81
17
14
69
25
32
39
62
89
66
67
99
28
98
88
20
42
18
60
48
69
26
21
6
39
38
15
37
80
48
15
89
67
79
38
72
21
96
11
41
84
30
58
30
50
31
83
59
77
64
41
8
19
54
4
68
25
91
67
3
84
71
57
38
9
82
3
76
20
60
42
94
66
72
6
25
61
36
4
45
74
60
77
62
27
66
16
67
93
23
33
88
18
58
51
83
23
85
56
20
7
20
30
47
19
27
98
18
26
0
56
47
83
52
83
44
98
3
73
9
77
43
15
72
77
19
73
79
7
69
4
61
64
30
39
4
19
17
81
17
28
45
16
13
83
49
63
71
12
11
77
98
80
46
15
84
19
66
70
62
34
94
30
35
44
99
33
90
16
56
4
24
71
3
19
14
23
68
10
81
10
90
21
0
22
87
82
12
38
10
93
14
84
41
64
76
25
91
94
42
79
19
76
87
18
51
1
50
37
6
45
23
0
55
91
48
95
48
45
54
69
82
68
56
87
80
47
67
49
25
50
60
69
0
44
55
46
93
2
32
92
50
12
97
13
30
27
74
8
17
42
91
35
86
69
65
57
84
76
85
21
91
44
76
81
8
92
69
82
7
73
89
66
42
39
45
80
4
15
50
16
62
94
71
91
83
62
85
48
59
11
5
2
67
75
75
4
31
72
17
89
92
19
64
22
67
83
63
2
62
37
35
99
77
56
22
84
14
71
94
44
12
41
52
91
85
43
82
40
97
42
96
47
22
1
35
78
72
93
85
18
63
65
25
7
2
86
44
59
2
54
35
56
75
47
76
20
48
97
9
81
38
5
3
36
43
84
18
6
9
72
38
6
75
15
29
35
25
95
3
58
74
78
83
91
74
86
28
74
58
36
90
8
1
80
55
1
14
37
0
58
96
1
61
59
21
60
89
82
99
80
52
65
55
32
77
69
26
42
79
46
20
38
52
15
7
65
63
52
26
29
3
79
39
30
99
5
8
38
52
40
58
54
82
3
96
93
70
99
21
17
56
64
74
1
92
61
85
78
58
10
53
44
47
5
34
81
64
77
67
66
63
35
93
46
27
45
87
63
87
26
41
70
91
21
32
90
36
85
3
87
21
87
71
53
27
74
1
8
44
98
61
88
90
10
83
37
85
34
24
74
49
12
28
4
78
58
45
87
79
67
14
47
3
77
52
60
71
25
67
81
2
54
67
17
21
1
88
21
77
95
91
12
15
82
22
16
66
25
1
29
29
73
27
81
63
53
23
81
86
78
71
28
75
35
62
79
16
8
7
22
13
87
83
65
62
49
70
57
63
18
40
91
23
13
80
6
42
66
30
72
35
94
41
36
52
12
43
86
97
53
50
97
95
61
20
22
57
25
71
72
68
20
49
67
87
16
41
66
27
12
51
1
15
42
6
85
8
2
25
45
93
71
56
99
67
32
2
76
50
30
53
91
81
65
92
23
2
72
40
30
62
11
23
78
96
67
36
8
15
4
80
27
60
7
54
48
16
57
94
30
62
43
92
58
19
23
38
40
47
95
22
99
86
53
89
2
52
58
54
85
74
72
82
72
95
43
81
34
47
52
40
53
45
8
83
3
90
87
10
53
68
59
4
33
54
89
44
12
55
89
98
78
82
18
31
91
47
9
73
69
36
57
91
95
37
61
83
69
11
4
76
79
82
90
98
94
24
39
1
33
74
55
77
39
15
99
3
41
66
80
27
45
55
32
5
45
9
44
33
65
11
18
56
65
11
38
49
39
25
97
58
25
47
72
56
98
82
41
38
51
79
66
18
95
64
78
96
49
64
40
36
97
40
32
49
62
10
56
4
77
81
91
5
87
3
50
80
86
89
17
12
80
4
6
32
40
13
98
37
21
76
14
59
49
30
60
80
51
66
87
38
63
53
4
48
24
13
31
29
84
46
61
24
34
98
45
99
27
51
91
0
72
50
57
4
60
90
86
9
32
92
99
77
57
14
2
70
69
69
32
79
77
58
0
20
7
85
82
79
58
72
58
55
48
55
62
29
97
46
53
37
73
28
86
50
24
34
95
1
2
36
47
99
55
85
0
71
64
82
62
31
86
57
72
73
63
91
84
85
90
69
82
21
89
68
68
76
31
58
8
37
13
30
78
88
47
99
42
12
92
8
82
78
97
62
50
4
90
29
97
67
56
18
77
72
95
54
53
45
16
73
29
47
6
86
19
97
4
9
57
89
44
5
26
49
11
18
65
83
3
27
30
52
74
29
52
90
14
77
4
7
75
27
16
30
90
83
67
51
42
70
