overall_acc,0.798
loss,[10.872496068878174, 6.2230430914306645, 4.183047678527832, 3.2576706797027586, 2.8205910514068604, 2.612288473434448, 2.486817483139038, 2.4224025092315675, 2.3912213930511474, 2.363008529891968, 2.348916587753296, 2.3292780904388426, 2.3259183708190916, 2.3184420984649656, 2.315836371154785, 2.3089025087738038, 2.3094616942214965, 2.301920027923584, 2.3058386640930175, 2.310445658798218, 2.3076023125457765, 2.3029729293060304, 2.3113812880706788, 2.3171843589782717, 2.32570783744812, 2.326813488235474, 2.3264367778015136, 2.3357483393096925, 2.3457378006744385, 2.3490694465637207, 2.3522346697998047, 2.3584709046173096, 2.3474960918426513, 2.375121346740723, 2.3747758678436277, 2.395525034942627, 2.3924303192138674, 2.40676895362854, 2.4155250839996336, 2.431386315460205, 2.433106931838989, 2.441570590209961, 2.466804811935425, 2.457443825912476, 2.4642592279052735, 2.4641818241119386, 2.4820498724365234, 2.4940599723815917, 2.4993397496795655, 2.5066146601104737, 2.4969998439788816, 2.5269196413421633, 2.508138274459839, 2.5259739123535154, 2.5334598985290526, 2.534065432281494, 2.5403792179870606, 2.535509646911621, 2.5460536788177492, 2.5550124954986573, 2.0368334328460693, 1.6639596689987182, 1.450862180366516, 1.3082799980545043, 1.2057582289886475, 1.1518001383972167, 1.1218982981491088, 1.1169527516555786, 1.0990004571533203, 1.1126137002563476, 1.1134867571640015, 1.1060769919967652, 1.1123823337554932, 1.1293393811416625, 1.127955412902832, 1.1377952659606934, 1.126974697151184, 1.1318888545989991, 1.1482658452224732, 1.1524682661437988, 1.1459004388046266, 1.1459801578521729, 1.160467793006897, 1.1485383571624757, 1.1684559382629394, 1.1735535925674438, 1.1630830145645141, 1.1716614054107666, 1.1807509466934205, 1.188489886894226, 1.1904599280166626, 1.199241404724121, 1.1999708909988402, 1.2010110256576538, 1.1916954706573486, 1.1992524080657958, 1.2006986966705322, 1.2164100243377685, 1.2149280360412598, 1.2033618584823609, 1.208439737739563, 1.2141279499816895, 1.2089397138977052, 1.2218379906845094, 1.2257748430252076, 1.2113396520614623, 1.222420895652771, 1.2230116101455688, 1.2401873882293701, 1.232196335067749, 1.2221250177383423, 1.2367310256958008, 1.2416664391326904, 1.2343810831832887, 1.2459283126449585, 1.242189239616394, 1.242576093788147, 1.2398601072692872, 1.2371980702209473, 1.2306045030212402, 1.0943389318466186, 1.0046369597816467, 0.9646948211669922, 0.9321469357490539, 0.9004463201904297, 0.8722675358390808, 0.8444215837860107, 0.8180006320953369, 0.7940237929344177, 0.7704098357963562, 0.7467162958335877, 0.7236113976669312, 0.7017340672302246, 0.6809184557914734, 0.660114083404541, 0.639880019416809, 0.6208803346443176, 0.6021049724006653, 0.5843123159599304, 0.5662637150001526, 0.5502942733192444, 0.533388356590271, 0.517210116596222, 0.5012821283054352, 0.4864990985488892, 0.4727083480167389, 0.4582844423007965, 0.4448228775024414, 0.4309204229927063, 0.41834086235046386, 0.40614285473823547, 0.39433832941055297, 0.3825796317768097, 0.3723182233333588, 0.36171763127326967, 0.35136153382301333, 0.3416883319473267, 0.3307021970176697, 0.32137447998046875, 0.31287784808158875, 0.30660752368927, 0.3041008665752411, 0.30176132165908814, 0.29987046397209166, 0.29805858424186704, 0.29619779598236085, 0.2942264870262146, 0.29253418286323546, 0.2906584170246124, 0.28875599040985106, 0.28714867678642275, 0.28541329354286193, 0.2836389503955841, 0.28199010939598085, 0.28018624890327454, 0.27849292142868043, 0.27675987790107726, 0.275063963136673, 0.27337729260444643, 0.2717813156890869, 0.2700573023033142, 0.268404382686615, 0.2669221108818054, 0.2651970310211182, 0.26355880262374876, 0.2620119450092316, 0.26053059463500977, 0.2589689359664917, 0.25738020962715147, 0.25570455350875854, 0.25430882389068604, 0.2526888032054901, 0.2511834311914444, 0.24972078805923462, 0.2481528157043457, 0.24674705900192262, 0.24521148379325866, 0.24384104454040528, 0.2423060499048233, 0.2408308201789856]
0,0.9565217391304348
1,0.9354838709677419
2,0.782608695652174
3,0.7931034482758621
4,0.7741935483870968
5,0.7916666666666666
6,0.8260869565217391
7,0.9230769230769231
8,1.0
9,1.0
10,0.4
11,0.42857142857142855
12,0.85
13,0.6521739130434783
14,0.7777777777777778
15,0.8333333333333334
16,0.8846153846153846
17,0.9523809523809523
18,0.6764705882352942
19,0.88
20,0.8888888888888888
21,0.8421052631578947
22,0.9411764705882353
23,0.7692307692307693
24,0.8260869565217391
25,0.625
26,0.7916666666666666
27,0.7916666666666666
28,0.84
29,0.8275862068965517
30,0.7777777777777778
31,0.64
32,0.6818181818181818
33,0.5862068965517241
34,0.92
35,0.45454545454545453
36,0.8095238095238095
37,0.8947368421052632
38,0.8461538461538461
39,1.0
40,0.8214285714285714
41,0.9090909090909091
42,0.782608695652174
43,0.8695652173913043
44,0.6086956521739131
45,0.7105263157894737
46,0.4090909090909091
47,0.8260869565217391
48,1.0
49,0.7647058823529411
50,0.6818181818181818
51,0.7142857142857143
52,0.9
53,0.896551724137931
54,0.9545454545454546
55,0.5714285714285714
56,0.8181818181818182
57,0.8571428571428571
58,0.8571428571428571
59,0.6666666666666666
60,0.8518518518518519
61,0.8275862068965517
62,0.8461538461538461
63,0.75
64,0.7368421052631579
65,0.6363636363636364
66,0.8461538461538461
67,0.6521739130434783
68,0.9523809523809523
69,0.8666666666666667
70,0.8333333333333334
71,0.7619047619047619
72,0.5454545454545454
73,0.625
74,0.5757575757575758
75,0.9642857142857143
76,0.9047619047619048
77,0.7058823529411765
78,0.7368421052631579
79,0.7857142857142857
80,0.8620689655172413
81,0.8571428571428571
82,0.972972972972973
83,0.8666666666666667
84,0.8148148148148148
85,0.9666666666666667
86,0.8928571428571429
87,0.9
88,1.0
89,0.8928571428571429
90,0.8333333333333334
91,0.8974358974358975
92,0.64
93,0.8095238095238095
94,0.9565217391304348
95,0.6206896551724138
96,0.7391304347826086
97,0.8333333333333334
98,0.6153846153846154
99,0.8260869565217391
16
7
91
43
14
92
6
89
13
85
96
27
81
63
59
61
78
9
53
17
27
43
10
54
25
79
68
99
69
64
83
41
49
48
96
20
87
90
52
26
83
93
20
20
7
83
27
45
68
93
86
12
69
45
99
18
62
80
26
58
88
64
88
19
34
23
19
48
73
48
58
16
63
80
55
4
32
15
98
32
14
87
38
12
8
45
92
31
62
61
89
92
78
83
45
85
28
37
54
55
95
7
59
24
94
7
94
94
11
42
65
52
40
38
55
80
82
80
75
93
74
34
5
85
30
74
22
95
81
92
44
52
18
44
62
65
69
84
0
43
48
67
62
7
54
18
37
19
8
68
64
3
83
62
39
0
95
51
13
19
89
90
81
61
41
79
52
66
68
80
4
46
25
27
35
50
88
7
75
53
3
5
98
82
7
87
61
7
91
1
5
17
72
41
94
45
67
79
39
23
28
31
63
71
67
45
10
35
74
33
77
65
50
46
51
85
36
3
41
47
54
87
37
75
32
71
14
0
9
44
57
83
45
22
52
42
89
22
85
39
7
25
98
5
70
70
49
70
87
15
41
84
97
36
83
82
26
21
7
26
80
2
9
91
40
36
91
91
78
73
40
83
42
70
90
50
82
24
38
16
28
39
7
63
10
51
96
77
29
66
53
30
84
27
5
91
53
74
72
15
15
44
5
66
77
55
48
95
66
66
77
3
13
18
92
55
13
72
29
91
91
61
75
58
71
70
98
52
94
89
90
59
57
43
60
55
30
59
78
74
80
80
54
99
60
76
54
18
14
26
9
90
85
32
63
43
56
87
44
26
99
70
8
90
65
80
41
17
39
53
66
48
20
88
13
74
87
37
40
91
16
27
59
16
89
5
76
83
74
85
24
72
32
76
44
5
52
46
74
40
58
84
6
91
63
46
66
41
79
0
23
14
80
86
75
45
6
22
33
76
52
81
90
22
34
45
72
7
91
2
1
23
3
22
5
80
93
27
39
45
62
53
54
63
18
84
48
8
96
8
88
62
29
30
73
2
33
39
63
22
45
83
58
73
18
84
4
5
57
18
23
29
85
34
64
16
86
99
95
45
97
0
59
11
44
86
92
29
85
82
91
82
17
29
85
12
26
54
28
58
79
1
4
44
22
3
33
23
91
73
1
1
11
22
19
88
11
29
56
0
54
61
20
13
17
53
89
18
81
6
47
41
19
26
25
60
22
3
4
47
24
79
78
17
7
0
87
26
73
14
56
44
12
54
80
79
8
43
39
51
40
53
35
4
31
8
57
33
82
35
6
94
5
64
22
16
64
57
2
64
88
59
58
27
36
13
91
84
9
85
9
65
85
70
52
41
2
59
79
70
34
97
86
49
44
55
70
27
38
34
61
69
37
55
24
3
78
51
63
2
1
84
22
86
4
91
13
90
68
60
84
0
34
78
32
92
14
52
35
86
3
89
44
15
66
98
50
12
41
31
34
93
84
26
74
39
50
57
54
35
73
44
66
60
45
58
82
67
83
89
28
55
95
76
60
76
91
37
2
3
62
43
91
48
63
34
42
34
53
3
28
8
40
44
96
61
60
73
61
64
72
42
49
92
92
6
55
86
18
20
72
0
85
65
33
23
66
95
81
58
73
60
21
62
19
87
47
79
90
75
27
15
41
39
99
46
94
45
91
36
77
3
75
62
94
61
36
38
12
1
0
30
84
98
29
7
18
48
87
91
5
63
62
31
40
55
30
43
86
47
18
98
20
14
28
75
2
81
61
44
26
5
88
56
81
15
84
69
30
6
68
70
81
74
7
80
23
60
5
14
48
18
0
70
38
26
24
69
16
9
42
41
39
27
0
70
85
9
43
79
77
75
74
80
42
62
8
0
36
89
43
46
69
56
42
22
71
35
72
40
16
0
21
46
1
64
47
43
83
75
68
18
1
25
96
46
47
90
2
28
37
61
31
14
4
92
38
93
28
39
18
41
44
49
70
11
19
91
82
4
60
34
56
19
32
63
16
99
49
98
8
58
93
87
11
7
35
43
52
6
4
27
8
63
26
34
39
97
96
75
33
87
49
46
16
33
76
41
97
8
75
17
80
93
27
4
41
60
93
19
21
77
90
54
87
86
37
47
66
2
73
55
25
62
26
19
28
15
14
96
69
45
92
39
42
58
49
48
44
71
48
69
9
26
78
46
71
66
66
88
82
1
39
88
93
82
7
17
56
40
70
1
68
52
69
45
16
62
85
12
99
88
40
68
36
60
17
87
25
46
75
61
92
58
43
51
75
73
70
37
28
90
55
88
68
38
73
6
16
58
16
39
56
17
33
77
63
87
75
4
16
94
55
76
60
97
1
0
75
31
72
60
75
52
6
43
14
84
14
44
1
88
53
66
5
56
32
52
40
24
86
54
54
88
61
87
54
24
40
85
17
90
22
86
77
79
94
59
0
39
89
82
41
87
91
73
55
62
72
98
10
46
28
38
72
70
13
7
15
24
76
98
73
79
15
47
47
93
67
81
26
70
95
60
70
2
82
66
34
6
65
62
74
17
36
88
96
48
79
38
55
83
66
68
97
64
16
63
16
84
18
29
84
57
9
38
74
74
15
1
67
63
1
84
18
81
10
33
80
68
30
8
3
81
26
18
20
35
28
93
5
53
34
27
93
6
44
93
37
14
11
31
69
47
57
95
85
80
1
82
2
66
18
58
31
42
23
90
18
83
19
51
80
23
64
61
40
51
99
28
19
63
83
97
78
34
90
13
74
17
28
29
10
57
83
83
53
73
7
59
82
34
15
68
68
34
82
75
37
8
94
16
24
21
8
96
53
76
38
85
27
32
96
20
29
43
69
94
26
54
23
91
34
48
71
53
25
0
59
57
69
73
74
12
42
61
21
95
88
28
78
24
1
77
67
82
5
64
51
52
79
70
46
1
59
87
60
88
76
45
15
7
1
35
94
80
87
71
26
72
60
73
9
75
5
27
27
96
38
14
45
80
40
52
2
7
85
30
14
51
79
89
99
86
15
29
63
66
62
80
24
57
43
78
49
99
95
93
27
12
67
86
64
4
51
62
50
17
92
21
32
57
61
2
6
1
82
82
94
95
81
96
93
33
67
38
60
26
64
63
62
82
36
12
31
47
75
77
29
94
27
70
95
32
38
32
37
36
65
40
53
87
95
53
42
43
89
69
93
81
40
71
31
33
73
75
85
47
97
92
13
42
46
62
92
53
46
66
45
48
94
10
40
60
42
98
59
52
44
57
4
83
89
71
68
52
11
58
98
22
62
52
2
58
77
96
86
33
58
69
97
14
51
2
63
45
58
42
6
75
81
99
28
50
57
88
25
38
71
47
53
48
79
59
29
82
90
93
81
17
14
69
25
32
39
74
89
4
67
99
28
98
88
20
3
18
60
48
69
93
90
6
39
72
15
37
83
48
98
89
67
77
38
23
21
96
11
41
84
30
13
30
98
31
83
59
77
50
41
8
19
54
4
68
9
91
67
3
40
71
57
38
9
82
3
76
20
60
42
94
66
72
6
25
61
36
4
45
10
60
77
62
85
6
10
27
93
23
33
88
18
58
51
83
23
85
56
20
7
20
30
96
19
38
98
18
26
0
56
47
57
47
83
51
44
3
73
9
77
43
15
74
77
19
73
77
7
29
4
61
50
30
39
33
19
51
9
17
28
45
16
12
70
32
63
60
12
35
77
98
80
46
15
84
19
66
70
92
34
94
30
35
4
99
96
90
16
47
4
24
71
3
19
14
23
68
45
81
61
90
21
57
22
87
82
12
38
10
93
77
84
41
64
76
25
91
94
42
79
19
76
87
18
51
1
50
37
6
45
23
0
55
91
89
95
48
45
54
69
82
68
56
39
80
37
67
71
25
50
60
79
0
44
55
46
80
2
32
83
10
69
97
13
30
27
74
8
17
42
91
35
39
69
50
57
84
76
85
21
91
79
76
13
8
92
69
82
7
73
89
74
42
39
26
80
4
15
50
16
62
94
60
91
83
62
85
48
33
11
5
2
91
75
75
4
31
72
17
89
92
19
36
22
67
83
63
2
92
37
11
99
77
56
22
84
14
71
94
44
40
41
52
91
85
43
82
40
97
42
96
47
22
1
11
78
72
93
85
51
63
65
25
44
2
86
45
59
2
54
98
56
75
47
76
20
48
97
9
78
38
5
3
50
43
84
18
6
9
72
38
6
75
15
29
35
20
95
3
58
74
14
83
91
74
86
28
51
58
36
90
8
49
65
22
70
14
37
0
58
96
1
61
59
21
60
89
82
61
80
52
65
55
32
77
69
26
42
79
11
20
38
52
15
7
65
63
96
26
29
3
79
39
30
99
5
8
38
52
40
58
54
82
3
82
93
70
99
21
17
56
64
74
1
92
61
85
78
58
61
53
14
47
5
34
81
64
77
30
66
63
45
93
46
42
7
87
63
87
26
41
70
51
21
32
90
36
85
3
87
21
87
71
83
27
74
1
8
77
98
61
88
46
10
83
55
85
34
24
74
49
12
28
74
78
58
45
87
79
63
14
47
3
77
52
69
71
25
67
81
98
54
93
17
21
1
88
21
77
95
91
12
15
82
22
16
66
5
1
29
29
73
27
81
63
53
23
81
86
78
71
28
75
35
50
79
16
8
7
22
81
87
83
65
62
49
70
57
74
33
40
91
23
13
80
6
42
3
30
55
35
94
41
36
52
12
43
86
97
53
50
97
95
61
20
22
57
25
71
72
68
20
49
67
87
16
41
66
27
87
51
1
15
42
6
12
8
2
5
45
93
71
56
99
67
55
2
76
50
30
53
91
81
65
92
23
11
72
40
74
62
11
23
78
96
67
26
8
15
4
80
97
60
7
54
48
16
57
94
30
62
43
62
58
19
23
38
40
96
95
10
99
86
53
89
11
52
58
54
85
74
72
82
72
95
43
37
34
47
52
40
53
45
8
83
3
90
40
28
53
27
59
4
33
92
89
44
79
55
89
98
78
82
91
31
91
47
9
73
69
36
57
91
95
37
61
83
69
11
46
76
84
22
12
98
94
24
39
1
33
90
55
7
39
15
78
3
41
66
80
27
45
72
32
5
45
9
44
33
65
35
24
59
65
11
38
23
39
25
97
58
25
47
29
56
98
82
41
38
51
45
19
18
73
64
78
96
49
64
40
36
97
40
45
49
62
10
49
4
18
81
91
5
87
3
74
80
86
89
17
12
80
4
6
93
40
13
98
37
21
76
14
59
49
30
60
80
51
66
87
38
21
53
4
48
24
13
31
29
84
46
61
24
34
35
45
99
4
51
91
0
72
50
57
4
60
90
86
9
46
92
99
77
57
14
2
70
69
69
91
79
93
58
0
20
7
85
82
79
58
95
58
75
85
19
70
29
97
46
53
37
73
28
86
50
24
60
95
1
2
36
59
99
55
85
0
71
64
6
62
31
86
57
72
73
63
91
84
85
90
69
82
21
89
68
68
76
31
58
8
12
13
30
78
88
33
99
3
12
92
8
82
78
97
62
74
4
69
29
97
77
56
18
80
72
95
54
83
45
16
73
29
79
18
86
19
97
4
9
57
89
18
58
26
49
11
14
80
83
21
27
30
52
74
29
52
90
14
77
4
7
75
27
16
30
64
83
65
51
42
70
