overall_acc,0.7956
loss,[10.891631803894043, 6.25161298751831, 4.207532965087891, 3.2720960484313966, 2.8230466902160645, 2.6114502966308595, 2.487120236816406, 2.4306818126678467, 2.3854115773773192, 2.3621231148529054, 2.366593864440918, 2.335560196685791, 2.3303947197723387, 2.3196880547332763, 2.3249312868499756, 2.3154765727996827, 2.318623645858765, 2.302681156463623, 2.307285427017212, 2.3156523390197754, 2.3168260794067383, 2.3157390605926516, 2.309622191772461, 2.3185336726379395, 2.316608115539551, 2.3193196222686767, 2.329989285430908, 2.3345354436492918, 2.341071933135986, 2.3379380381774904, 2.349057880935669, 2.3617828650665285, 2.3526119268798826, 2.3706213369750975, 2.377775467605591, 2.386986418838501, 2.3890902114105224, 2.40133212310791, 2.419502705078125, 2.420320592803955, 2.4302226706695556, 2.4426513623809814, 2.45435556098938, 2.4494803495788573, 2.4702384396362307, 2.473056321029663, 2.4929642152404785, 2.483122665634155, 2.498654430999756, 2.5084843896484377, 2.5051704905700682, 2.5288106369781493, 2.516883295059204, 2.5309711820983885, 2.535868695831299, 2.545160773239136, 2.550962006530762, 2.5507361205291748, 2.556063613739014, 2.568091571960449, 2.0464890420532225, 1.6731064911651612, 1.4624135388183594, 1.311459711112976, 1.2196345531845092, 1.152336926765442, 1.1247214046096803, 1.1065230045318604, 1.0977042471313476, 1.101015805130005, 1.1125993449020386, 1.1102468809509278, 1.118218525123596, 1.115798677635193, 1.1230733369064332, 1.131038009033203, 1.1222032204437256, 1.1392291275787354, 1.1484987450408937, 1.1572681872558594, 1.1521499645996094, 1.1539708347320556, 1.1587790243148803, 1.1607206767272948, 1.1632718454742432, 1.1778242294692993, 1.181753904953003, 1.1726126780700683, 1.1900459022140504, 1.1893671116638183, 1.1937315379714966, 1.1940639289855957, 1.1859315174484253, 1.1974241083908082, 1.1951846617507935, 1.1964870876312257, 1.206271721687317, 1.2151774988937378, 1.2171431679153442, 1.2120032641220093, 1.216893642578125, 1.2197305836105348, 1.2150893829345704, 1.2249465704727174, 1.224689260749817, 1.225884612388611, 1.2278104300689696, 1.240185817298889, 1.2273653425598146, 1.2178527220535278, 1.228350495300293, 1.2391023008728028, 1.2433341712188721, 1.2265645696640015, 1.228708360939026, 1.2340183121871948, 1.2460565900421143, 1.2394174714660644, 1.241925329208374, 1.2290177781677245, 1.09175846244812, 1.0024188513946533, 0.9627486085700989, 0.9291891917037964, 0.8998009335517884, 0.8714934453201294, 0.8439356289482117, 0.8186315747261047, 0.7928586047363281, 0.7682403405380249, 0.745322401046753, 0.7226675788497925, 0.7008950975990296, 0.6795158117103577, 0.658796047000885, 0.6392179531478882, 0.6202440870475769, 0.6014395057678222, 0.5836064167785645, 0.5659673421287537, 0.5487622066497803, 0.5321513891220093, 0.5168194115066528, 0.501388676404953, 0.48601835330963133, 0.4718654973888397, 0.45749620386123657, 0.44445202281951907, 0.43122469830513, 0.4185960584640503, 0.40583215107917786, 0.3946317609882355, 0.3825257609939575, 0.3706968468761444, 0.36133435461997987, 0.3503325765132904, 0.3407507362270355, 0.3313167102909088, 0.3220968512058258, 0.31361729348182676, 0.30679924156188965, 0.30426736186027525, 0.30236775448799136, 0.2999076290035248, 0.2980125873565674, 0.2963063349533081, 0.2945099798107147, 0.2926155704879761, 0.2908765643596649, 0.2889115582084656, 0.28721118037223814, 0.28532907791137696, 0.2836703242111206, 0.2822090287685394, 0.2802996397399902, 0.27843740253448485, 0.27696006660461425, 0.2752712099266052, 0.27362111908912656, 0.27186870581626893, 0.2703229340076447, 0.26863814279556275, 0.266875172328949, 0.2652991276836395, 0.2636555747890472, 0.2621498579120636, 0.26059491702079773, 0.2589935916805267, 0.2573996243667602, 0.2557945127105713, 0.2542964047813416, 0.25284628460884095, 0.2511288211679459, 0.24986950314521789, 0.24835149064540862, 0.24669284626960755, 0.24532377455711366, 0.24380728794574738, 0.24220592067718505, 0.2407885341358185]
0,0.9565217391304348
1,0.9354838709677419
2,0.8260869565217391
3,0.7586206896551724
4,0.8064516129032258
5,0.7916666666666666
6,0.782608695652174
7,0.7692307692307693
8,1.0
9,1.0
10,0.55
11,0.47619047619047616
12,0.75
13,0.6086956521739131
14,0.7407407407407407
15,0.8333333333333334
16,0.9230769230769231
17,0.9047619047619048
18,0.5882352941176471
19,0.8
20,0.8888888888888888
21,0.8947368421052632
22,0.8823529411764706
23,0.8076923076923077
24,0.8695652173913043
25,0.5416666666666666
26,0.7916666666666666
27,0.75
28,0.84
29,0.7586206896551724
30,0.9259259259259259
31,0.76
32,0.6818181818181818
33,0.6206896551724138
34,0.8
35,0.45454545454545453
36,0.9047619047619048
37,0.7894736842105263
38,0.8461538461538461
39,1.0
40,0.8214285714285714
41,0.9090909090909091
42,0.782608695652174
43,0.9130434782608695
44,0.6521739130434783
45,0.7105263157894737
46,0.4090909090909091
47,0.7391304347826086
48,1.0
49,0.8823529411764706
50,0.6363636363636364
51,0.7142857142857143
52,0.7
53,0.9310344827586207
54,0.9545454545454546
55,0.6666666666666666
56,0.9090909090909091
57,0.7142857142857143
58,0.9428571428571428
59,0.7083333333333334
60,0.7777777777777778
61,0.7931034482758621
62,0.8461538461538461
63,0.8333333333333334
64,0.6842105263157895
65,0.6818181818181818
66,0.8076923076923077
67,0.6956521739130435
68,0.9523809523809523
69,0.8666666666666667
70,0.8666666666666667
71,0.8571428571428571
72,0.5909090909090909
73,0.625
74,0.5757575757575758
75,0.9642857142857143
76,0.9047619047619048
77,0.6764705882352942
78,0.7368421052631579
79,0.9285714285714286
80,0.7241379310344828
81,0.8571428571428571
82,0.9459459459459459
83,0.8666666666666667
84,0.8888888888888888
85,0.9333333333333333
86,0.8928571428571429
87,0.8333333333333334
88,0.9523809523809523
89,0.9285714285714286
90,0.7916666666666666
91,0.8974358974358975
92,0.72
93,0.7619047619047619
94,0.9565217391304348
95,0.6551724137931034
96,0.6521739130434783
97,0.7916666666666666
98,0.6153846153846154
99,0.8695652173913043
16
7
91
43
14
92
6
89
13
85
47
27
81
63
59
10
61
24
53
17
27
43
10
54
25
79
68
31
69
64
83
41
23
48
96
20
87
90
52
26
83
67
20
20
7
83
27
45
68
93
86
12
69
73
99
18
62
66
26
58
88
64
88
19
3
71
19
48
44
48
58
16
63
75
4
4
1
15
98
32
14
87
29
12
8
45
92
31
62
61
89
92
78
83
26
85
28
37
54
30
95
7
59
24
94
7
94
94
11
42
65
52
40
38
55
80
82
46
75
51
74
34
5
85
30
74
22
95
81
92
27
52
18
44
62
65
69
84
0
43
48
67
62
7
83
44
81
19
8
68
3
3
83
70
39
0
95
51
58
72
89
90
81
61
41
33
52
66
68
80
43
46
25
27
35
50
88
7
75
53
3
5
98
82
7
87
61
7
91
1
5
17
72
41
94
33
67
39
39
23
28
31
63
71
67
45
84
32
74
49
77
65
50
46
51
27
36
3
41
47
54
81
37
75
55
71
45
83
9
44
57
83
45
28
29
42
89
61
85
39
7
25
98
32
70
54
49
70
87
89
41
31
97
36
83
82
6
46
7
74
80
2
9
78
40
36
91
27
99
73
79
83
42
62
90
50
82
24
65
16
16
39
7
63
10
51
96
77
29
66
83
30
84
44
5
91
53
74
72
15
15
44
84
66
20
15
48
73
63
65
77
3
13
18
92
55
13
72
29
91
91
61
75
58
71
70
98
52
94
89
90
56
57
43
60
41
30
85
78
6
80
80
54
99
60
76
54
18
14
26
9
90
85
32
63
43
73
87
44
26
99
70
8
90
65
80
41
17
39
53
66
48
5
88
8
64
46
37
40
91
16
27
33
16
89
5
76
83
74
85
24
72
32
76
45
5
52
46
72
40
58
84
6
91
38
98
66
25
79
53
23
14
80
86
75
45
6
22
33
76
52
37
49
22
34
45
66
7
30
11
1
23
3
22
5
80
93
27
39
79
92
53
54
63
18
84
22
8
96
8
88
92
29
30
73
2
33
39
4
61
45
83
58
73
18
84
4
5
57
18
23
29
85
34
87
16
86
99
95
45
97
0
87
32
44
86
54
29
85
82
91
82
17
27
19
12
26
54
28
58
79
1
33
44
16
3
33
23
91
73
1
1
35
32
19
88
11
29
56
0
54
61
20
13
17
53
89
18
81
6
47
41
26
26
25
60
22
93
4
47
24
90
74
17
7
0
87
26
73
14
56
39
12
54
21
79
8
43
39
51
40
53
98
4
31
8
57
33
18
35
4
94
35
16
22
16
64
57
2
38
88
72
58
27
36
13
91
84
9
89
9
65
85
70
59
7
2
59
79
70
34
97
86
49
18
55
70
27
38
34
61
69
37
55
24
3
78
50
33
35
1
84
22
86
55
91
58
90
68
60
84
0
80
70
32
92
14
96
35
86
3
89
44
15
66
98
50
12
41
74
34
93
84
26
74
27
50
57
54
11
67
44
66
60
26
58
82
67
98
89
28
55
95
76
60
76
91
37
2
4
62
43
91
48
63
44
88
34
53
3
28
8
40
44
47
61
60
73
61
29
63
4
49
92
92
6
72
86
18
20
55
0
85
65
76
23
66
95
81
58
73
60
21
62
19
87
47
79
90
75
27
15
41
39
99
33
94
45
91
36
77
95
75
92
94
61
50
38
12
1
0
30
84
98
29
7
18
48
89
91
84
63
62
31
40
55
30
61
86
96
96
98
20
14
28
75
2
81
22
44
79
5
33
56
81
15
84
69
30
6
68
70
81
66
7
18
23
60
5
14
48
83
0
70
38
24
24
69
16
9
42
41
39
27
0
70
85
9
43
79
77
75
74
80
42
86
8
0
36
89
51
46
69
56
63
10
71
98
72
40
86
0
21
2
1
64
47
43
92
3
68
44
1
25
96
98
47
90
2
28
37
61
31
9
4
92
38
93
28
39
6
41
44
49
1
11
19
91
82
4
60
34
56
19
32
74
86
99
73
98
8
58
93
87
45
24
35
43
52
6
4
27
8
63
26
34
39
97
37
75
33
87
49
35
16
33
76
41
97
8
75
17
55
93
4
4
41
60
30
2
21
77
90
54
87
86
37
47
38
2
73
55
21
62
26
19
28
15
14
96
17
45
92
39
42
58
49
48
44
71
48
69
9
22
94
11
71
66
29
88
82
1
39
88
93
82
7
17
56
40
70
1
68
52
69
45
16
62
85
12
99
88
40
68
36
60
37
87
25
46
75
61
70
58
97
51
75
73
70
37
28
90
55
88
68
38
95
6
16
58
61
39
56
17
12
77
63
87
75
4
16
94
55
76
60
97
1
0
75
31
55
71
75
52
6
43
14
84
14
51
1
88
53
66
5
56
32
52
40
24
86
54
54
88
61
87
54
24
40
85
17
90
22
86
77
79
94
45
0
39
89
82
41
87
91
73
4
62
65
46
10
46
28
38
27
70
13
44
15
24
76
98
51
79
15
47
47
93
73
81
26
70
95
60
70
11
82
66
34
6
65
62
74
31
36
88
52
48
79
50
55
57
66
68
4
64
16
10
16
84
18
29
84
57
9
38
43
74
15
1
45
55
1
84
69
81
10
33
80
68
30
8
3
81
26
18
20
35
20
55
5
53
34
27
93
6
44
93
85
91
46
31
69
47
57
30
85
80
1
82
57
66
77
58
31
42
23
90
18
83
31
51
80
23
64
61
40
51
99
28
19
63
14
97
78
34
18
13
74
17
28
29
10
61
83
83
53
73
7
59
82
34
15
68
68
34
82
75
37
8
94
16
24
21
8
96
53
49
63
58
55
32
96
20
29
43
69
94
26
54
23
91
34
48
23
53
5
0
59
57
69
73
50
12
42
61
21
95
88
28
78
24
1
77
67
82
5
64
51
59
79
70
46
1
59
87
60
88
76
45
15
14
1
35
94
79
16
71
26
72
60
73
9
75
5
72
14
96
38
14
45
80
40
47
35
18
85
30
83
51
79
13
99
86
15
29
63
66
62
80
24
57
43
78
49
99
95
93
55
71
77
86
64
4
54
62
50
17
5
21
32
57
61
2
6
1
82
82
94
95
81
96
93
33
67
31
60
77
41
63
62
82
36
76
31
47
75
77
29
94
27
70
95
32
38
32
37
2
65
40
53
87
95
53
42
43
89
69
93
81
40
71
31
33
91
75
85
47
97
62
13
19
46
62
92
53
46
66
45
48
94
61
69
60
27
98
59
52
44
57
4
83
89
71
58
52
46
58
46
22
62
52
2
58
77
96
86
33
58
69
97
14
51
2
63
45
58
97
6
75
81
99
28
36
57
88
25
38
71
47
53
48
79
59
29
82
90
93
81
17
14
69
25
32
39
1
89
4
67
99
28
98
88
20
50
18
71
48
69
18
87
6
39
25
15
37
83
48
98
89
67
77
38
72
21
96
11
41
84
30
58
30
98
31
83
59
77
74
41
8
19
54
4
68
9
91
67
3
40
71
77
38
9
82
3
76
20
68
42
94
66
72
6
25
61
36
4
14
10
60
77
62
85
79
16
27
93
23
33
88
18
58
51
83
23
85
56
20
79
20
30
52
19
4
98
67
26
0
56
47
83
52
83
78
46
3
23
9
77
43
15
72
77
19
73
24
7
90
4
61
50
30
39
45
19
17
9
17
28
45
16
12
70
49
63
71
12
2
51
11
68
46
15
84
19
66
70
62
34
94
67
11
84
99
33
90
16
56
4
24
71
3
19
14
23
68
91
81
10
81
21
57
22
87
82
12
38
10
93
77
84
41
64
76
25
91
94
42
79
19
76
87
18
51
1
50
94
6
45
23
0
55
91
89
95
48
45
54
69
78
68
56
19
80
69
67
71
25
50
60
79
0
44
55
98
93
2
32
92
61
76
97
13
30
27
74
8
17
42
91
46
36
69
65
57
84
76
85
3
91
79
76
13
8
92
69
82
7
73
89
74
42
39
78
80
4
15
50
16
70
94
60
91
83
62
85
48
59
11
5
11
91
75
75
4
31
72
17
89
92
19
36
22
67
83
63
2
62
37
11
99
77
56
22
84
14
71
94
44
12
41
52
91
85
43
82
40
97
42
96
47
22
1
11
78
31
93
85
51
63
65
25
7
2
86
45
59
2
54
98
56
75
52
76
20
48
97
9
22
38
5
3
36
43
84
18
6
9
72
38
82
75
15
29
2
20
95
3
58
74
14
83
91
74
86
28
50
58
36
90
8
49
65
40
10
14
37
0
58
96
1
61
59
21
60
89
82
61
80
52
65
55
32
77
69
26
42
79
11
20
38
47
15
79
65
63
96
26
29
3
79
39
30
99
5
8
19
52
40
58
54
82
3
82
93
70
99
21
17
56
64
74
1
92
61
85
78
58
28
53
74
47
5
34
81
64
77
30
66
63
35
93
46
88
45
87
63
87
26
41
70
51
21
32
90
36
85
57
87
21
87
71
83
27
74
1
8
44
95
61
88
90
10
83
55
85
34
24
67
49
76
28
50
78
58
45
87
79
63
14
47
31
77
59
60
71
85
67
81
2
54
67
17
21
1
88
21
77
95
91
12
15
82
22
16
66
5
41
29
29
73
27
81
63
53
23
81
86
78
71
28
75
98
62
79
16
8
7
22
81
87
10
65
62
49
70
57
77
74
40
91
23
13
80
6
42
21
30
72
35
94
41
36
89
12
43
86
97
53
65
64
4
61
20
22
57
25
71
72
68
20
49
67
87
16
41
66
44
87
51
1
15
42
6
85
8
2
5
45
93
71
56
99
67
78
2
76
50
30
53
91
81
65
92
23
46
72
40
30
62
11
23
78
96
67
50
8
15
4
80
74
60
7
54
48
16
57
94
30
92
43
62
58
19
23
38
40
96
95
10
99
86
53
89
11
52
58
54
85
74
72
82
72
32
43
81
34
47
47
40
53
45
8
83
3
90
76
28
53
27
59
4
33
54
89
44
44
55
89
98
78
82
91
31
91
47
9
73
69
36
45
91
95
37
61
83
69
11
55
76
79
22
90
98
94
24
39
1
33
96
55
7
39
15
78
3
41
66
80
27
45
55
32
5
45
9
93
33
65
40
24
59
65
11
38
23
39
25
97
58
87
47
29
56
98
82
41
38
51
79
88
18
95
64
78
96
49
64
40
36
97
40
45
49
62
10
56
4
79
81
91
5
87
3
50
80
86
89
17
12
80
55
79
32
40
13
98
37
21
76
14
59
49
30
33
80
51
66
87
38
63
53
4
48
24
13
31
29
84
46
61
24
34
98
45
99
27
51
91
0
72
50
57
4
60
90
86
9
46
92
99
77
57
47
2
70
69
69
32
79
93
58
0
20
6
24
82
79
58
72
58
75
85
55
70
44
97
35
53
37
30
28
86
50
24
31
95
1
2
36
59
99
55
85
0
71
64
82
62
31
86
57
72
73
38
91
84
44
90
69
82
21
89
68
68
76
31
58
8
37
13
30
78
88
47
99
42
12
92
8
82
78
97
62
74
4
69
29
97
77
56
18
77
3
95
54
53
45
16
73
29
33
14
86
19
97
4
9
57
89
18
58
26
49
11
14
80
83
75
27
30
52
74
29
59
90
14
77
72
7
75
27
16
30
90
83
14
51
42
70
