overall_acc,0.8024
loss,[10.941212930908202, 6.30825990447998, 4.239090224304199, 3.273261914367676, 2.83103155960083, 2.604896427001953, 2.4905260028839113, 2.4373067785644533, 2.387269859390259, 2.367987103805542, 2.3504817445373534, 2.3397333612823488, 2.3286031153106688, 2.3181399362182615, 2.31380523399353, 2.317443869018555, 2.3106073007965087, 2.3178800355529785, 2.3113437438201903, 2.3139846448516845, 2.310864595413208, 2.313981810760498, 2.3222428190612794, 2.3266763408660887, 2.3214225995635984, 2.3159793967437743, 2.3355424211883546, 2.3457496536254885, 2.339325842590332, 2.350999800643921, 2.354982013092041, 2.368496122894287, 2.3603129888916015, 2.3734002453613283, 2.385728070449829, 2.395324133911133, 2.4005990382385254, 2.4088015228271487, 2.415510843734741, 2.4142422871398925, 2.4171149649810793, 2.4367328706359865, 2.4293674552154543, 2.4455093103027346, 2.4494634762573244, 2.458480884780884, 2.4607081858825683, 2.4601283404541014, 2.4811963970947266, 2.4702402157592775, 2.483591690826416, 2.482061983795166, 2.503132013015747, 2.494005961227417, 2.494253511352539, 2.4998475634765627, 2.4984924629211425, 2.5132301404571535, 2.5118794160461424, 2.5040700093841552, 2.0048101821899413, 1.6380621692276, 1.4357459196853637, 1.2898672408676148, 1.1998696962356568, 1.150585979499817, 1.1141431576156615, 1.106659852371216, 1.108375572128296, 1.1002259985351563, 1.1037804818344117, 1.11222015499115, 1.1061236338424683, 1.1152530787277222, 1.1176253923034667, 1.1350186929321289, 1.119957165031433, 1.1148594633865356, 1.1430198432540895, 1.134388976135254, 1.1413742185211182, 1.1525501805496217, 1.1413218615341187, 1.1407542561721802, 1.1451066502761842, 1.152830249824524, 1.1547638058471679, 1.1514497299957276, 1.171761952896118, 1.1699508330535888, 1.1769647037887574, 1.1735139858245849, 1.1934080815887451, 1.1868629459762574, 1.1868288353729248, 1.1885413931655884, 1.1903924686050416, 1.19599323261261, 1.1903347543716432, 1.1917065324783325, 1.1983457514190674, 1.2013996804046632, 1.199199726486206, 1.1914764038848877, 1.1949835180664063, 1.2092528525161743, 1.1990450049972534, 1.2062853398513793, 1.209365619392395, 1.2135229876327516, 1.2258811764907838, 1.2193472745132445, 1.2187144873428344, 1.2135700325012206, 1.2173034469223023, 1.2253031502532958, 1.2170409333801269, 1.214968856010437, 1.2263330282211304, 1.2389594755554199, 1.0908116384506226, 0.999634838848114, 0.9595119347572326, 0.9274411076545716, 0.8970345543670655, 0.868368922214508, 0.8419091267395019, 0.8154226426124572, 0.7912982382392884, 0.766770844783783, 0.7429764044761658, 0.7209919229316711, 0.6991146333885193, 0.6778412836647034, 0.6575821310997009, 0.6379929183578491, 0.6183249278450013, 0.5998135515785217, 0.5822346782493591, 0.5650499989128113, 0.5481892395210266, 0.5317377155685424, 0.5161021484947205, 0.5001301757717133, 0.4851464781951904, 0.4705642865848541, 0.45741247970581056, 0.44354045288085936, 0.43017850507736205, 0.41739018465995786, 0.4053534368896484, 0.39348405285835264, 0.381893658323288, 0.3706233880519867, 0.35967604596138003, 0.3494680420398712, 0.33887422684669494, 0.32916977496147154, 0.319630577583313, 0.31224650423049927, 0.3059513925457001, 0.30335747552871706, 0.30079278360366823, 0.2986514056491852, 0.2971998076057434, 0.29501165403366086, 0.29339600605010985, 0.29137962233543396, 0.289750255279541, 0.28778115265846255, 0.2863305272769928, 0.2842624439716339, 0.282899945192337, 0.28083110738754274, 0.2791197318649292, 0.27760471685409543, 0.27585879014015197, 0.27434952931404116, 0.2725672423553467, 0.27101227356910707, 0.2692136112594605, 0.2676692453193665, 0.26598118793487546, 0.264393595161438, 0.26283160016059876, 0.2611823068332672, 0.2596380847454071, 0.2581313598251343, 0.2565946126747131, 0.255062898235321, 0.25355157761573793, 0.2519568661117554, 0.250466289358139, 0.24905014618873597, 0.24747928940296174, 0.24612608693122864, 0.24447840670108795, 0.24297760881900787, 0.2415262923002243, 0.24026910742282867]
0,0.9565217391304348
1,0.9354838709677419
2,0.8260869565217391
3,0.7586206896551724
4,0.8387096774193549
5,0.7916666666666666
6,0.9130434782608695
7,0.8846153846153846
8,1.0
9,0.9473684210526315
10,0.5
11,0.5238095238095238
12,0.85
13,0.5652173913043478
14,0.8148148148148148
15,0.9166666666666666
16,0.9230769230769231
17,0.9047619047619048
18,0.6176470588235294
19,0.88
20,0.7777777777777778
21,0.8421052631578947
22,0.8823529411764706
23,0.7307692307692307
24,0.782608695652174
25,0.4583333333333333
26,0.8333333333333334
27,0.7916666666666666
28,0.84
29,0.7931034482758621
30,0.7777777777777778
31,0.68
32,0.7272727272727273
33,0.6551724137931034
34,0.8
35,0.5
36,0.8571428571428571
37,0.8421052631578947
38,0.8846153846153846
39,0.9565217391304348
40,0.8571428571428571
41,0.9545454545454546
42,0.8695652173913043
43,0.8695652173913043
44,0.6521739130434783
45,0.6052631578947368
46,0.5454545454545454
47,0.782608695652174
48,1.0
49,0.8823529411764706
50,0.7272727272727273
51,0.8095238095238095
52,0.85
53,0.896551724137931
54,0.9545454545454546
55,0.7142857142857143
56,0.8636363636363636
57,0.6785714285714286
58,0.9428571428571428
59,0.75
60,0.8888888888888888
61,0.7931034482758621
62,0.8846153846153846
63,0.7083333333333334
64,0.7368421052631579
65,0.6363636363636364
66,0.8076923076923077
67,0.7391304347826086
68,0.9523809523809523
69,0.8333333333333334
70,0.9
71,0.7142857142857143
72,0.45454545454545453
73,0.6875
74,0.6666666666666666
75,0.9642857142857143
76,0.9047619047619048
77,0.7058823529411765
78,0.7894736842105263
79,0.8571428571428571
80,0.7586206896551724
81,0.9047619047619048
82,0.8918918918918919
83,0.9
84,0.8148148148148148
85,0.9666666666666667
86,0.7857142857142857
87,0.8666666666666667
88,0.9523809523809523
89,0.8571428571428571
90,1.0
91,0.8717948717948718
92,0.76
93,0.8571428571428571
94,0.9565217391304348
95,0.6551724137931034
96,0.5652173913043478
97,0.8333333333333334
98,0.5769230769230769
99,0.9130434782608695
16
7
91
43
14
92
6
89
13
85
47
27
81
63
59
10
78
7
53
17
27
43
10
54
25
79
68
31
69
64
83
41
49
48
47
20
87
90
52
26
83
67
20
20
7
83
27
45
68
93
86
12
69
73
99
1
62
44
26
58
88
64
88
19
34
71
19
48
44
48
58
16
63
75
71
4
32
49
98
32
14
87
97
12
8
45
92
31
62
61
89
62
78
83
26
85
28
37
54
72
95
7
59
24
94
7
94
94
11
42
65
52
40
38
55
80
82
46
75
93
74
34
5
89
30
74
22
95
81
92
27
52
18
44
62
65
69
84
0
43
48
67
62
89
92
44
81
19
8
68
64
3
83
70
83
0
95
51
58
72
89
90
81
61
41
33
52
66
68
80
4
46
5
66
35
50
88
7
75
53
3
5
98
82
7
90
61
7
91
1
5
37
72
41
94
33
67
39
39
23
28
31
63
71
67
10
51
46
74
49
77
65
50
98
51
55
36
3
41
47
54
12
37
75
4
55
14
0
9
44
57
83
45
41
52
42
89
22
85
39
7
25
98
65
70
70
49
70
87
90
41
79
97
36
83
82
79
11
7
74
80
2
9
51
40
36
91
91
99
73
40
83
42
62
90
50
82
24
38
16
40
39
7
63
10
51
96
51
29
66
53
30
84
44
5
91
53
74
72
15
15
44
5
66
28
55
48
73
63
64
77
3
13
18
92
55
13
74
29
1
91
99
75
58
71
70
98
52
94
48
90
56
57
43
60
29
30
59
78
6
80
80
54
99
60
76
54
18
14
26
9
90
85
32
63
43
22
87
44
26
99
70
8
90
65
80
48
17
39
53
66
48
5
88
25
67
98
37
40
91
16
27
33
16
89
5
76
83
74
85
24
93
32
76
91
5
52
46
67
40
58
84
6
91
38
98
66
9
79
0
23
14
15
86
75
45
6
22
33
76
52
41
90
22
34
45
48
7
30
11
1
23
3
22
5
80
93
27
39
79
92
53
54
63
18
84
16
8
59
8
88
62
29
73
73
2
33
39
63
61
45
83
58
73
18
84
4
5
2
18
23
29
85
88
64
16
86
99
95
45
97
0
87
32
44
86
92
29
85
82
91
82
17
80
58
12
26
54
28
58
14
1
4
44
22
64
33
1
91
73
1
1
11
1
19
88
11
29
56
0
54
61
7
10
17
53
89
18
81
6
47
41
26
26
25
60
22
93
4
47
24
79
78
17
7
0
87
26
73
14
56
18
12
54
80
79
8
43
39
61
40
53
98
4
31
8
57
33
91
35
6
94
94
10
22
16
64
57
2
65
88
55
58
27
36
13
91
84
9
89
9
65
85
70
59
7
2
59
79
70
34
97
18
49
18
55
70
90
38
34
61
69
37
64
24
3
78
74
33
35
1
84
22
86
4
91
58
90
68
60
84
0
34
54
32
92
14
49
35
86
3
89
7
15
66
35
50
12
41
31
5
93
84
26
74
78
50
57
54
11
67
44
66
60
79
58
82
67
98
89
28
55
95
76
60
76
91
37
2
4
62
43
91
48
27
44
42
34
53
3
28
8
40
44
96
61
60
73
61
26
42
66
49
92
92
6
57
87
18
20
55
0
85
75
18
23
4
95
81
58
73
60
21
62
19
87
47
79
90
75
27
15
41
39
99
46
94
45
91
36
77
68
75
92
94
61
50
38
12
1
0
30
84
98
29
7
18
48
81
91
84
63
62
31
40
55
30
43
86
47
96
98
20
14
28
75
2
81
61
44
79
5
28
56
81
15
84
69
30
6
68
70
12
3
7
63
72
60
5
14
48
83
0
70
38
78
24
69
86
9
42
41
39
27
0
70
85
9
43
79
77
75
74
80
42
86
8
0
36
89
4
46
69
56
42
22
71
35
55
40
16
0
21
2
1
31
47
43
83
75
68
44
1
12
96
46
47
90
46
28
37
61
31
14
4
92
38
93
28
39
18
41
44
49
92
11
19
91
82
4
60
34
56
19
32
74
87
99
30
98
8
58
93
87
35
7
35
43
52
6
4
27
8
4
26
34
39
97
37
75
33
87
49
46
16
33
76
41
97
8
75
17
55
93
27
4
41
60
67
65
21
77
90
54
87
86
37
47
75
2
73
55
25
62
26
19
28
15
14
47
69
45
92
39
42
58
49
48
44
71
48
69
9
88
84
11
71
66
66
88
82
1
39
88
93
82
7
17
56
40
70
1
68
52
69
45
16
6
85
12
99
88
40
68
36
71
17
87
25
46
75
61
70
58
88
51
75
73
70
37
28
90
55
88
68
38
95
7
16
58
61
39
56
17
33
77
63
87
75
4
16
94
55
76
60
97
1
0
75
31
72
71
75
52
6
43
14
84
14
51
1
88
53
66
5
56
32
52
40
24
86
54
54
88
61
87
54
7
40
85
17
90
22
86
77
79
94
45
0
39
89
82
41
87
91
73
4
62
65
46
10
46
28
38
9
70
13
7
15
24
76
98
51
79
15
47
47
93
73
81
26
70
95
60
70
11
82
66
34
6
65
62
74
17
36
88
52
48
79
38
15
83
66
68
74
64
16
10
16
95
18
29
93
53
9
38
43
74
15
1
59
96
1
84
69
81
28
33
80
68
30
8
3
81
48
18
29
35
28
72
5
53
34
27
93
6
44
93
37
14
35
31
69
47
57
95
85
80
1
82
14
66
2
58
31
42
23
90
18
83
19
51
80
23
64
61
40
51
99
28
19
63
7
97
78
34
90
13
74
17
28
29
10
61
83
83
53
73
7
59
82
34
15
68
68
34
82
75
37
8
94
16
24
21
8
96
53
49
38
85
27
32
96
20
29
43
69
94
26
82
23
91
34
48
23
53
5
0
59
57
69
73
74
12
42
61
21
95
88
28
15
24
1
77
67
82
5
64
51
59
79
70
46
1
59
87
60
88
76
45
15
7
1
35
94
79
16
71
26
30
60
73
9
75
5
27
27
96
38
56
4
80
87
47
98
18
85
30
92
51
79
89
99
86
15
29
63
66
62
80
24
57
43
78
49
99
95
93
55
71
99
86
64
4
54
62
50
17
98
21
32
57
61
35
6
70
82
82
94
95
81
96
77
33
67
31
60
50
74
63
62
82
36
12
31
47
75
77
29
94
27
70
95
32
38
67
37
2
65
40
53
87
95
53
42
43
89
69
93
81
40
71
72
33
73
75
85
47
97
62
13
42
46
62
92
53
46
66
45
48
94
10
69
60
42
98
59
52
44
57
4
83
89
71
68
52
46
58
98
22
62
52
2
58
77
96
86
33
58
69
97
14
51
2
4
45
58
43
6
75
81
99
28
50
57
88
25
38
60
47
53
48
79
59
29
82
90
18
81
17
14
69
25
32
39
62
89
4
67
99
28
98
88
20
64
18
60
48
69
93
65
6
39
25
15
37
83
48
35
89
67
79
38
23
21
96
11
46
84
30
58
30
98
31
83
59
77
74
41
8
19
54
4
68
53
91
67
19
40
71
57
38
9
82
3
76
20
60
42
94
66
72
6
25
61
36
4
14
72
60
77
70
69
6
16
27
93
23
33
88
18
58
51
83
23
85
56
20
7
20
30
96
19
4
40
90
26
0
56
47
92
52
10
51
46
3
23
9
77
43
15
72
77
19
73
77
7
29
4
61
50
30
39
11
19
51
9
17
28
45
8
12
83
49
63
60
12
2
77
35
68
46
15
84
19
66
70
62
34
94
30
11
45
99
33
90
16
56
4
24
71
3
19
14
23
68
45
81
61
90
21
57
22
87
82
12
38
10
93
51
84
41
64
76
25
91
94
42
79
19
76
87
18
51
1
50
94
6
45
23
0
55
91
48
95
48
48
54
69
51
68
56
39
80
40
67
71
25
50
60
79
0
14
55
46
80
2
32
92
61
76
97
13
30
27
74
8
17
42
91
11
4
69
50
57
84
90
85
3
91
79
76
13
8
92
69
82
7
73
89
74
42
39
26
80
4
15
74
16
62
94
60
75
83
62
85
48
59
11
5
2
55
75
75
4
31
72
17
89
92
19
36
22
67
83
63
2
92
37
11
99
77
56
22
84
14
71
94
44
12
41
52
91
85
43
82
40
97
42
96
47
22
1
11
78
72
93
85
51
63
65
25
7
2
22
44
59
2
54
98
56
75
52
76
20
48
97
9
62
38
5
3
36
43
84
18
6
9
72
38
6
75
15
29
35
20
95
3
58
74
44
83
91
74
86
21
74
58
36
90
8
49
65
40
14
14
81
0
58
96
1
61
59
21
60
89
82
61
80
52
65
55
32
77
76
26
42
79
11
20
38
52
15
79
65
63
52
26
29
3
79
39
30
99
5
8
19
52
40
58
54
82
3
96
93
70
99
21
17
56
64
74
1
92
61
85
78
58
10
53
74
47
5
34
81
64
77
30
66
63
98
93
46
18
55
87
63
87
26
41
70
65
21
32
90
36
85
3
87
21
87
71
83
27
74
1
8
93
98
61
88
90
10
83
93
85
34
24
74
49
76
28
31
78
58
45
87
79
63
14
47
3
77
59
60
71
69
67
81
98
54
67
17
21
1
88
21
77
95
91
12
15
82
22
16
66
5
44
29
29
73
27
81
63
53
23
81
86
78
71
28
75
46
62
79
16
8
7
22
81
87
10
65
62
49
70
57
7
18
40
91
23
13
80
6
42
97
30
55
35
94
41
36
6
12
43
86
97
53
50
97
3
61
20
22
57
25
71
72
68
20
49
67
87
16
41
66
44
12
51
1
15
42
6
85
8
2
5
45
93
71
56
99
67
65
2
76
50
30
53
91
81
65
92
23
46
72
40
30
62
11
23
78
96
67
50
8
15
4
80
74
60
7
54
48
16
57
94
30
70
43
62
58
19
23
38
78
96
95
10
99
86
53
89
11
52
58
54
85
74
72
82
72
32
43
37
34
47
52
40
53
45
8
83
3
90
40
28
53
27
59
4
33
54
89
44
79
55
89
98
78
82
91
31
91
47
9
73
69
36
45
91
95
37
61
83
69
11
55
76
22
82
90
35
94
24
39
1
33
74
55
7
39
15
99
3
41
66
80
27
45
74
32
5
45
9
93
33
65
35
24
59
65
11
38
23
39
25
97
84
25
47
29
56
98
82
41
38
51
79
34
18
95
64
78
96
49
64
40
36
97
40
45
49
62
10
37
4
77
81
91
5
87
3
50
80
86
89
17
12
80
55
24
32
40
13
98
37
21
76
14
59
49
30
60
80
51
66
87
38
76
53
4
48
24
13
31
29
84
46
61
24
34
46
45
99
27
51
91
0
72
50
57
4
60
90
86
9
98
92
99
77
57
14
2
70
69
69
32
79
93
58
0
20
7
24
82
79
58
95
58
3
85
55
92
44
97
46
53
37
73
28
86
50
24
29
95
1
2
36
96
99
55
85
0
60
64
6
62
31
86
28
72
73
42
91
84
85
90
69
82
21
89
68
68
76
31
58
8
81
13
30
78
88
96
99
42
12
92
8
82
78
97
62
74
4
12
29
97
77
56
18
77
72
95
54
0
45
16
73
29
33
14
86
19
97
4
9
57
89
14
58
26
49
11
14
80
83
3
27
30
52
74
29
52
90
14
77
4
7
75
27
16
30
42
83
14
51
42
70
