overall_acc,0.7972
loss,[10.866182918548583, 6.231961839447021, 4.191449503555297, 3.249498868637085, 2.8166067826080323, 2.598956985015869, 2.4872281597137453, 2.4234166867065428, 2.3860731955718992, 2.3621768897247315, 2.350040446472168, 2.3272327545166016, 2.314613894882202, 2.3170792471313475, 2.3138827251434324, 2.3059854761505125, 2.2960840980529786, 2.3100489367675783, 2.302586811294556, 2.2984052644348143, 2.3010587047576903, 2.31031284538269, 2.302682606277466, 2.3146684603881837, 2.32356092666626, 2.324655896987915, 2.3253191625213625, 2.3370372180175782, 2.3344667929840086, 2.346109386138916, 2.343482109146118, 2.361100139694214, 2.356895120239258, 2.3708261918640137, 2.3646848760223387, 2.3914266706085203, 2.3891890771484374, 2.3978257454681398, 2.411581628265381, 2.4225194232177736, 2.4382551152038574, 2.46074822227478, 2.453495845489502, 2.46135114402771, 2.471791733856201, 2.4746506101989745, 2.477371440887451, 2.4842434560394286, 2.501448658370972, 2.500906106414795, 2.5122666790008545, 2.514530707168579, 2.5210323435974122, 2.5213956644439697, 2.5252685942840576, 2.5274794439697263, 2.530932731628418, 2.5389817597198485, 2.5426203364562987, 2.5457477365112307, 2.025679228668213, 1.6608209394073485, 1.446590224685669, 1.302231293411255, 1.1996068477630615, 1.140316985168457, 1.105187265625, 1.0995613524627685, 1.08262445602417, 1.0951925021743774, 1.0988279997634887, 1.0967751402282715, 1.1048224312973023, 1.1082061386871338, 1.1100504383468628, 1.1075267308044434, 1.12588387714386, 1.1118611031341552, 1.1300494914245605, 1.135145443763733, 1.149263102645874, 1.1430528174591064, 1.143289132232666, 1.1473945752716064, 1.1472177514648438, 1.1558016334152221, 1.1715345840835572, 1.1707361173248292, 1.174028257522583, 1.1700965606307983, 1.1795196420669556, 1.1666126235580445, 1.1862059810638428, 1.1850154683303833, 1.1873133208847046, 1.1921503591918945, 1.1930479192733765, 1.1972569524383545, 1.205204586982727, 1.194643415298462, 1.2087364388275146, 1.1955682409286499, 1.2009551052474976, 1.2157331942367553, 1.199123660850525, 1.1966155143356323, 1.2062568879699707, 1.2144019708633422, 1.2116583382797241, 1.2094517222213745, 1.2155849549102784, 1.2203225423431396, 1.2172520602798462, 1.225018602180481, 1.2245547510528565, 1.2261366109466554, 1.2327789473724364, 1.2304830321502687, 1.2184952799987794, 1.2311151597976684, 1.0899772455215455, 0.9954424684906006, 0.9563694246482849, 0.9233872625923156, 0.8939538827514648, 0.865258014011383, 0.8384225007629394, 0.8127463970184327, 0.7874030793762207, 0.7637291742897033, 0.7407498919677734, 0.7179975495910644, 0.696428634185791, 0.6750251146888733, 0.6550043389511109, 0.6354115497589111, 0.6159554887199402, 0.5968737382316589, 0.5794698928070068, 0.5625470910072327, 0.5455571031951905, 0.5287146010017395, 0.5126322113227845, 0.4972950524330139, 0.4824625364780426, 0.46867088806152346, 0.4545262870693207, 0.441019405002594, 0.42877165612220763, 0.41595433604240417, 0.40337168538093565, 0.391406808757782, 0.3801217870044708, 0.3685448175239563, 0.3576680393409729, 0.3473081467151642, 0.3390655742645264, 0.3292897710895538, 0.31941585437774656, 0.3105887222957611, 0.30457533281326293, 0.3019192726612091, 0.2997280360221863, 0.29794123648643495, 0.296159814825058, 0.2941817076396942, 0.29224844601631167, 0.29026584438323977, 0.28858016561508176, 0.2867119409751892, 0.28506034632682803, 0.28332041158676147, 0.2814142470359802, 0.27970647978782653, 0.2780144684791565, 0.27638148716926575, 0.2747193786430359, 0.27298358671188355, 0.27145532298088076, 0.269715033493042, 0.2682145802307129, 0.266391653213501, 0.26481178433418273, 0.26314374338150026, 0.26177328015327456, 0.26026803003311155, 0.25850422481536867, 0.2569614461421967, 0.25550811995506284, 0.25389767382621764, 0.25223401641845705, 0.250756126241684, 0.24949359848976135, 0.24770926453113556, 0.2463593782186508, 0.24481360642910005, 0.24337146754264832, 0.2418402533388138, 0.2404356857061386, 0.2388293504333496]
0,1.0
1,0.9032258064516129
2,0.7391304347826086
3,0.7586206896551724
4,0.7419354838709677
5,0.75
6,0.8260869565217391
7,0.8846153846153846
8,1.0
9,0.9473684210526315
10,0.55
11,0.5238095238095238
12,0.95
13,0.6521739130434783
14,0.8148148148148148
15,0.875
16,0.8846153846153846
17,0.9523809523809523
18,0.6764705882352942
19,0.84
20,0.8888888888888888
21,0.8947368421052632
22,0.8823529411764706
23,0.8461538461538461
24,0.8260869565217391
25,0.7083333333333334
26,0.75
27,0.7916666666666666
28,0.8
29,0.7586206896551724
30,0.7777777777777778
31,0.76
32,0.7272727272727273
33,0.5517241379310345
34,0.88
35,0.5
36,0.9523809523809523
37,0.8421052631578947
38,0.7692307692307693
39,1.0
40,0.7142857142857143
41,0.9090909090909091
42,0.782608695652174
43,0.8260869565217391
44,0.6086956521739131
45,0.7368421052631579
46,0.5
47,0.6956521739130435
48,1.0
49,0.7647058823529411
50,0.6363636363636364
51,0.7142857142857143
52,0.85
53,0.896551724137931
54,0.9545454545454546
55,0.7142857142857143
56,0.8181818181818182
57,0.6071428571428571
58,0.9428571428571428
59,0.7083333333333334
60,0.8888888888888888
61,0.7931034482758621
62,0.7692307692307693
63,0.75
64,0.7894736842105263
65,0.7727272727272727
66,0.8076923076923077
67,0.6956521739130435
68,0.9047619047619048
69,0.8
70,0.8333333333333334
71,0.8571428571428571
72,0.4090909090909091
73,0.625
74,0.696969696969697
75,0.9285714285714286
76,0.8571428571428571
77,0.7352941176470589
78,0.7894736842105263
79,0.8928571428571429
80,0.7586206896551724
81,0.8571428571428571
82,0.918918918918919
83,0.9
84,0.9259259259259259
85,0.9666666666666667
86,0.8571428571428571
87,0.8
88,1.0
89,0.8571428571428571
90,0.9166666666666666
91,0.8205128205128205
92,0.68
93,0.8571428571428571
94,0.9565217391304348
95,0.6896551724137931
96,0.5652173913043478
97,0.7916666666666666
98,0.6538461538461539
99,0.8695652173913043
16
7
91
43
14
92
6
89
13
85
47
27
81
63
59
61
78
18
53
17
27
43
10
54
25
79
68
31
69
64
83
41
23
11
12
20
87
90
52
26
83
67
20
20
7
83
27
45
68
93
86
12
60
45
99
18
62
44
26
58
88
64
88
19
34
71
19
48
91
48
58
16
63
75
55
4
1
49
98
32
14
87
38
33
8
45
92
31
92
61
89
92
78
83
45
85
28
37
54
72
95
7
59
24
94
7
94
94
11
42
65
52
40
38
55
80
82
46
75
51
74
34
5
85
30
74
22
95
81
92
27
52
6
44
92
65
69
84
0
43
48
67
62
7
53
18
37
19
8
68
3
3
83
62
39
0
95
51
58
42
89
90
81
61
41
33
52
66
68
80
4
46
25
27
35
36
88
24
75
53
3
84
98
82
7
86
61
7
91
1
5
17
72
41
94
33
67
12
39
23
16
31
63
71
67
45
84
46
74
33
77
65
50
98
51
60
36
3
41
59
54
81
37
75
4
71
14
0
9
2
57
83
45
61
52
42
89
22
85
39
7
25
98
72
70
54
49
70
87
89
41
65
97
36
83
82
92
46
7
74
80
2
9
91
40
36
91
73
99
95
40
83
42
62
90
50
82
24
65
16
5
39
7
63
10
51
47
51
29
74
53
30
84
44
5
10
53
74
72
15
15
44
25
63
87
15
48
95
63
64
77
3
13
18
92
55
13
74
29
91
91
99
75
58
71
70
98
52
94
89
90
56
57
43
60
41
30
59
78
6
80
80
54
99
60
17
92
18
14
26
9
81
85
32
63
43
30
87
44
26
99
70
8
12
65
80
90
17
39
53
66
48
20
88
32
80
98
37
40
91
16
27
37
16
89
84
76
83
74
85
24
93
32
76
45
5
52
46
55
40
58
84
6
91
31
46
66
41
79
0
23
14
15
86
75
45
6
22
33
76
52
81
90
22
34
45
72
7
30
2
1
23
3
22
5
80
93
27
86
79
92
53
54
63
14
84
66
8
96
8
88
62
29
30
73
2
33
39
63
61
45
83
58
73
18
84
4
5
57
18
23
29
85
88
64
16
86
26
95
45
97
0
13
32
44
86
54
29
85
82
91
82
17
27
58
12
26
54
28
58
79
1
4
44
40
3
33
23
91
73
1
1
11
67
19
88
11
29
56
0
54
61
20
13
17
53
89
18
81
6
96
41
26
26
25
60
22
73
4
47
24
90
78
17
7
0
87
26
73
14
56
18
12
54
21
79
8
43
39
51
40
53
98
4
31
8
57
33
29
35
6
94
87
10
22
16
64
77
98
55
88
72
58
26
36
13
91
84
9
5
9
65
85
70
96
7
2
59
79
70
34
97
16
49
18
55
70
90
38
34
61
69
37
64
24
3
78
72
74
35
1
84
22
86
55
91
13
90
68
60
84
0
34
54
32
92
14
49
35
86
3
89
18
15
66
35
50
12
41
31
34
93
84
26
74
39
50
57
54
11
67
44
66
60
79
58
82
67
98
89
28
55
95
76
60
76
91
37
2
4
62
43
91
48
63
34
42
34
53
3
28
8
99
44
96
61
60
73
61
29
59
63
49
92
92
6
72
12
18
20
55
0
85
75
33
23
4
95
81
58
73
60
21
62
19
46
47
79
90
75
74
15
41
39
99
46
94
45
91
36
77
72
75
62
94
61
36
38
12
1
0
30
84
98
29
7
18
48
81
91
84
63
62
31
40
55
30
43
86
96
18
98
25
14
28
75
11
81
22
44
79
5
88
56
81
31
84
69
30
6
68
14
12
74
7
18
55
60
5
14
48
18
0
70
38
4
24
69
16
9
42
41
39
27
0
70
85
9
43
79
77
75
74
80
42
62
8
0
36
89
4
46
69
56
42
10
71
98
72
40
16
0
21
2
1
64
47
43
83
75
68
18
1
25
96
98
47
90
2
28
37
61
31
9
4
92
38
93
28
39
6
41
78
49
70
11
19
91
82
4
60
34
56
19
32
74
76
99
49
98
8
58
93
87
11
79
35
43
52
6
4
27
8
63
26
34
39
97
37
75
33
87
49
46
16
33
76
41
97
8
75
17
55
93
44
4
41
60
67
19
21
77
90
54
87
86
37
47
66
2
73
55
25
62
26
19
28
15
14
47
17
45
92
39
42
58
49
48
44
71
48
69
9
15
84
46
71
66
66
88
82
1
39
88
93
82
7
17
56
40
70
1
49
52
69
45
16
62
85
12
99
88
40
68
36
60
17
84
25
46
75
22
70
58
88
51
75
73
70
37
28
90
55
88
68
38
73
77
16
58
61
39
56
17
96
77
4
87
63
4
16
94
55
76
60
97
1
0
75
31
55
71
75
52
6
43
14
84
14
29
1
88
53
66
5
59
32
52
40
24
86
54
54
88
61
87
54
24
16
85
17
90
22
86
77
79
94
45
0
39
89
82
41
87
91
73
4
62
55
98
10
46
28
38
74
70
13
7
15
24
76
98
73
79
15
47
47
93
67
81
26
70
95
60
70
11
82
66
34
6
65
62
74
31
36
88
52
48
79
74
55
83
66
68
80
64
16
61
16
84
18
29
84
53
9
38
4
74
15
1
45
80
1
84
92
81
10
33
80
68
30
8
3
81
48
18
20
35
20
72
5
53
34
27
93
18
44
93
37
44
46
31
69
47
86
95
85
80
1
82
41
66
44
58
31
42
23
90
18
83
31
51
80
23
64
61
40
51
99
28
19
63
26
97
78
34
90
13
74
17
28
29
10
61
83
83
53
73
7
59
82
34
15
68
68
34
82
75
37
8
94
16
24
21
8
96
53
49
38
89
55
32
96
20
29
43
69
94
26
96
23
91
34
48
71
53
5
0
59
57
69
73
27
12
42
61
21
95
88
28
15
24
1
77
67
82
5
64
51
52
79
70
46
1
59
87
60
88
76
45
19
79
1
35
94
15
25
71
26
55
60
73
9
75
5
27
18
96
38
56
45
80
40
47
98
7
85
30
92
51
79
13
99
86
15
29
63
66
62
80
24
57
43
78
49
99
95
93
55
71
74
86
64
4
2
62
50
17
98
21
32
57
61
11
6
70
82
82
94
95
81
96
93
33
67
42
60
20
27
63
62
82
36
12
31
47
75
77
29
94
27
70
95
32
38
32
37
1
65
40
53
87
95
53
42
43
89
69
93
81
40
71
31
33
73
75
85
47
97
92
13
33
46
62
92
53
11
66
45
48
94
10
69
60
27
98
59
52
44
57
4
83
89
71
90
52
46
58
98
22
62
52
2
58
77
96
86
33
58
69
97
14
51
2
63
45
58
42
6
80
81
99
28
50
57
88
25
38
71
47
53
48
79
59
29
82
90
93
81
17
14
69
25
32
39
14
89
4
67
99
28
98
88
20
64
18
60
48
69
1
21
6
39
19
15
37
2
48
2
89
67
77
38
23
21
96
11
87
84
30
58
30
98
31
83
59
77
4
41
8
19
54
4
68
9
91
67
3
40
71
77
38
9
82
3
76
20
60
42
94
66
72
14
25
61
36
4
14
26
60
77
62
85
42
61
93
93
23
33
88
18
58
0
83
23
85
56
20
7
20
30
56
19
55
35
18
26
0
56
47
83
59
83
29
46
3
23
9
77
43
15
74
77
19
73
80
24
12
4
61
50
30
39
33
19
17
94
17
28
45
65
12
83
49
63
60
12
11
51
35
3
45
15
84
19
66
70
62
34
94
30
35
42
99
33
90
16
56
4
24
71
3
19
14
23
68
1
81
61
90
21
57
22
87
82
12
38
10
93
77
84
41
64
76
25
91
94
42
79
19
76
87
18
51
1
50
37
6
45
23
0
55
91
89
95
48
45
54
69
56
68
56
86
80
47
67
71
25
50
60
79
0
73
55
98
80
2
32
83
61
76
97
13
30
27
74
8
17
42
91
35
36
69
50
57
84
90
85
21
91
79
76
13
8
92
85
82
7
73
89
74
42
39
45
80
63
15
74
16
62
94
60
91
83
62
85
48
45
11
5
11
55
75
75
4
31
72
17
89
92
19
36
77
67
83
63
2
92
37
11
99
77
56
22
84
14
71
94
44
4
41
52
91
85
43
82
69
97
42
96
47
22
1
11
78
64
93
85
12
63
65
25
44
2
86
44
59
2
54
98
56
75
52
76
20
48
97
9
45
38
84
3
36
43
84
18
6
9
72
65
6
75
15
29
11
25
95
3
58
74
44
83
91
74
86
28
50
58
36
90
8
1
65
95
90
14
37
0
58
96
1
61
59
21
60
89
82
61
80
52
65
55
32
77
69
26
42
79
11
20
38
52
15
7
65
63
96
26
29
3
79
39
30
99
5
8
19
52
69
58
54
82
3
96
93
70
99
21
17
56
64
74
1
70
61
85
78
58
10
53
74
47
5
34
81
64
77
30
66
63
45
93
46
88
45
87
63
87
26
41
70
51
21
32
90
36
85
3
87
21
87
71
83
27
74
1
8
93
98
61
88
90
10
83
66
85
34
24
74
49
12
28
74
78
58
45
87
79
67
14
47
31
77
96
60
71
25
67
81
86
54
67
17
21
1
88
21
77
95
91
12
15
82
22
16
66
84
41
29
29
73
27
81
63
53
23
81
86
78
71
28
75
35
62
79
16
8
7
22
81
87
83
65
62
49
70
57
63
79
40
91
23
13
80
6
42
66
30
55
35
94
41
36
52
12
43
86
97
53
50
97
3
61
20
22
57
25
71
72
68
20
49
67
87
16
41
66
44
5
51
1
15
42
6
85
8
2
5
45
77
71
56
99
67
78
2
76
50
30
53
91
13
65
92
23
98
72
40
71
62
11
23
78
96
67
36
8
15
4
80
27
60
7
54
48
16
57
94
30
92
43
62
58
19
23
38
40
96
95
10
99
86
53
89
11
52
58
54
85
74
64
82
72
69
43
17
34
47
47
40
53
45
8
83
3
90
16
28
53
27
59
4
33
92
89
44
12
55
89
98
78
82
91
31
91
47
9
73
69
36
24
54
95
37
61
83
69
11
15
76
84
10
90
35
94
24
39
1
33
33
55
7
39
15
39
3
41
66
80
27
45
4
32
5
45
9
93
33
28
35
24
59
65
11
38
23
39
25
97
58
87
47
29
56
98
82
41
99
51
79
19
18
95
64
78
96
49
64
40
36
97
40
45
49
62
10
40
4
77
81
91
5
87
3
50
80
86
41
17
12
80
4
24
27
40
13
98
59
21
76
14
59
12
30
49
15
51
66
87
38
62
53
35
48
24
13
31
49
84
46
61
24
34
46
45
99
27
51
91
0
72
50
57
4
60
90
86
9
46
1
99
77
57
47
2
70
69
69
32
79
44
58
0
20
7
85
82
79
58
72
58
3
85
55
70
29
97
35
53
37
73
28
86
50
24
96
95
1
2
36
47
99
55
85
0
23
64
82
62
31
86
57
72
73
96
18
84
85
90
69
82
21
89
68
68
76
31
58
8
37
13
30
78
88
47
99
27
12
92
8
82
78
97
70
74
4
12
29
97
77
56
18
77
72
95
54
0
88
16
73
29
47
79
86
19
97
4
9
57
89
77
5
26
49
11
14
80
83
3
27
30
52
74
29
59
90
14
77
65
7
75
27
16
30
55
83
14
51
42
70
