overall_acc,0.7996
loss,[10.940934686279297, 6.302388123474121, 4.23667182258606, 3.287340370941162, 2.8283060829925537, 2.602984277648926, 2.4863919524383546, 2.4180152394104004, 2.38727415435791, 2.360043997421265, 2.341208490982056, 2.3286060809326172, 2.316043576965332, 2.311932659454346, 2.3042621407318116, 2.3009219143676756, 2.300184414367676, 2.2967809771728516, 2.2938907484436033, 2.289556069107056, 2.3001907346343993, 2.305641708831787, 2.3093480533599853, 2.29199578125, 2.304892907028198, 2.306359953994751, 2.3249630296325683, 2.319475361022949, 2.3281427681732176, 2.3306472747039795, 2.327047979507446, 2.3397479929351808, 2.3402967122650145, 2.3432898638916018, 2.3626391863250733, 2.3721879908752443, 2.3721666638946535, 2.3781682541656495, 2.3860393711090087, 2.3984505893707277, 2.404267986907959, 2.405527681655884, 2.421474599304199, 2.4281318270111085, 2.431896369781494, 2.4473765658569335, 2.452427373428345, 2.4590378863525393, 2.463220306015015, 2.465436332626343, 2.4776885716247556, 2.483563820037842, 2.4795347476959226, 2.492630033950806, 2.5025086604309084, 2.5119651726531984, 2.5247442155456543, 2.512914633407593, 2.5163321203613283, 2.5176891412353517, 2.0064228295898436, 1.6350768687438966, 1.4288988440322876, 1.2872002605819701, 1.1875892324829103, 1.1298662451934816, 1.0996999272918702, 1.095070486984253, 1.0876409841918946, 1.088664348526001, 1.084092640800476, 1.0971109173202516, 1.0985722652053833, 1.0940008500289917, 1.1109488971710204, 1.10569200340271, 1.1118664107894898, 1.1093299285888671, 1.1181525145721436, 1.1286827618026734, 1.1276044283676148, 1.1427081025314332, 1.138268169670105, 1.141661990737915, 1.1399819940567018, 1.1516628848266601, 1.1502751678085328, 1.163818724746704, 1.1501113119506836, 1.173711097946167, 1.1638356818389892, 1.1701178771591187, 1.1766644884490967, 1.1642087813186646, 1.1815552222061156, 1.1810847858810425, 1.1761742659759522, 1.195317787590027, 1.1985965385055541, 1.1964277819442748, 1.2012877590560913, 1.1989627304840087, 1.1959392055511475, 1.2036633235168457, 1.197535433883667, 1.2075807265472411, 1.201850813522339, 1.2157231443023682, 1.1998767615509034, 1.2211328781509398, 1.209441049194336, 1.2044367554473876, 1.218673433494568, 1.2176328746414185, 1.2296209700393677, 1.2241332357788086, 1.2327769414901733, 1.2161570324707032, 1.2258791164779663, 1.219154489555359, 1.0828614468383788, 0.9916999875068665, 0.9529318126296997, 0.9199640950965882, 0.8907866115379334, 0.8619903686523438, 0.8347359610176086, 0.8094329099082946, 0.7838450485229492, 0.760377103729248, 0.7373855980682373, 0.7152340332221985, 0.6925671834945679, 0.6720110670852661, 0.6520933130073547, 0.6322090633964539, 0.6131408478927612, 0.5946853982543945, 0.5768862884521484, 0.5592066659355164, 0.5433846971702576, 0.5271449832344055, 0.5110918183517456, 0.49575356966018674, 0.4814616399002075, 0.46702112990379335, 0.45252659056663513, 0.4393511457157135, 0.42709829186439513, 0.4142784164142609, 0.4020426753997803, 0.3909980942726135, 0.3793057596206665, 0.3683137467384338, 0.3572368237018585, 0.34803393964767454, 0.33792157537460327, 0.32831348079681394, 0.31914291739463807, 0.30979815077781675, 0.30381548758506777, 0.30139776914596556, 0.2992459836578369, 0.29719677223205565, 0.2952390682792664, 0.29348571219444275, 0.29165560671806334, 0.2898052194404602, 0.2878799278831482, 0.2863489546108246, 0.28450289094924924, 0.28247922640800477, 0.28119095021247864, 0.2794064368057251, 0.27761361221313474, 0.27591805415153503, 0.27413340494155886, 0.27264682829856873, 0.2707042045307159, 0.2693343427944183, 0.2675288246154785, 0.26583197558403016, 0.26418284556388855, 0.2628041302871704, 0.26124742427825925, 0.2594847545146942, 0.2580586154556274, 0.25643320546150206, 0.25479655674934387, 0.25324370512008665, 0.2517873831558228, 0.2501444624710083, 0.24864363780975343, 0.2472214899587631, 0.24576407915115356, 0.24426727564334869, 0.24277512220859526, 0.241338475689888, 0.2399430337381363, 0.2384477795600891]
0,0.9565217391304348
1,0.967741935483871
2,0.8695652173913043
3,0.8275862068965517
4,0.8064516129032258
5,0.7083333333333334
6,0.782608695652174
7,0.8846153846153846
8,1.0
9,0.9473684210526315
10,0.5
11,0.42857142857142855
12,0.85
13,0.6956521739130435
14,0.7037037037037037
15,0.875
16,0.8846153846153846
17,0.9047619047619048
18,0.7352941176470589
19,0.8
20,0.8888888888888888
21,0.8947368421052632
22,0.8823529411764706
23,0.8846153846153846
24,0.782608695652174
25,0.6666666666666666
26,0.7916666666666666
27,0.7916666666666666
28,0.8
29,0.7586206896551724
30,0.7037037037037037
31,0.64
32,0.7272727272727273
33,0.6551724137931034
34,0.88
35,0.5454545454545454
36,0.8571428571428571
37,0.8421052631578947
38,0.8461538461538461
39,0.9565217391304348
40,0.8571428571428571
41,0.9545454545454546
42,0.8695652173913043
43,0.8695652173913043
44,0.5217391304347826
45,0.7105263157894737
46,0.5
47,0.7391304347826086
48,1.0
49,0.8823529411764706
50,0.7727272727272727
51,0.7142857142857143
52,0.85
53,0.9310344827586207
54,0.9090909090909091
55,0.6190476190476191
56,0.8181818181818182
57,0.6785714285714286
58,0.9142857142857143
59,0.5833333333333334
60,0.7777777777777778
61,0.7586206896551724
62,0.8846153846153846
63,0.7083333333333334
64,0.631578947368421
65,0.7272727272727273
66,0.8461538461538461
67,0.782608695652174
68,0.9523809523809523
69,0.8333333333333334
70,0.7666666666666667
71,0.8571428571428571
72,0.4090909090909091
73,0.6875
74,0.6060606060606061
75,0.9285714285714286
76,0.8571428571428571
77,0.7058823529411765
78,0.7894736842105263
79,0.8928571428571429
80,0.7931034482758621
81,0.8571428571428571
82,0.9459459459459459
83,0.9333333333333333
84,0.9259259259259259
85,0.9333333333333333
86,0.75
87,0.9
88,0.8571428571428571
89,0.8928571428571429
90,0.875
91,0.8717948717948718
92,0.68
93,0.9047619047619048
94,0.9565217391304348
95,0.6551724137931034
96,0.6521739130434783
97,0.8333333333333334
98,0.6923076923076923
99,0.9565217391304348
16
7
91
43
14
92
6
89
13
85
96
27
81
63
59
61
78
18
53
17
27
43
10
54
94
79
68
99
69
64
83
41
23
35
96
20
87
90
52
26
83
67
20
20
7
83
27
45
68
93
86
12
69
73
99
1
62
80
26
58
88
32
88
19
34
71
19
48
73
48
58
16
74
55
71
4
32
15
98
32
14
87
38
12
8
45
92
31
62
61
89
92
78
83
26
85
28
37
54
30
95
7
59
24
94
7
94
94
11
42
65
52
40
38
72
80
82
98
75
51
50
34
5
85
30
74
22
95
81
92
27
52
18
44
62
65
69
84
0
43
48
67
62
89
83
18
37
19
8
68
73
3
83
62
83
0
95
51
58
72
89
90
81
61
41
65
52
66
68
80
4
46
25
27
35
50
88
7
75
53
3
5
98
82
7
86
61
7
91
1
5
17
72
41
94
33
67
39
39
23
86
31
63
71
67
45
10
46
74
49
77
65
50
98
51
25
36
3
41
59
54
87
37
75
74
71
14
46
9
78
57
83
45
22
29
42
89
61
85
39
7
25
98
24
70
54
49
70
87
89
38
59
97
36
83
82
77
46
7
74
80
2
9
78
40
36
91
91
99
73
79
83
42
10
90
50
82
24
42
16
40
39
7
63
10
51
96
77
29
66
53
55
84
44
5
26
53
74
72
15
15
44
25
66
25
55
48
95
72
38
77
3
13
18
92
55
13
73
29
91
91
61
75
58
71
70
98
52
94
89
90
52
57
43
60
90
30
96
78
6
80
80
54
83
23
76
51
18
14
26
9
90
85
32
63
43
73
87
44
54
99
70
8
90
65
80
41
17
39
53
66
48
5
88
98
97
87
37
40
91
16
27
33
16
89
5
69
83
74
85
24
93
32
76
45
84
52
46
55
40
58
84
54
91
38
98
66
41
79
0
23
14
15
86
75
45
6
22
33
76
52
41
90
22
34
45
48
7
30
46
1
23
3
22
5
80
93
18
39
79
92
53
92
63
18
84
16
8
96
8
88
62
29
73
73
2
33
39
4
61
45
83
58
73
18
84
4
5
2
18
23
29
85
34
42
16
28
99
95
45
97
0
95
2
44
86
62
29
85
82
91
82
17
80
37
12
26
54
28
58
79
1
1
99
16
3
56
23
91
73
1
1
35
1
19
88
11
29
56
0
54
61
20
13
17
53
89
18
81
6
47
41
26
26
25
60
22
73
4
47
24
90
51
17
7
0
87
26
73
14
56
74
12
54
21
79
8
43
39
51
40
53
98
4
31
8
57
33
88
35
6
94
16
65
22
16
63
57
98
38
42
72
58
26
36
13
91
84
9
89
9
65
85
70
52
93
2
59
79
70
34
97
61
49
18
55
70
64
38
34
61
69
37
55
24
3
78
72
50
35
1
84
22
86
4
91
13
90
68
60
84
0
34
70
32
92
14
49
35
86
3
89
7
15
66
35
50
12
41
31
34
93
84
26
74
78
50
57
54
11
67
44
66
60
26
58
82
67
46
89
28
55
95
76
60
76
91
37
2
63
62
43
91
48
63
44
42
34
53
3
28
8
40
44
47
61
60
73
32
29
63
42
49
92
92
78
55
87
18
20
55
0
85
65
46
23
4
95
81
58
73
60
21
62
19
87
47
79
90
75
27
15
41
39
99
46
94
45
91
36
77
3
75
92
94
61
50
38
12
1
0
30
84
98
29
7
18
48
81
91
84
63
62
31
40
12
30
43
86
47
18
98
25
14
28
75
11
81
61
44
79
5
88
56
81
15
84
69
30
6
68
70
16
74
7
67
55
60
5
14
48
18
0
70
38
45
24
69
16
9
42
41
39
27
0
70
85
9
43
79
77
75
74
80
42
62
8
0
36
89
4
46
69
56
42
22
71
35
72
40
16
0
21
2
1
64
47
43
83
75
68
18
1
25
96
46
96
90
2
28
37
61
31
14
4
92
38
93
28
39
18
41
44
49
1
11
19
91
82
4
60
34
56
19
32
74
16
99
73
98
8
58
93
87
45
7
35
43
52
6
4
27
8
63
26
34
39
97
37
75
33
87
49
46
16
33
76
41
97
8
75
17
27
93
44
4
41
60
67
13
21
77
90
54
87
86
37
47
19
2
73
55
25
62
26
19
28
15
14
47
17
45
92
39
42
58
49
48
44
71
48
69
9
26
37
46
71
66
66
28
82
1
39
88
93
82
7
17
56
40
70
1
68
52
76
45
16
62
85
12
99
88
40
68
36
23
85
13
20
46
75
61
92
58
34
51
75
73
54
37
28
90
55
88
68
38
95
7
16
58
61
39
56
17
33
77
63
87
63
4
16
94
55
76
60
97
1
0
75
31
55
71
75
52
6
43
14
84
14
51
1
88
53
66
5
56
32
52
40
24
86
54
54
88
61
87
54
24
10
85
17
90
22
86
77
79
94
45
0
39
89
82
41
87
91
73
4
62
55
98
10
46
28
38
72
70
13
7
15
26
76
98
51
79
15
47
47
93
73
81
26
70
95
60
70
11
82
66
34
6
65
62
74
31
36
88
52
48
79
74
20
83
66
68
74
64
16
10
16
84
18
29
55
57
9
38
43
74
15
1
45
33
1
84
69
81
10
33
80
68
30
8
3
81
26
18
44
35
28
93
5
53
34
27
93
18
44
93
37
44
46
31
69
47
57
95
85
80
1
82
45
66
44
58
31
42
23
90
18
83
31
51
80
23
64
61
40
51
99
28
19
63
10
97
78
34
90
13
55
17
28
29
10
61
83
83
53
73
7
59
82
34
15
68
68
34
82
75
37
8
94
16
24
21
8
96
53
49
80
25
27
32
96
20
29
43
69
94
26
82
23
91
34
48
71
53
25
0
59
83
69
73
27
12
42
61
21
65
88
61
15
24
1
77
67
82
5
64
51
52
79
70
46
1
59
87
60
88
76
45
19
7
1
35
94
79
25
71
26
55
60
73
9
75
5
55
44
32
38
14
45
36
40
47
11
18
85
30
92
51
79
13
99
86
15
29
27
66
62
80
24
57
43
78
49
99
95
93
63
71
78
86
64
4
54
62
50
17
98
21
32
57
99
98
6
1
82
82
94
95
81
96
93
33
67
38
60
99
64
63
62
82
36
12
31
47
75
77
29
94
27
70
72
32
38
67
37
2
65
40
53
87
95
53
42
43
89
69
93
81
84
71
31
33
91
75
90
47
97
92
13
42
46
62
92
53
46
66
45
48
94
10
69
60
42
35
59
52
44
57
4
83
89
71
68
52
32
58
98
22
62
52
2
58
77
96
86
33
58
69
97
14
51
2
63
45
58
97
6
75
81
99
28
50
57
88
25
38
71
47
53
48
79
59
29
82
90
91
81
17
14
69
25
32
39
10
89
4
67
99
28
98
88
20
42
18
60
48
69
18
65
6
39
25
15
37
83
48
35
89
67
77
38
23
21
96
11
41
84
30
58
30
98
72
83
59
77
50
41
8
19
54
4
68
9
91
67
75
40
71
57
38
9
82
3
76
20
71
42
94
66
72
18
25
61
36
4
78
26
60
77
62
27
66
86
67
63
23
33
88
18
58
51
83
23
85
56
20
79
20
30
96
19
55
98
77
26
0
56
47
83
52
83
29
64
3
23
9
77
43
15
72
77
19
73
24
7
29
4
61
50
30
39
45
19
33
81
17
28
45
16
12
83
49
63
60
12
2
77
98
80
46
15
84
19
66
70
62
34
94
30
11
32
99
33
90
16
56
4
24
71
3
19
14
23
68
45
81
10
90
21
57
22
87
82
12
38
10
93
77
84
41
64
76
25
91
94
42
79
19
76
87
18
51
1
50
94
6
45
23
0
55
91
48
95
48
45
54
69
9
68
56
65
80
37
67
71
25
50
60
79
0
73
74
98
80
2
32
92
10
69
97
13
30
27
74
8
17
42
91
35
43
69
50
57
84
49
85
21
91
79
76
13
8
92
69
82
7
73
89
19
42
39
45
80
32
15
50
16
62
94
60
91
48
62
85
48
33
11
5
2
55
75
75
4
3
72
17
89
92
19
36
77
67
83
63
2
92
37
35
99
77
56
22
84
14
71
94
44
14
41
52
91
85
43
82
40
97
42
96
47
22
1
11
78
67
93
85
12
63
65
25
44
2
22
26
59
2
54
35
56
75
47
76
20
48
97
9
10
38
84
3
50
43
84
18
6
9
72
38
6
75
15
29
11
20
95
3
58
74
32
83
32
74
86
10
74
58
36
90
8
49
65
40
54
14
37
0
58
96
1
61
59
21
60
89
82
61
80
52
65
55
32
77
69
26
42
79
11
20
38
52
15
7
65
63
52
26
29
3
79
39
30
99
5
8
19
52
40
58
54
82
3
82
93
70
99
21
17
56
64
74
1
92
61
85
78
58
10
53
74
47
5
34
81
64
77
73
66
63
35
76
46
42
74
87
63
87
26
41
70
33
21
32
90
36
85
3
87
21
87
71
83
27
74
1
8
93
98
61
88
90
10
83
37
85
34
24
74
49
12
28
50
78
58
45
87
79
67
14
47
31
77
52
49
71
25
67
81
98
54
67
17
21
1
34
21
77
95
91
12
15
82
22
16
66
5
44
29
29
73
27
81
63
53
23
81
86
33
71
28
75
46
26
79
16
8
7
22
81
87
10
65
62
49
70
57
7
18
40
91
23
13
80
6
42
98
30
55
35
94
41
36
52
12
43
86
97
53
50
51
3
61
20
22
57
25
71
72
68
20
49
67
87
16
41
66
27
12
51
1
15
42
6
85
8
2
25
45
85
71
56
99
67
55
2
76
50
30
53
91
81
65
70
23
46
95
40
71
62
11
23
78
96
67
2
8
15
4
80
27
60
7
54
48
16
57
94
30
62
43
62
58
19
23
38
40
96
95
10
99
86
53
89
11
52
58
54
85
74
72
82
72
95
43
81
34
47
52
40
53
45
8
83
3
90
40
28
53
27
59
4
33
92
89
44
44
55
89
98
78
82
91
31
91
47
9
73
69
36
93
91
95
37
61
83
69
98
42
76
33
82
90
98
94
24
39
1
33
33
55
7
39
15
99
3
41
66
80
27
45
4
32
5
45
9
93
33
42
35
24
37
65
11
38
23
39
25
97
58
46
47
72
56
98
82
41
38
51
79
88
18
73
64
78
96
49
64
40
36
97
40
45
49
62
10
33
4
56
81
91
5
87
3
50
80
86
89
17
12
80
21
26
32
40
13
98
37
21
76
14
59
49
30
60
80
51
66
87
38
63
53
4
48
24
13
31
29
84
46
61
24
34
46
45
99
27
51
91
0
72
50
57
4
60
90
86
9
46
92
99
77
57
47
2
70
69
69
32
79
93
58
0
20
7
85
82
79
58
72
58
75
85
55
70
44
97
46
53
37
73
28
86
50
24
72
95
1
2
36
59
99
55
85
0
23
64
82
62
31
86
53
72
73
33
91
84
85
90
69
82
21
89
68
68
76
31
58
8
37
13
30
78
88
33
99
42
12
92
8
82
78
97
62
74
4
12
29
97
80
56
18
77
72
95
54
53
45
16
73
29
33
6
86
19
97
4
9
57
89
14
5
26
49
11
18
80
83
3
27
30
52
74
29
59
90
14
77
65
7
75
27
16
30
55
83
14
51
42
70
