overall_acc,0.7944
loss,[10.834010018463134, 6.1973002619934086, 4.185397253265381, 3.2610237928009034, 2.820847159423828, 2.604526865234375, 2.4957642617797853, 2.4346914303588867, 2.3880788984680175, 2.3736083895874023, 2.349334226760864, 2.3440661309051514, 2.3391435334777833, 2.323972592163086, 2.3106600664520265, 2.3237774259185793, 2.3077750817871094, 2.306043304672241, 2.3113299590301515, 2.3103262689208983, 2.3028386695861816, 2.313455897979736, 2.3210204682159423, 2.326545180130005, 2.327086645889282, 2.3301294482421877, 2.339071560668945, 2.3418990602874756, 2.3504151452636717, 2.3482159366607664, 2.3606253247070312, 2.37199493560791, 2.3688220749664306, 2.3748645850372316, 2.383830289154053, 2.3982895875549315, 2.402715047149658, 2.406126313018799, 2.4301023015594483, 2.426531383056641, 2.4436485939788817, 2.4447047799682617, 2.4566911110687255, 2.4478292321777344, 2.463779466094971, 2.4817765325164793, 2.4951960481262208, 2.4992580127716066, 2.508112208786011, 2.513080680618286, 2.5256489943695066, 2.5213179035949707, 2.5317994338989256, 2.540257029876709, 2.5338849904632568, 2.541528800354004, 2.546004416656494, 2.553460816726685, 2.559063015823364, 2.563441099014282, 2.047744118423462, 1.667418288345337, 1.4552447611236572, 1.3037485829162598, 1.2063083594894408, 1.154578632736206, 1.115353956222534, 1.1083113244247436, 1.107481075630188, 1.1086984753417968, 1.1097634800338745, 1.1119435231399537, 1.1221333116531371, 1.117525889968872, 1.1234274449157715, 1.1415731881713866, 1.1238819746780395, 1.1436618182373046, 1.1480277389526368, 1.1434490837097169, 1.1579798882293701, 1.160637425994873, 1.1669611238861084, 1.1674338485336304, 1.1828884507751465, 1.163257826461792, 1.1799352544784545, 1.1764265688705444, 1.1928955360794067, 1.1919919370269776, 1.1909960577392578, 1.1828949966430664, 1.1847093368148804, 1.198172193031311, 1.2036382421875, 1.2094182258987427, 1.2003049531173706, 1.2072917847824096, 1.2024036218643188, 1.2117621202087403, 1.217717039451599, 1.2134540211105347, 1.2025577042007447, 1.213167819671631, 1.2096445283508301, 1.2218316581726074, 1.2067316599655151, 1.2199662154769897, 1.2377048627471925, 1.2307831700897216, 1.2331000673294068, 1.2366325985336304, 1.2348106118392945, 1.229669623413086, 1.2392878828430176, 1.2443389120101929, 1.2358311807250977, 1.2416565197753906, 1.2404267543411256, 1.247540771522522, 1.1009054605484008, 1.0127306302452088, 0.9717591231536865, 0.9367398903656006, 0.9069415965652465, 0.8779141745185852, 0.8507850089073181, 0.825015237236023, 0.799742688922882, 0.7746516666221619, 0.7513565247154236, 0.7280399977493286, 0.7055255066490174, 0.6849009422683716, 0.663588814163208, 0.6438604380607605, 0.625034481754303, 0.6062259358024598, 0.5880638781356812, 0.5699808908081054, 0.5531533201980591, 0.536827649974823, 0.5208349597930908, 0.5051556179237365, 0.4902773506355286, 0.4753287600898743, 0.46145816336631773, 0.447513052778244, 0.4354713452911377, 0.42177252416610717, 0.40988651520729064, 0.3980318528842926, 0.3864379780292511, 0.37494571517944336, 0.36438283146858214, 0.35350194123268125, 0.3425974076080322, 0.3327537594127655, 0.32332622076034545, 0.3146436039447784, 0.3087954886341095, 0.3060466526699066, 0.30403557116508484, 0.3017758653640747, 0.29997892932891845, 0.2980731752872467, 0.29641462807655333, 0.294510533618927, 0.29259003136634826, 0.29076410002708436, 0.28890790766716, 0.2872011036586761, 0.2855262150478363, 0.28372967790603637, 0.28201504360198976, 0.280368177242279, 0.2785078497123718, 0.27681769948005674, 0.2752309692668915, 0.27347372913360596, 0.2718598667049408, 0.2704557091140747, 0.2686004880237579, 0.2670170065975189, 0.2655004683113098, 0.2638230905818939, 0.26203409393310545, 0.26058821716308594, 0.25904077726364133, 0.25753337018013, 0.2558607177066803, 0.2543089632129669, 0.25292827692985537, 0.251296720199585, 0.2497809542655945, 0.24835732641220093, 0.2467679754114151, 0.2453292022371292, 0.24383915877342224, 0.2424312534236908]
0,0.9565217391304348
1,0.9354838709677419
2,0.8260869565217391
3,0.7931034482758621
4,0.8064516129032258
5,0.75
6,0.8695652173913043
7,0.8461538461538461
8,1.0
9,1.0
10,0.35
11,0.42857142857142855
12,0.85
13,0.6521739130434783
14,0.8148148148148148
15,0.8333333333333334
16,0.8461538461538461
17,0.9047619047619048
18,0.6764705882352942
19,0.8
20,0.9444444444444444
21,0.8947368421052632
22,0.9411764705882353
23,0.8076923076923077
24,0.8260869565217391
25,0.5833333333333334
26,0.8333333333333334
27,0.7083333333333334
28,0.84
29,0.6206896551724138
30,0.8888888888888888
31,0.8
32,0.7272727272727273
33,0.6551724137931034
34,0.84
35,0.5
36,0.9047619047619048
37,0.6842105263157895
38,0.8461538461538461
39,1.0
40,0.75
41,0.9090909090909091
42,0.782608695652174
43,0.8695652173913043
44,0.6086956521739131
45,0.6842105263157895
46,0.36363636363636365
47,0.7391304347826086
48,1.0
49,0.7647058823529411
50,0.7272727272727273
51,0.7619047619047619
52,0.85
53,0.896551724137931
54,0.9545454545454546
55,0.42857142857142855
56,0.7727272727272727
57,0.75
58,0.9714285714285714
59,0.8333333333333334
60,0.8148148148148148
61,0.7586206896551724
62,0.8461538461538461
63,0.7083333333333334
64,0.6842105263157895
65,0.5909090909090909
66,0.7692307692307693
67,0.6956521739130435
68,0.9523809523809523
69,0.9
70,0.8
71,0.8095238095238095
72,0.5
73,0.59375
74,0.6060606060606061
75,0.8928571428571429
76,0.9047619047619048
77,0.6764705882352942
78,0.7894736842105263
79,0.8214285714285714
80,0.7931034482758621
81,0.9523809523809523
82,0.9459459459459459
83,0.9333333333333333
84,0.8518518518518519
85,0.9666666666666667
86,0.8214285714285714
87,0.8333333333333334
88,0.9523809523809523
89,0.8928571428571429
90,0.9166666666666666
91,0.9230769230769231
92,0.76
93,0.8095238095238095
94,0.9565217391304348
95,0.6551724137931034
96,0.5652173913043478
97,0.8333333333333334
98,0.7692307692307693
99,0.8695652173913043
16
7
91
43
14
92
6
89
13
85
47
27
81
63
59
61
78
18
53
17
26
43
10
54
94
79
68
31
69
64
83
41
23
46
59
20
87
90
52
26
83
93
20
20
7
83
27
45
68
93
22
12
69
73
99
18
70
44
26
58
88
97
88
19
3
23
19
48
91
48
58
16
63
80
71
4
32
15
98
32
14
87
38
12
8
45
92
31
62
61
89
92
78
83
54
85
28
37
54
30
95
7
59
24
94
7
94
94
11
65
65
52
40
38
34
80
82
80
75
51
74
34
5
85
30
74
22
95
81
92
27
52
6
44
62
65
69
84
0
43
48
67
62
89
83
44
58
19
8
68
96
3
83
70
39
0
40
51
58
72
12
90
81
61
41
66
52
66
68
80
43
46
25
74
35
50
88
14
75
53
3
5
46
82
7
90
61
7
91
1
5
17
72
41
94
33
67
79
39
23
28
31
63
71
67
45
10
35
74
49
77
65
50
15
51
55
36
3
41
47
54
81
37
75
55
71
14
83
9
44
57
83
45
22
52
42
89
22
85
39
7
25
98
36
70
54
49
70
87
77
41
4
97
36
83
82
6
11
7
74
80
2
9
77
40
36
91
91
99
73
40
83
42
28
90
50
82
24
42
16
28
39
7
63
10
51
96
51
29
66
53
30
84
26
5
10
53
74
72
15
15
44
84
66
77
15
48
95
66
64
77
3
13
18
92
55
13
72
29
91
91
61
75
58
71
70
98
52
94
89
90
59
57
43
60
81
30
59
78
6
80
80
54
83
60
76
61
18
14
26
9
81
85
32
63
43
73
87
44
54
99
70
8
90
65
80
41
17
39
53
66
48
5
88
5
80
46
31
41
91
16
27
37
16
89
5
76
83
74
85
24
72
32
76
91
5
52
46
95
40
58
84
6
91
63
35
66
41
79
0
23
14
21
86
75
45
6
22
33
76
52
81
90
22
34
45
48
7
30
2
1
23
3
22
5
80
93
27
86
69
92
53
54
3
18
84
10
8
59
8
88
62
29
73
73
2
33
39
65
61
45
83
58
73
18
84
4
5
57
18
23
29
85
88
64
16
86
99
95
45
97
0
69
45
44
86
54
44
85
82
91
82
17
80
58
12
26
54
28
58
79
1
33
99
57
3
33
23
91
73
1
1
11
1
19
88
11
29
56
0
54
61
20
13
17
53
89
18
81
6
96
41
26
26
25
60
22
1
4
47
24
79
78
17
7
0
87
26
73
14
56
33
12
54
21
79
8
43
39
61
40
53
98
4
31
8
57
33
83
35
6
94
87
10
22
16
42
57
2
42
88
55
58
27
36
13
91
84
9
89
9
65
85
70
59
6
2
59
79
70
34
97
81
49
18
55
70
64
38
34
61
69
37
75
24
3
78
72
33
35
1
84
22
86
4
91
13
90
68
60
84
0
34
70
32
92
14
49
35
86
3
89
44
15
66
35
50
12
41
31
34
93
84
26
74
44
50
57
54
35
67
44
66
60
26
58
82
67
98
89
28
55
95
76
60
76
91
37
2
3
62
43
91
48
63
34
42
34
53
3
28
8
18
44
47
61
60
93
61
26
63
42
49
92
92
6
57
68
18
20
55
0
85
65
44
23
66
95
81
58
73
60
21
62
19
87
47
79
90
75
91
15
41
39
99
33
94
45
91
36
77
65
75
92
94
61
50
38
12
1
0
30
84
98
29
7
18
48
87
91
84
63
62
31
40
29
30
43
86
96
33
98
20
14
28
75
2
81
22
85
79
5
79
56
81
31
84
69
30
6
68
92
81
74
7
80
23
60
5
14
48
83
0
92
38
45
24
69
16
9
42
41
39
27
0
70
85
9
43
79
77
75
74
80
42
62
8
0
36
89
15
46
69
56
42
22
71
98
63
99
16
0
21
2
1
64
47
43
92
3
68
18
1
25
96
98
47
90
2
78
37
61
31
77
4
92
38
93
28
39
18
41
44
49
70
11
19
91
82
4
60
34
56
19
32
74
16
99
49
98
8
58
93
87
45
7
35
43
47
6
4
27
8
63
26
34
39
97
37
75
33
87
49
46
16
33
76
41
97
8
75
17
55
93
27
4
41
60
30
31
21
77
90
54
87
86
37
47
19
2
73
55
25
62
26
19
28
15
14
96
69
45
92
39
42
58
49
48
44
71
48
69
9
88
37
11
71
66
66
88
82
1
39
88
93
82
7
17
56
40
70
1
68
52
69
45
16
62
85
12
99
88
40
68
36
60
85
13
20
46
75
61
70
58
34
51
75
73
70
37
28
90
55
88
68
38
1
6
16
58
61
39
56
17
33
77
63
87
63
4
16
94
90
76
60
97
1
0
75
31
27
71
75
52
6
43
14
84
18
51
1
88
53
66
5
59
32
52
40
24
86
54
54
88
61
87
54
24
40
85
17
90
22
86
77
79
94
45
0
39
89
82
41
87
91
73
4
62
72
98
51
46
28
38
9
70
13
7
15
24
76
98
51
79
15
47
47
93
67
81
26
70
95
60
70
2
82
66
34
6
65
62
74
31
36
88
47
48
79
74
55
83
66
68
27
64
16
63
16
84
18
29
26
53
9
38
4
74
15
1
45
91
1
84
92
90
10
33
80
68
30
8
3
81
48
18
20
35
28
55
5
53
34
27
93
18
44
93
85
14
46
31
69
47
57
95
85
80
1
82
41
66
44
58
31
42
23
90
6
83
31
51
80
23
64
61
40
51
99
28
19
63
93
97
78
34
18
13
74
17
28
29
10
61
83
83
53
73
7
59
82
34
15
68
68
34
82
75
37
8
94
16
24
21
8
96
53
49
38
85
27
32
96
20
29
43
69
94
26
96
23
91
34
48
71
53
5
0
59
57
69
73
50
12
42
61
21
65
88
28
15
24
1
77
67
82
5
64
51
52
79
54
11
1
59
87
60
88
76
45
55
7
1
35
94
80
86
71
26
3
60
73
9
75
5
72
18
67
38
56
45
80
40
52
2
7
85
30
92
51
79
13
99
86
15
29
63
66
62
80
24
57
43
78
72
99
95
93
63
71
78
86
64
4
51
62
50
17
35
21
32
57
61
2
6
92
82
82
94
95
81
96
1
33
67
31
90
99
64
63
62
82
36
12
31
47
75
77
29
94
27
70
95
32
38
32
37
3
65
40
53
87
95
53
42
43
89
69
93
81
40
71
19
33
91
75
85
47
97
62
81
19
46
83
92
53
46
50
45
48
94
61
69
60
42
35
59
52
79
57
4
83
89
71
58
52
32
58
98
22
62
52
2
58
77
96
86
33
58
69
97
14
51
2
4
45
58
42
6
75
81
99
28
50
57
88
25
38
23
47
53
48
79
59
29
82
90
93
81
17
14
69
25
32
39
1
89
4
67
99
28
98
88
20
4
18
60
48
69
18
65
6
39
25
15
37
2
48
98
89
73
79
38
23
21
96
11
16
84
30
58
30
46
31
83
59
77
74
41
8
19
54
4
68
9
91
67
19
40
71
77
38
9
82
3
76
20
60
42
94
66
72
6
25
61
36
55
14
10
60
77
62
85
79
26
67
93
23
33
88
18
58
51
83
23
85
56
20
7
20
30
47
19
44
98
18
26
0
56
96
57
59
10
40
38
3
30
9
77
43
15
74
77
19
73
38
7
29
4
61
50
30
39
26
19
17
9
17
28
45
28
12
83
26
63
60
12
35
77
98
34
40
15
84
19
66
70
62
34
94
30
2
25
99
33
90
16
56
4
24
71
3
19
14
23
68
45
81
10
90
21
57
22
87
82
12
38
10
93
77
84
41
64
76
25
91
94
42
79
19
76
87
18
51
1
50
37
6
45
23
0
55
91
89
95
48
45
54
69
83
68
56
86
80
47
67
71
25
50
60
79
0
44
55
46
80
2
32
92
61
69
97
13
30
27
74
8
17
42
91
11
4
69
50
57
84
49
85
21
91
79
76
13
8
92
69
82
79
73
89
74
42
39
45
80
4
15
50
16
82
94
60
91
83
62
85
48
59
11
5
2
44
75
75
4
31
72
17
89
70
19
36
22
67
83
63
2
92
37
98
99
77
56
22
84
14
71
94
44
12
41
52
91
85
43
82
40
97
42
96
47
22
1
11
78
99
93
85
18
63
65
25
44
2
86
44
59
2
54
98
56
75
47
76
20
48
97
9
81
38
5
3
36
43
84
18
6
9
72
38
6
75
15
29
11
5
95
3
58
74
78
83
91
74
86
22
74
58
36
90
8
40
80
40
41
14
81
0
58
96
1
61
59
21
60
89
82
61
80
52
65
55
32
77
69
26
42
79
11
20
38
52
15
26
65
63
96
26
29
3
79
39
30
99
5
8
38
52
40
58
54
82
3
82
93
70
99
21
17
56
64
74
1
70
61
85
78
58
10
53
74
47
5
34
81
64
77
30
66
63
45
30
46
66
45
87
72
87
26
41
70
22
21
32
90
36
85
3
87
21
87
71
83
27
74
1
8
93
98
61
88
90
10
83
66
13
34
24
74
49
12
28
3
78
58
45
87
79
63
14
47
31
77
59
60
71
25
67
81
98
54
67
17
21
1
88
21
77
95
91
12
15
82
22
16
66
25
1
44
31
73
27
81
63
53
23
81
86
78
71
28
75
98
62
79
16
8
7
22
81
87
83
65
62
49
70
57
63
18
40
91
23
13
80
6
42
98
30
55
35
94
41
36
59
12
43
86
97
53
50
97
3
61
20
22
57
25
71
72
68
20
49
67
87
16
41
66
44
12
54
1
15
42
6
85
8
2
25
45
85
71
56
99
67
78
2
76
50
30
53
91
81
65
92
23
2
95
40
30
62
11
23
78
96
67
36
8
15
4
80
27
60
7
54
48
16
57
94
30
92
43
62
58
19
23
38
40
33
95
16
99
86
53
89
11
52
58
54
85
74
72
82
72
32
43
81
34
47
52
40
53
45
8
83
3
90
40
28
53
27
59
4
33
92
89
44
44
4
89
98
78
82
91
31
91
47
9
73
69
36
57
91
95
16
61
83
69
11
4
76
22
82
90
98
94
24
39
1
33
41
55
7
39
15
78
3
41
66
80
27
45
3
32
5
45
9
44
33
28
11
24
56
65
11
38
23
39
25
97
85
87
47
44
56
98
82
41
38
51
45
66
18
73
64
78
96
49
64
40
36
97
40
45
49
62
28
49
4
18
81
91
5
87
3
50
80
86
89
17
12
80
55
6
27
40
13
98
37
21
76
14
59
49
30
33
80
51
66
87
38
63
53
4
48
24
13
31
49
84
46
61
24
34
46
45
99
55
51
91
0
72
50
57
4
60
90
86
9
98
92
99
77
57
14
2
70
69
69
32
79
93
58
0
20
7
50
82
79
58
72
58
3
85
38
70
44
97
35
53
37
73
28
86
50
24
12
95
1
2
36
59
99
91
85
0
60
64
82
62
31
86
57
72
73
80
91
84
85
90
69
82
21
89
68
68
76
31
58
8
81
13
30
78
42
96
99
42
12
92
8
82
78
97
62
74
4
12
29
97
80
56
18
77
72
95
54
0
45
5
73
29
33
14
86
19
97
4
9
57
89
14
86
26
49
11
14
55
83
3
27
30
52
74
29
59
90
14
77
4
7
75
27
16
30
64
83
14
51
42
70
