overall_acc,0.794
loss,[10.866382790679932, 6.21693672744751, 4.181157351074218, 3.260634604034424, 2.8239521169281008, 2.603635295715332, 2.4925978724670412, 2.426849401016235, 2.3853710398101806, 2.3677596199798585, 2.3492968120574953, 2.332184706878662, 2.3340364743804933, 2.3242574407196046, 2.320034985046387, 2.3167230346679686, 2.311760802154541, 2.304092048339844, 2.318922018508911, 2.29930025428772, 2.312236867752075, 2.3163576442718505, 2.323478321304321, 2.3183894621276857, 2.335932640838623, 2.339776200714111, 2.3336859627532958, 2.3391401953125, 2.34041299949646, 2.3540445900726317, 2.3606636277008057, 2.3582174111938476, 2.380715550994873, 2.3722211842346193, 2.3738094023132326, 2.39052729133606, 2.40249859413147, 2.4126311337280275, 2.4155576162719727, 2.416136728591919, 2.4232234661865233, 2.431758697509766, 2.443636990814209, 2.4478904196929934, 2.4489498274993897, 2.4599610234069824, 2.4786027520751954, 2.492154909133911, 2.4874607613372803, 2.4841809901428222, 2.4987655298614504, 2.5040782750701904, 2.5169528749084473, 2.5177789820098875, 2.519165312957764, 2.5238829456329346, 2.53019080909729, 2.5315295928955077, 2.5220525606536865, 2.541292571182251, 2.0276512995147704, 1.657441824798584, 1.4481676610183716, 1.3057945111083984, 1.207144370994568, 1.1523965508651732, 1.1273658754348754, 1.1148238613891601, 1.102743692779541, 1.1062555796432496, 1.1107782566070556, 1.1129812351989745, 1.1154914392852784, 1.11848309009552, 1.1269706838226319, 1.115909489364624, 1.129572707939148, 1.1424310583877564, 1.1462656727981568, 1.1519650839233397, 1.147926700744629, 1.156558547668457, 1.1592248920059205, 1.1689474317169188, 1.1649061572647095, 1.1612587709808349, 1.1646909762573243, 1.172691640548706, 1.1738932084274292, 1.1670622633361816, 1.192965982284546, 1.1819297332382201, 1.1934316296386718, 1.19737661403656, 1.1848181167602538, 1.2016739495849609, 1.1965423712158203, 1.2062896609497071, 1.2116934212875365, 1.2065904082107544, 1.1978913428878784, 1.2130147066497803, 1.2067595780944824, 1.204985239906311, 1.2207016054153443, 1.212364931869507, 1.216602550392151, 1.2238520012664795, 1.2274317233276366, 1.2155756618118285, 1.242270426864624, 1.2303149996185303, 1.226085139427185, 1.2382195986938476, 1.2303356090927124, 1.2298755982589722, 1.2340862838745117, 1.2285416049194335, 1.230896768760681, 1.2420079726028443, 1.1040701607894898, 1.0092933851051331, 0.9697143417167664, 0.9355717318916321, 0.9058890875053406, 0.8779495057296753, 0.8492962663841248, 0.8235000420951843, 0.7983165510368347, 0.773048099937439, 0.7496928384590149, 0.7272373039627075, 0.7056844974136353, 0.6839016101264953, 0.6638928122329711, 0.6432373402023316, 0.6244295093154907, 0.6054938134002685, 0.5873716297721863, 0.5695653639411926, 0.5527050544929505, 0.5359896509361267, 0.5198301486587524, 0.5045141437911987, 0.4896085189628601, 0.4749817877960205, 0.46075135986328125, 0.4471035200595856, 0.4348858829116821, 0.4220275280761719, 0.40873899667739866, 0.3971697574901581, 0.38530256804466245, 0.3746301577949524, 0.3636035512638092, 0.35347472105026245, 0.3434021976566315, 0.33381944584846496, 0.3233037146282196, 0.31446860012054445, 0.3085118172740936, 0.3061823803138733, 0.304098295879364, 0.30191321660995485, 0.2998870910263062, 0.29804821952819827, 0.29620406339645383, 0.2944069633388519, 0.2925581798839569, 0.29083371552467346, 0.2890364734840393, 0.28723918809890747, 0.28548550797462463, 0.28392431587219236, 0.28199627809524536, 0.280387441368103, 0.27867024259567263, 0.27677466490745545, 0.2752053122806549, 0.27346434186935425, 0.27186906818389894, 0.27018478520393374, 0.26857358798027037, 0.26701264167785643, 0.26550602248191835, 0.26377672410011294, 0.2623977184867859, 0.2606846452140808, 0.2588317910575867, 0.2574605585575104, 0.2559382985210419, 0.2545373987579346, 0.2529259080982208, 0.25143737384796144, 0.24975371848106384, 0.24850757924079894, 0.2469826935005188, 0.24550237209796905, 0.24396323310375215, 0.2425453922843933]
0,1.0
1,0.8709677419354839
2,0.7391304347826086
3,0.7241379310344828
4,0.8064516129032258
5,0.7083333333333334
6,0.8260869565217391
7,0.8846153846153846
8,1.0
9,1.0
10,0.45
11,0.47619047619047616
12,0.75
13,0.6521739130434783
14,0.8148148148148148
15,0.8333333333333334
16,0.9230769230769231
17,0.9047619047619048
18,0.7647058823529411
19,0.76
20,0.8888888888888888
21,0.8947368421052632
22,0.9411764705882353
23,0.8076923076923077
24,0.8260869565217391
25,0.5833333333333334
26,0.8333333333333334
27,0.7916666666666666
28,0.8
29,0.6896551724137931
30,0.8518518518518519
31,0.8
32,0.7727272727272727
33,0.6551724137931034
34,0.88
35,0.5454545454545454
36,0.9047619047619048
37,0.7894736842105263
38,0.7307692307692307
39,0.9565217391304348
40,0.75
41,0.9090909090909091
42,0.7391304347826086
43,0.8695652173913043
44,0.5217391304347826
45,0.7105263157894737
46,0.5
47,0.8260869565217391
48,1.0
49,0.8823529411764706
50,0.7272727272727273
51,0.6190476190476191
52,0.85
53,0.9310344827586207
54,0.9090909090909091
55,0.6190476190476191
56,0.8636363636363636
57,0.7142857142857143
58,0.9714285714285714
59,0.625
60,0.8148148148148148
61,0.7931034482758621
62,0.8076923076923077
63,0.7916666666666666
64,0.631578947368421
65,0.7272727272727273
66,0.8461538461538461
67,0.6086956521739131
68,0.9523809523809523
69,0.8666666666666667
70,0.8666666666666667
71,0.7142857142857143
72,0.5
73,0.59375
74,0.6666666666666666
75,0.9285714285714286
76,0.9047619047619048
77,0.7058823529411765
78,0.8421052631578947
79,0.75
80,0.7241379310344828
81,0.8571428571428571
82,0.918918918918919
83,0.8
84,0.8518518518518519
85,1.0
86,0.75
87,0.9
88,1.0
89,0.9285714285714286
90,0.875
91,0.9230769230769231
92,0.68
93,0.8095238095238095
94,0.9565217391304348
95,0.7241379310344828
96,0.5652173913043478
97,0.7916666666666666
98,0.6923076923076923
99,0.8695652173913043
16
7
91
43
14
92
6
89
13
85
47
74
81
63
59
10
78
18
53
17
27
43
10
54
94
79
68
31
69
64
83
41
23
11
96
20
87
90
52
26
83
57
20
20
7
83
27
45
68
93
86
12
60
45
99
1
62
44
26
58
88
64
88
19
3
71
19
48
91
48
58
16
63
75
71
4
32
15
98
32
14
87
38
12
8
45
92
31
62
61
89
92
78
83
45
85
28
37
54
30
95
7
59
24
94
7
94
94
11
42
65
52
40
38
55
4
82
46
75
93
74
34
5
85
30
74
22
95
81
92
91
52
18
18
62
65
69
84
0
43
48
67
62
89
53
67
81
19
8
68
3
3
83
70
83
0
95
51
58
74
89
90
81
61
41
14
52
66
68
80
4
11
25
27
35
50
88
7
75
53
3
5
98
82
7
81
61
7
91
1
5
37
72
41
94
33
67
8
39
23
6
31
63
71
67
45
10
35
74
49
77
75
50
98
40
27
36
3
41
47
54
81
37
75
74
71
14
24
9
44
57
83
45
61
52
63
89
22
85
39
7
25
98
4
70
70
49
70
87
89
41
31
97
36
83
82
88
46
7
74
80
2
9
51
40
36
91
91
99
73
69
83
42
10
90
50
82
24
65
16
40
39
7
63
10
51
96
77
29
66
53
30
84
44
5
26
53
74
72
15
15
44
5
66
20
55
48
95
63
64
77
3
13
18
92
66
13
30
29
91
91
99
75
58
71
54
98
52
94
89
90
56
57
43
60
90
30
59
78
6
80
80
54
99
60
76
2
18
14
26
9
81
85
32
63
43
91
87
44
54
99
70
8
90
65
80
41
17
39
53
66
48
5
88
75
80
87
37
41
91
16
27
33
16
89
25
76
83
74
85
24
55
32
76
33
37
52
46
55
40
58
84
54
91
31
35
66
7
79
0
23
14
15
86
75
45
6
22
33
76
52
81
90
22
34
45
66
7
30
2
1
23
3
22
5
80
93
27
39
79
62
53
92
63
18
84
66
8
59
8
88
62
29
30
73
2
33
39
4
61
45
83
58
73
18
84
4
5
57
18
23
29
85
34
64
16
28
26
95
45
97
0
46
32
44
86
54
29
85
82
91
82
17
4
58
12
26
54
28
58
14
1
33
44
16
3
33
23
91
73
1
1
98
1
19
88
11
29
56
0
54
61
20
13
17
53
89
18
81
6
59
41
26
26
25
60
22
93
55
47
24
79
78
17
7
0
87
26
95
14
56
18
12
54
21
79
8
43
39
51
40
53
98
4
31
8
57
33
24
35
6
94
94
10
22
16
63
57
2
18
88
72
58
26
36
13
91
84
9
89
9
65
85
70
52
7
2
59
79
70
34
97
16
49
18
55
70
90
38
34
61
69
37
96
24
15
78
72
33
2
1
84
22
86
4
91
13
90
68
60
84
0
34
18
32
92
14
49
35
40
3
89
44
15
66
35
50
12
41
31
34
93
84
26
74
78
50
57
54
11
67
44
66
60
45
58
82
67
98
89
28
55
95
76
60
76
91
37
2
4
62
43
91
48
63
34
42
34
53
3
28
8
40
44
47
61
60
73
61
29
63
63
49
92
92
6
57
87
18
20
50
0
85
65
33
23
4
95
81
58
73
60
21
62
19
87
47
79
90
75
91
15
41
39
99
46
94
45
91
36
77
3
75
62
94
61
36
38
12
1
0
30
84
98
29
7
18
48
81
91
84
63
62
31
40
55
30
10
86
47
96
98
20
14
28
75
41
81
22
44
79
5
88
56
81
31
84
69
30
6
68
70
81
74
7
80
55
60
5
14
48
18
0
70
38
26
24
69
16
9
42
41
39
27
0
70
85
9
43
79
77
75
74
80
42
62
8
0
36
89
4
46
69
56
42
10
71
35
63
40
16
0
21
2
1
31
47
43
92
65
68
18
1
25
96
46
47
90
35
28
37
61
31
14
4
92
38
93
28
39
18
41
44
49
1
11
19
91
82
4
60
34
56
19
32
74
87
99
49
98
8
58
93
87
11
79
35
43
52
6
4
27
8
63
26
34
39
97
96
75
33
87
49
46
16
33
76
41
97
8
75
17
55
93
44
4
41
60
67
55
21
77
90
54
87
86
37
47
19
2
73
55
25
62
26
19
28
15
14
47
17
45
92
39
42
58
49
48
44
71
48
69
9
26
94
46
71
66
66
88
82
48
39
88
93
82
7
17
56
40
70
14
68
52
69
45
16
62
85
12
99
88
40
68
36
60
17
87
20
46
75
61
92
58
97
51
75
73
70
37
28
90
55
88
68
38
91
79
16
58
61
39
56
17
33
77
50
87
75
4
16
94
55
76
60
97
1
0
75
31
55
71
75
52
6
43
14
84
14
80
1
88
53
66
5
56
32
52
40
24
86
54
54
88
61
87
54
24
10
85
17
90
22
86
77
79
94
45
0
39
89
82
41
87
91
73
4
62
55
2
72
46
28
38
32
70
13
7
15
24
76
98
75
8
15
47
47
93
73
13
26
70
95
60
70
11
82
66
34
6
65
62
74
31
36
88
52
48
79
38
55
57
66
68
4
64
16
72
16
84
18
29
93
53
9
74
43
74
15
1
93
96
1
84
69
81
10
33
80
68
30
8
3
81
26
18
45
35
28
74
5
53
34
27
93
6
44
93
85
14
35
31
69
47
86
95
85
80
1
82
45
66
44
58
31
42
23
90
18
83
31
51
80
23
64
61
16
51
99
28
19
63
7
97
78
34
71
13
50
17
28
29
10
57
83
83
53
73
7
52
82
34
15
68
68
34
82
75
37
8
94
16
24
21
8
96
53
49
38
85
27
32
96
20
29
43
69
94
26
82
23
91
34
48
23
53
5
0
59
83
69
73
27
12
42
61
21
65
88
10
15
24
1
77
67
82
5
64
51
52
79
70
46
1
59
87
60
88
76
45
19
7
1
35
94
80
25
71
26
72
60
73
9
75
5
74
27
32
38
14
45
80
40
52
35
7
85
30
83
51
79
25
99
86
15
29
66
66
62
80
24
57
43
78
49
99
95
93
63
12
74
86
64
4
3
62
50
17
98
21
32
57
61
11
6
92
82
82
94
95
81
96
77
33
67
31
60
8
64
63
62
82
36
76
31
47
75
77
29
94
27
70
95
32
74
32
37
2
65
40
53
87
95
53
42
43
89
69
93
81
40
71
31
33
91
75
85
47
97
1
81
19
46
83
92
53
35
66
45
48
94
10
69
60
42
35
59
47
44
57
4
83
89
71
58
52
46
58
98
22
62
52
2
58
77
96
86
33
58
69
97
14
51
2
63
45
58
42
6
75
81
99
28
50
57
88
25
38
23
47
53
48
79
59
29
82
90
93
81
17
14
69
25
32
39
1
89
72
67
99
28
98
88
20
42
18
71
48
69
18
21
6
39
25
43
37
78
48
93
89
73
77
38
23
21
96
11
91
84
30
58
30
98
72
45
59
77
4
41
8
19
54
4
68
9
91
67
3
40
71
57
38
9
82
3
76
20
60
42
94
66
72
14
25
61
36
4
14
10
60
77
62
85
75
16
67
93
23
33
88
18
58
0
83
23
85
56
20
7
20
30
52
19
4
98
18
26
0
56
47
83
47
83
29
3
3
23
9
77
43
15
72
77
19
73
24
7
40
4
61
50
30
39
43
19
51
9
17
28
45
16
12
83
49
63
60
12
35
51
98
68
46
15
84
19
34
70
62
34
94
30
11
33
99
33
90
16
56
4
24
71
3
19
14
23
68
45
81
61
90
21
57
22
87
82
90
38
10
93
77
84
41
64
76
25
91
94
42
79
19
76
87
18
51
1
50
37
6
45
23
0
55
91
89
95
48
48
54
69
83
68
56
2
80
12
67
71
25
50
60
79
0
1
55
46
80
2
32
92
10
69
97
13
30
27
74
8
17
42
91
46
43
69
50
57
84
49
85
21
91
79
76
13
8
92
69
82
7
73
89
32
42
39
26
80
4
15
74
16
82
94
71
91
83
62
85
48
59
11
5
11
79
75
75
4
27
72
17
89
70
19
36
77
67
83
63
2
92
37
2
99
77
56
22
84
14
71
94
44
85
41
52
91
85
43
82
40
97
21
96
47
22
1
11
78
72
93
85
18
63
65
25
44
2
86
44
59
2
54
98
56
75
52
76
20
48
97
9
78
38
5
3
36
43
84
18
6
9
72
38
6
75
15
29
35
20
95
3
58
74
14
83
91
74
86
10
74
58
36
90
8
49
65
22
10
14
37
0
58
96
1
61
59
21
60
89
82
61
80
52
65
55
32
77
69
26
42
79
11
20
38
52
15
79
65
63
96
26
29
3
79
39
30
99
5
8
67
52
40
58
54
82
31
96
93
70
99
21
17
56
64
74
1
92
61
85
78
58
10
53
74
47
5
34
81
64
77
73
66
63
45
93
46
27
45
87
63
87
26
41
70
22
21
32
90
36
85
3
87
21
87
71
53
27
63
1
8
93
98
61
88
15
10
83
55
85
34
24
74
49
12
28
50
45
58
45
87
79
63
14
47
31
77
52
60
71
25
73
81
98
54
67
17
21
1
88
21
77
95
91
12
15
82
22
16
66
25
41
29
29
73
27
81
63
53
23
81
86
78
71
28
75
98
26
79
16
8
7
22
81
87
83
65
62
49
70
57
77
18
40
91
23
13
80
6
42
66
30
95
35
94
41
36
52
12
43
86
97
53
50
97
3
61
20
22
57
25
71
14
68
20
49
67
87
16
41
66
27
87
51
62
15
42
6
85
8
2
5
45
93
71
56
99
67
78
2
76
50
30
53
91
68
65
92
23
46
72
40
30
62
11
23
78
96
67
36
8
15
4
80
27
60
7
54
48
16
57
94
30
92
43
92
58
19
23
31
40
47
95
22
99
86
53
89
11
52
58
54
85
74
72
82
72
69
43
81
34
47
47
40
53
45
8
83
3
90
40
28
53
27
59
4
33
54
89
44
44
4
89
98
78
82
91
31
91
47
9
73
69
36
57
91
95
37
61
83
69
11
64
76
84
78
90
98
94
24
39
1
33
27
55
79
39
15
78
3
41
66
80
27
45
4
32
5
45
9
93
33
9
46
24
59
65
11
38
23
39
25
97
58
25
47
44
56
98
82
41
38
51
45
34
18
95
64
78
96
49
64
40
36
97
40
45
49
62
10
49
4
79
81
91
5
87
3
50
80
86
89
17
12
80
46
24
32
25
13
98
37
21
76
74
59
49
30
49
80
51
66
87
38
21
53
4
48
24
13
31
29
84
46
61
24
34
46
45
99
27
51
91
0
72
50
57
4
60
90
86
9
46
92
99
77
57
14
2
70
69
69
32
79
18
58
0
20
7
85
82
79
58
95
58
3
85
55
70
44
97
98
53
37
30
28
86
50
24
31
95
1
2
36
96
99
55
85
0
60
64
82
62
31
86
57
72
73
63
91
84
85
90
69
82
21
89
68
68
76
31
58
8
81
13
30
78
8
47
99
27
12
92
8
82
78
97
62
74
4
90
33
97
77
56
18
77
3
95
54
0
45
16
73
29
33
14
86
19
97
4
9
57
89
6
5
26
49
11
14
80
83
21
27
30
52
74
29
59
90
14
77
65
7
75
27
16
30
72
83
14
51
42
70
