overall_acc,0.794
loss,[10.881187360534668, 6.256412982788086, 4.210009992828369, 3.2817977793121336, 2.833699692840576, 2.6206200951385497, 2.4958477201843263, 2.436564287643433, 2.398102620162964, 2.3697052646636965, 2.3572541091918944, 2.3439091386413575, 2.336429507369995, 2.328627296142578, 2.322135107879639, 2.321372616882324, 2.3124493698883057, 2.3192658457946775, 2.3250045989990236, 2.3136948025131225, 2.321078699569702, 2.313641564025879, 2.3245519370269774, 2.3248290637969973, 2.3327046417999266, 2.3298350457763672, 2.336156371841431, 2.3410552672576905, 2.3435572303771974, 2.35889562789917, 2.3522671796417236, 2.3605819953918457, 2.3807542008972167, 2.3794037138366697, 2.381927891845703, 2.403539725418091, 2.3931988889312743, 2.415360442428589, 2.4125436181640625, 2.440834672088623, 2.4487328240966795, 2.4400069175720214, 2.462045054473877, 2.4652100299072264, 2.480003268432617, 2.472482065124512, 2.4803034715270997, 2.492249662094116, 2.5015719081115724, 2.5223729821014405, 2.504708779373169, 2.5125338582611083, 2.521972744445801, 2.524905343780518, 2.529323361968994, 2.5338553147888185, 2.5549873727416994, 2.542699437713623, 2.5592690589904783, 2.5599907011413574, 2.0417661853790285, 1.6639792321014404, 1.4567993828964234, 1.31358703414917, 1.2134096655654907, 1.155875430870056, 1.1268338945770264, 1.1136752069854736, 1.1128306540298463, 1.0979975326538085, 1.1087797748947144, 1.1187690575027467, 1.1138691630935669, 1.1188167923736572, 1.1265817562866212, 1.1321834719467163, 1.1297348406982421, 1.1375267096710204, 1.148179027481079, 1.1493933015823363, 1.1597129063415528, 1.148358278274536, 1.1566130195236206, 1.163771079750061, 1.1701155461502075, 1.1797278318786621, 1.177018253326416, 1.1901084663009645, 1.171520991706848, 1.191746814994812, 1.1848268195343017, 1.1902560120773316, 1.1986616004943849, 1.1979746495819092, 1.2141820580673217, 1.2068942573547363, 1.214086480369568, 1.209186631126404, 1.2057234157562255, 1.2123970919418334, 1.2103562189483643, 1.2213053058242798, 1.222598709526062, 1.2162035283660888, 1.208437599029541, 1.2307942218399048, 1.2308618978118897, 1.2237609349822998, 1.2223557273864747, 1.23275268863678, 1.2400153199005126, 1.2386268699645997, 1.2413903242874145, 1.2381318698883057, 1.2439288735580445, 1.2502309325790406, 1.2452399626159667, 1.2343339259719848, 1.2505117221069335, 1.2545778366851807, 1.1043682009506226, 1.0164007330322267, 0.9760254935073852, 0.9431539115715026, 0.9123837914466858, 0.8829718852233887, 0.8547379035758972, 0.828506575050354, 0.8028364791297913, 0.7788115439605713, 0.7557576988792419, 0.7322513806343078, 0.7095665663337708, 0.6885518894004822, 0.6680656579399109, 0.6477884121131897, 0.6287094652175903, 0.6094391781234741, 0.5912197061729431, 0.5736387559890747, 0.5558305616378785, 0.5395266925048828, 0.5237232157707215, 0.5079388177108765, 0.49236326107978823, 0.47756078776359556, 0.463387129945755, 0.45023962953567503, 0.4372590845394135, 0.42395758116722104, 0.4113455132484436, 0.3990505223369598, 0.38808846343040465, 0.37654637281417846, 0.3666091093254089, 0.35516914148330686, 0.3446635603523254, 0.33542938886642454, 0.32583247247695923, 0.31685397138595583, 0.3103653284072876, 0.3080102685070038, 0.3058489104270935, 0.30381899183273314, 0.3019450139808655, 0.29988747670173643, 0.2980216765213013, 0.2964778821659088, 0.29427670370101927, 0.2926900827217102, 0.2908674229240418, 0.28915143893241885, 0.28733018003463745, 0.28559863421440124, 0.2838807030773163, 0.28197978194236756, 0.2802512696170807, 0.278549771156311, 0.27692809478759767, 0.27530334250450134, 0.27351648731231687, 0.2719607949733734, 0.27022385977745056, 0.2687044208908081, 0.26713824973106387, 0.26540358372688294, 0.26390503854751585, 0.2622814818000793, 0.2606522552490234, 0.2590573899269104, 0.2574427803707123, 0.2560671626472473, 0.25438140707969664, 0.2528758160591125, 0.25122241614341734, 0.24974391143798827, 0.24822421701431274, 0.24682315798282622, 0.24535177849769593, 0.24389135921478272]
0,1.0
1,0.9032258064516129
2,0.8260869565217391
3,0.7586206896551724
4,0.7741935483870968
5,0.7916666666666666
6,0.6956521739130435
7,0.8461538461538461
8,1.0
9,1.0
10,0.45
11,0.6190476190476191
12,0.8
13,0.6956521739130435
14,0.8148148148148148
15,0.9166666666666666
16,0.8846153846153846
17,0.9523809523809523
18,0.6764705882352942
19,0.84
20,0.7777777777777778
21,0.8947368421052632
22,0.8823529411764706
23,0.8846153846153846
24,0.8695652173913043
25,0.5
26,0.875
27,0.7916666666666666
28,0.88
29,0.6551724137931034
30,0.7777777777777778
31,0.84
32,0.6818181818181818
33,0.6206896551724138
34,0.84
35,0.36363636363636365
36,0.9047619047619048
37,0.7368421052631579
38,0.8076923076923077
39,1.0
40,0.7857142857142857
41,0.8636363636363636
42,0.8260869565217391
43,0.8695652173913043
44,0.6521739130434783
45,0.6578947368421053
46,0.4090909090909091
47,0.7391304347826086
48,1.0
49,0.8235294117647058
50,0.7727272727272727
51,0.8095238095238095
52,0.75
53,0.896551724137931
54,0.9545454545454546
55,0.6190476190476191
56,0.8181818181818182
57,0.6785714285714286
58,0.8571428571428571
59,0.625
60,0.7777777777777778
61,0.8275862068965517
62,0.8846153846153846
63,0.8333333333333334
64,0.6842105263157895
65,0.5909090909090909
66,0.8461538461538461
67,0.6956521739130435
68,0.9523809523809523
69,0.9333333333333333
70,0.9
71,0.7142857142857143
72,0.5454545454545454
73,0.65625
74,0.6666666666666666
75,0.9285714285714286
76,0.8571428571428571
77,0.7352941176470589
78,0.8421052631578947
79,0.7142857142857143
80,0.7586206896551724
81,0.9047619047619048
82,0.9459459459459459
83,0.8333333333333334
84,0.8888888888888888
85,0.9666666666666667
86,0.75
87,0.8666666666666667
88,0.9523809523809523
89,0.8928571428571429
90,0.875
91,0.8974358974358975
92,0.64
93,0.8095238095238095
94,0.9130434782608695
95,0.6551724137931034
96,0.6086956521739131
97,0.8333333333333334
98,0.6153846153846154
99,0.9130434782608695
16
7
91
43
14
92
79
89
13
85
47
18
81
63
59
10
78
24
53
17
27
43
10
54
94
79
68
31
69
64
83
41
23
11
96
20
87
90
52
26
83
57
20
20
7
83
27
45
68
93
86
12
60
73
99
18
62
44
26
58
88
42
88
19
3
71
19
48
44
48
58
16
63
75
55
4
1
19
98
32
14
87
38
12
8
45
92
31
62
10
89
62
78
83
26
85
28
37
54
55
95
7
59
24
94
7
94
94
11
42
65
52
40
38
55
80
82
80
75
51
32
34
5
85
30
74
22
95
81
92
27
52
18
44
62
72
69
84
0
43
48
67
62
89
53
99
90
19
8
68
30
3
53
70
39
0
40
51
13
19
89
90
81
61
41
66
52
66
68
80
4
46
5
4
35
50
88
7
75
53
3
5
98
82
7
81
61
7
91
1
5
17
72
41
94
33
67
39
39
23
28
31
63
71
67
45
84
84
74
49
77
65
50
46
51
85
36
93
41
47
54
87
37
75
74
71
14
0
9
44
57
83
45
28
59
63
89
22
85
39
7
89
98
24
70
70
49
70
87
89
41
25
97
36
83
82
96
11
7
74
80
2
9
93
40
36
91
91
99
73
79
83
42
70
90
50
82
24
38
16
28
39
7
63
10
51
96
51
29
66
53
55
84
27
5
10
53
74
72
38
15
44
5
66
77
55
48
73
18
64
77
3
13
18
92
55
13
95
29
91
91
61
75
58
71
70
98
52
94
89
90
52
57
43
60
41
30
59
78
6
80
80
54
99
60
17
61
18
14
26
9
81
85
32
63
43
73
87
44
54
99
70
8
90
65
80
90
17
39
53
66
48
5
88
98
80
46
37
40
91
16
27
37
16
89
5
76
83
74
85
24
72
32
76
45
5
52
46
21
40
58
84
54
91
63
98
66
18
79
0
23
14
15
86
75
45
6
22
33
76
52
81
90
22
34
52
99
7
91
11
1
23
3
22
5
80
93
27
39
69
62
53
54
63
18
84
16
8
59
8
88
62
18
30
73
2
33
39
4
22
45
83
58
73
18
84
4
5
2
18
23
29
85
34
64
16
86
31
95
45
97
0
28
45
44
86
54
11
85
82
91
82
17
27
37
12
26
54
28
58
14
1
1
44
57
3
33
23
91
73
1
1
11
1
19
88
11
29
56
0
54
61
7
13
17
53
89
18
81
6
47
41
72
26
25
60
22
93
4
47
24
79
78
17
7
0
87
26
73
14
56
19
12
54
21
79
8
43
39
61
40
53
98
4
31
8
57
33
45
35
6
94
94
64
22
16
63
57
98
55
88
72
58
26
36
13
91
84
9
89
9
65
85
70
96
44
2
59
79
70
34
97
81
49
18
55
70
27
38
34
61
69
37
96
24
3
78
51
33
35
1
84
8
86
55
91
58
90
68
60
84
0
34
70
32
92
14
52
35
86
3
89
44
15
66
98
50
12
41
31
34
93
84
26
74
78
50
57
54
35
73
44
66
60
26
58
82
67
98
89
28
55
95
76
60
76
91
37
2
3
62
43
91
48
63
44
42
34
53
3
28
8
40
44
96
61
60
73
61
26
63
42
49
92
92
78
55
12
18
20
55
0
85
65
18
23
66
95
81
58
73
60
21
62
19
87
47
79
90
75
73
15
41
39
99
46
94
45
91
36
77
3
75
92
94
61
50
38
12
1
0
30
16
98
29
7
18
48
81
91
84
63
62
31
40
95
30
61
86
47
18
55
20
14
28
75
11
81
61
44
79
5
28
56
81
15
84
69
30
6
68
70
12
74
7
67
55
60
5
14
48
18
0
70
38
26
24
69
16
9
42
41
39
27
0
70
85
9
43
79
77
75
74
80
42
86
8
0
36
89
15
46
69
56
42
10
71
98
3
40
16
0
21
2
1
64
47
43
83
32
68
18
1
25
96
98
96
90
11
28
37
61
31
77
4
92
38
93
28
39
18
41
44
49
1
11
19
91
82
4
60
34
56
19
32
74
86
99
95
98
8
58
93
87
11
7
22
43
52
6
4
27
8
63
26
34
39
97
59
75
33
87
49
11
16
33
76
41
97
8
75
17
55
93
27
4
83
60
67
31
21
77
90
54
87
86
37
47
66
2
73
55
25
62
26
19
28
15
14
52
69
45
92
39
42
13
49
48
44
71
48
69
9
26
16
11
23
66
66
88
82
1
39
88
93
82
18
17
56
40
70
1
68
52
69
45
16
62
85
12
99
88
40
68
36
60
17
20
25
46
75
61
70
58
88
51
75
73
70
37
28
90
55
88
68
38
95
6
16
58
61
39
56
17
33
77
63
87
75
4
16
94
55
76
60
97
1
0
75
31
27
60
75
52
6
43
14
84
14
51
1
88
53
66
5
56
32
52
40
24
86
54
54
88
61
87
54
24
16
85
17
90
22
86
77
79
94
45
0
39
89
82
41
87
91
73
4
62
72
98
77
46
28
38
50
70
13
7
15
24
76
98
51
79
15
47
47
93
73
13
26
70
95
60
70
11
82
66
34
6
65
62
74
17
36
88
52
48
79
50
55
57
66
68
97
64
16
63
16
84
18
29
37
53
9
38
43
74
15
1
78
96
1
84
69
81
10
33
80
68
30
8
3
81
48
18
14
35
28
55
5
53
34
27
93
6
44
93
85
16
98
31
69
47
57
95
85
80
1
82
79
66
44
58
31
42
23
90
18
83
19
51
80
23
64
61
22
51
99
28
19
63
26
97
78
34
71
13
74
17
28
29
10
57
83
83
53
73
7
52
82
34
15
68
68
34
82
75
37
8
94
16
24
21
8
96
53
49
63
85
27
32
96
20
29
43
69
94
26
54
23
91
34
48
23
53
5
0
63
57
69
73
50
12
29
61
21
72
88
28
15
24
1
77
67
82
5
64
51
47
79
70
46
1
59
87
60
88
76
45
15
14
1
35
94
34
40
71
26
30
60
73
9
75
5
21
27
32
38
56
3
36
40
47
25
18
85
30
92
51
79
89
99
86
15
29
63
66
62
80
24
57
43
78
49
99
95
93
63
12
78
86
64
35
3
62
50
17
5
21
32
57
61
2
6
92
82
82
94
95
81
96
77
33
67
31
60
99
90
63
62
82
36
76
31
47
75
77
29
94
27
70
95
32
38
67
37
11
65
40
53
87
95
53
42
43
89
69
93
81
84
71
31
33
91
75
85
47
97
1
13
24
46
7
92
53
46
66
45
48
94
10
69
60
27
98
59
52
79
57
4
83
89
71
12
52
46
58
98
22
62
52
2
58
77
96
86
33
13
69
97
14
51
2
63
45
58
42
6
75
81
99
28
50
57
88
25
38
71
47
53
48
79
59
29
82
90
93
81
17
14
69
25
32
39
62
89
4
67
99
28
98
88
20
64
18
60
48
69
18
48
6
39
38
15
37
77
48
31
89
67
77
38
23
21
96
11
89
84
30
58
30
46
31
83
59
77
4
41
8
19
54
4
68
9
91
67
3
40
71
77
38
9
82
4
76
20
23
42
94
66
72
45
25
61
36
4
14
26
60
77
62
85
66
10
27
93
23
33
88
18
58
0
83
23
85
56
20
79
20
30
56
19
27
35
67
26
0
56
47
83
52
83
51
44
3
23
9
77
43
15
27
77
19
73
24
7
29
4
61
50
30
39
14
19
17
9
17
28
45
28
12
83
69
63
60
12
2
77
98
68
46
15
84
19
36
70
62
34
5
55
11
45
99
33
90
16
59
4
24
71
3
19
14
23
68
10
81
61
90
21
0
22
87
82
85
38
10
93
77
84
41
64
76
25
91
94
42
79
19
76
87
18
51
1
50
37
6
45
23
0
55
91
48
95
48
45
54
69
83
68
56
46
80
37
67
71
25
50
60
76
0
73
55
46
80
2
32
92
61
76
97
13
30
27
74
8
17
42
91
35
36
69
50
57
84
76
85
21
91
44
76
13
8
92
69
82
7
73
89
32
42
39
26
80
4
15
74
16
62
94
33
91
83
62
85
48
59
11
5
2
91
75
75
4
3
72
17
89
92
19
36
22
67
83
63
2
62
37
11
99
77
56
22
84
14
71
94
44
46
41
52
91
85
43
82
40
97
42
96
47
22
1
11
78
72
93
85
12
63
65
25
44
2
22
44
59
2
54
11
56
75
52
76
20
48
97
9
70
38
5
3
50
43
84
18
6
9
72
38
82
75
15
29
35
20
95
3
58
74
44
83
91
74
86
86
74
58
36
90
8
49
65
40
61
14
37
0
58
96
1
61
59
21
60
89
82
61
80
52
65
55
32
77
69
26
42
79
11
20
38
52
15
7
65
63
96
26
29
3
79
39
30
99
5
8
67
52
69
58
54
82
3
82
93
70
99
21
17
56
64
74
1
92
61
85
78
58
10
53
74
47
5
34
81
64
77
30
66
63
45
30
46
18
74
87
63
87
26
41
70
65
21
32
90
36
85
65
87
21
87
71
83
27
74
1
8
93
98
61
88
90
10
83
55
85
34
24
74
49
12
28
74
62
58
45
87
79
63
14
47
31
77
59
17
71
25
67
81
5
54
67
17
21
1
88
21
77
95
91
12
15
82
22
16
66
25
41
34
29
73
27
81
63
53
23
81
86
78
71
28
75
46
62
79
16
8
7
22
81
87
83
65
62
49
70
57
63
18
40
91
23
13
80
6
42
66
30
67
35
11
41
36
52
12
43
86
97
53
50
97
3
61
20
22
57
25
71
72
68
20
49
67
87
16
41
66
44
10
74
62
15
42
6
12
8
2
5
45
8
71
56
99
67
78
2
76
50
30
53
91
81
65
70
23
11
72
40
80
62
11
23
78
96
67
50
8
15
4
80
27
60
7
54
48
16
57
94
30
92
43
62
58
19
23
38
40
96
95
22
99
86
53
89
11
52
58
54
85
74
72
82
72
69
43
81
34
47
52
40
53
45
8
83
3
90
40
28
53
68
59
4
33
92
89
44
44
4
89
98
78
82
91
31
91
47
9
73
69
36
24
91
95
37
61
83
69
11
64
76
86
82
90
98
94
24
39
1
33
96
55
7
39
15
99
3
41
66
80
27
45
74
32
5
45
9
44
33
28
46
24
59
65
11
38
23
39
25
97
69
46
47
29
56
98
82
41
38
51
79
88
18
95
64
78
96
49
64
40
36
97
40
45
49
62
10
56
4
54
81
91
5
87
3
50
80
86
89
17
12
80
21
45
32
40
13
98
89
21
76
86
59
49
30
33
80
51
66
87
38
63
53
4
48
24
13
31
29
84
46
61
24
34
46
45
99
27
51
91
0
72
50
57
4
60
90
86
9
46
92
99
77
57
14
2
70
69
69
91
79
18
58
0
20
7
85
82
8
58
72
58
3
85
27
70
44
97
35
53
37
30
28
4
50
24
31
95
1
2
36
47
99
55
85
0
23
64
82
62
31
86
57
72
73
42
91
84
85
90
69
82
21
89
68
68
76
31
58
8
90
13
30
78
42
33
99
42
12
92
8
82
78
97
62
74
4
12
31
97
77
56
18
77
72
95
54
0
45
16
73
29
79
6
86
19
97
4
9
57
89
57
58
26
49
11
14
80
83
21
27
30
59
74
29
52
90
14
77
63
7
75
27
16
30
55
83
14
51
42
70
