overall_acc,0.8052
loss,[10.900299830474854, 6.24369033782959, 4.188765468063354, 3.2647133005523683, 2.826210146179199, 2.5944748625183105, 2.486773982543945, 2.4222493843078614, 2.379168386154175, 2.35542563583374, 2.3474197729492188, 2.3365321298980715, 2.3172058498382566, 2.313345963821411, 2.3161381900024414, 2.307410659942627, 2.298425514450073, 2.300782138442993, 2.296283366317749, 2.2991922999572756, 2.300320527496338, 2.3079934734344483, 2.3119749858093264, 2.3030432739257813, 2.3200572200012206, 2.314411449890137, 2.322410985031128, 2.318852681121826, 2.31926732963562, 2.3460513429260255, 2.3350976224517823, 2.338492473754883, 2.3571253926086424, 2.3665929695129395, 2.354822108383179, 2.373029819946289, 2.382104590301514, 2.3894159857177732, 2.3890879134368896, 2.4069724018096923, 2.405658554229736, 2.4202354685211183, 2.4241506855773927, 2.4376100068664552, 2.4319248266601563, 2.454816821594238, 2.4540227072906493, 2.4572666088867186, 2.4701118572235106, 2.475790037918091, 2.479488055343628, 2.4830268449401856, 2.475444992752075, 2.4960137519836425, 2.5062737815093996, 2.492537182388306, 2.5164341692352297, 2.5203992778778077, 2.513332054672241, 2.527698164367676, 2.009385464286804, 1.6400689790344238, 1.4349581691741944, 1.2884594719314575, 1.2014109101486206, 1.141719315071106, 1.1101265353393555, 1.1076326385116577, 1.0915756357574462, 1.0968523851776124, 1.10539346408844, 1.0940919913864136, 1.098957479095459, 1.1109709335708617, 1.1114186320495605, 1.1185116825866699, 1.1213115243530274, 1.1242765394210816, 1.121305009841919, 1.130964319267273, 1.1401617762374878, 1.1351904165649414, 1.13684083820343, 1.1504134649658204, 1.1513127073287963, 1.1522786246871948, 1.1485078101348878, 1.1653586845779418, 1.1913726556777955, 1.172696913986206, 1.1766679038238526, 1.1911465357208253, 1.1701382205963136, 1.1807312363815308, 1.1952479515075685, 1.1781649281311035, 1.1687722101211548, 1.191235210800171, 1.1979654670333861, 1.191669681968689, 1.199844333267212, 1.2172027767944336, 1.205833177947998, 1.2152519373703004, 1.2175143865966798, 1.2195831732940674, 1.2009724681854248, 1.222249595375061, 1.216196655960083, 1.2111198265457153, 1.2231188565826416, 1.2277700970458985, 1.2096187637710571, 1.2268190781402588, 1.2311428366088868, 1.235793028488159, 1.2362689103317261, 1.2340699978256227, 1.2410309567260742, 1.227678011856079, 1.088017971305847, 0.9990384449386597, 0.9597962955093384, 0.9276311577606201, 0.8966806731796265, 0.8682564539337159, 0.8410057467651367, 0.8158004476356506, 0.7905283163642883, 0.7659981349182129, 0.7435065229225158, 0.7207711372947693, 0.6985958740997315, 0.6772584495544434, 0.6570897923660278, 0.6372271238136291, 0.6179917351531983, 0.5995452461242676, 0.5815833842658996, 0.5640948072433472, 0.5471825789260865, 0.5307279655838013, 0.5150887189865112, 0.4999905174064636, 0.4844685285282135, 0.4701027008152008, 0.456227165851593, 0.44276189409255984, 0.4299060805892944, 0.41732201412200925, 0.40489626864433287, 0.39334055373191834, 0.3823415658855438, 0.37180131340026856, 0.36052706376075744, 0.35011060636520386, 0.33912948848724367, 0.3297282038974762, 0.32150972994804383, 0.31458570362091065, 0.30694662699699404, 0.30397168223381044, 0.30233389868736266, 0.29976448987960813, 0.2978198978805542, 0.2960144869709015, 0.29403702622413636, 0.29233363981246946, 0.2907272387599945, 0.2887999924182892, 0.286930927028656, 0.28500192963600157, 0.2835182164859772, 0.28164729103088376, 0.279758616695404, 0.2782852749633789, 0.27653413860321047, 0.2751172235870361, 0.27309255815505984, 0.27132178455352784, 0.26983629990577696, 0.2683688735103607, 0.26673069568634034, 0.2649305428504944, 0.2632716830825806, 0.26181633693695067, 0.2600362297534943, 0.25867062351226805, 0.2570650691127777, 0.25563306423187254, 0.25396304854393004, 0.2524265194702148, 0.2509146183538437, 0.24951598552703858, 0.24787737591266631, 0.24652032747268676, 0.24500483027458192, 0.24336374687194826, 0.24187930225372314, 0.24053144884586333]
0,0.9565217391304348
1,0.967741935483871
2,0.8260869565217391
3,0.7241379310344828
4,0.7419354838709677
5,0.7916666666666666
6,0.9130434782608695
7,0.8461538461538461
8,1.0
9,0.9473684210526315
10,0.45
11,0.6666666666666666
12,0.8
13,0.6521739130434783
14,0.7777777777777778
15,0.875
16,0.8461538461538461
17,0.9523809523809523
18,0.6470588235294118
19,0.8
20,0.8333333333333334
21,0.8421052631578947
22,1.0
23,0.8846153846153846
24,0.782608695652174
25,0.7083333333333334
26,0.7916666666666666
27,0.875
28,0.84
29,0.8275862068965517
30,0.8148148148148148
31,0.72
32,0.6818181818181818
33,0.6551724137931034
34,0.92
35,0.5909090909090909
36,0.9047619047619048
37,0.7368421052631579
38,0.8076923076923077
39,1.0
40,0.7857142857142857
41,0.9545454545454546
42,0.9130434782608695
43,0.8260869565217391
44,0.5652173913043478
45,0.7105263157894737
46,0.45454545454545453
47,0.782608695652174
48,1.0
49,0.8235294117647058
50,0.7272727272727273
51,0.7619047619047619
52,0.8
53,0.896551724137931
54,0.9545454545454546
55,0.7142857142857143
56,0.8636363636363636
57,0.6071428571428571
58,0.9142857142857143
59,0.625
60,0.8518518518518519
61,0.8275862068965517
62,0.9230769230769231
63,0.7916666666666666
64,0.6842105263157895
65,0.5909090909090909
66,0.8076923076923077
67,0.6956521739130435
68,0.9523809523809523
69,0.8666666666666667
70,0.9333333333333333
71,0.8095238095238095
72,0.5
73,0.71875
74,0.7575757575757576
75,0.9285714285714286
76,0.9047619047619048
77,0.7058823529411765
78,0.7368421052631579
79,0.8214285714285714
80,0.7586206896551724
81,0.9047619047619048
82,0.918918918918919
83,0.8666666666666667
84,0.8518518518518519
85,0.9333333333333333
86,0.8214285714285714
87,0.9333333333333333
88,1.0
89,0.8928571428571429
90,0.875
91,0.8717948717948718
92,0.56
93,0.8095238095238095
94,0.9565217391304348
95,0.5862068965517241
96,0.5652173913043478
97,0.8333333333333334
98,0.6923076923076923
99,0.9565217391304348
16
7
91
43
14
92
6
89
13
85
47
27
81
63
59
61
78
18
53
17
27
43
10
54
25
79
68
99
69
64
83
41
23
11
96
20
87
90
52
26
83
67
20
20
7
83
72
45
68
93
22
12
69
44
99
1
70
65
79
58
88
34
88
19
34
23
19
48
16
48
58
16
63
75
71
4
32
19
98
32
14
87
38
12
8
45
92
31
62
61
89
62
78
83
45
85
28
37
54
30
95
7
59
24
94
7
94
94
11
42
65
52
40
38
55
80
82
46
75
93
74
34
5
89
30
74
22
95
81
92
44
52
18
44
62
65
69
84
0
43
48
67
62
89
53
27
37
19
8
68
93
3
83
70
39
0
86
51
58
19
89
90
81
61
41
33
52
66
68
80
4
46
5
27
35
50
88
7
75
53
3
5
35
82
7
87
61
7
91
1
5
17
72
41
94
45
67
39
39
23
6
31
63
71
67
45
84
32
74
33
77
26
50
2
51
85
36
3
41
47
54
87
37
75
74
71
14
46
9
99
57
83
45
22
52
63
89
22
85
39
7
25
98
3
70
54
49
70
87
89
41
25
97
36
83
82
6
46
7
74
80
2
9
91
40
36
91
91
99
73
79
83
42
10
90
50
82
24
42
16
79
39
7
63
10
51
96
51
29
66
53
30
84
44
5
26
53
74
72
38
15
44
5
66
28
55
48
73
75
64
77
3
13
18
92
55
13
72
29
91
91
61
75
58
71
70
98
52
94
89
90
56
57
43
60
46
30
59
78
6
80
80
54
83
60
76
54
18
14
26
9
90
85
32
63
43
73
87
44
26
99
70
8
90
65
80
41
17
39
53
66
48
5
88
5
97
87
37
79
91
16
27
33
16
89
5
76
83
74
85
24
44
32
76
67
5
52
46
21
40
58
84
6
91
63
46
66
90
79
0
23
14
15
86
75
45
6
22
33
76
52
41
90
22
34
45
48
7
30
11
1
23
3
22
5
80
93
27
39
79
92
53
54
63
18
84
66
8
96
8
88
62
29
73
73
2
33
39
4
22
45
83
58
73
18
84
4
5
57
18
23
29
85
34
42
16
86
99
95
45
97
0
87
32
44
86
6
29
85
82
91
82
17
27
37
12
26
54
28
58
6
1
42
44
16
3
33
23
91
73
1
1
35
22
19
88
11
29
56
0
54
61
20
13
17
53
89
18
81
6
47
41
26
26
25
60
22
73
4
47
24
90
78
17
7
0
87
26
73
14
56
44
12
54
21
79
8
43
39
51
40
53
98
4
31
8
57
33
29
35
6
94
16
65
22
16
90
57
98
38
88
55
58
27
36
81
91
84
9
5
9
65
85
70
59
90
2
59
79
70
34
97
86
49
18
55
70
90
38
34
61
69
37
4
24
3
78
74
17
35
1
84
22
86
55
91
13
90
68
60
84
0
34
70
32
92
14
49
35
86
3
89
44
15
66
35
50
12
41
31
34
93
84
26
74
80
50
57
54
35
67
44
66
60
26
58
82
67
98
89
28
55
95
76
60
76
91
37
2
3
62
43
91
48
27
34
42
34
53
3
28
8
40
44
96
61
60
73
61
45
63
42
49
92
92
6
55
39
18
20
55
0
85
75
55
23
4
95
81
58
73
60
21
62
19
87
47
79
90
75
73
15
41
39
99
46
94
45
91
36
77
95
75
62
94
61
50
38
12
1
0
30
84
98
29
7
18
48
87
91
84
63
62
31
40
55
30
10
86
47
18
98
25
14
28
27
11
81
61
73
79
5
88
56
81
31
84
69
30
6
68
70
12
74
7
67
55
60
5
14
48
18
0
70
38
26
24
69
16
9
42
41
39
27
0
70
85
9
43
79
77
75
74
80
42
62
8
0
36
89
4
46
69
56
42
22
71
98
63
99
16
0
21
45
1
64
47
43
83
42
68
18
1
25
96
46
84
90
2
77
37
61
31
14
4
92
38
93
28
39
6
41
44
49
1
11
19
91
82
4
60
34
56
19
32
74
87
99
30
98
8
58
93
87
2
79
35
43
52
6
4
27
8
63
26
34
39
97
37
75
33
87
49
46
16
33
76
41
97
8
75
17
80
93
27
4
41
60
30
2
21
14
90
54
87
86
37
47
75
2
73
55
25
62
26
19
28
15
14
47
17
45
92
39
42
58
49
48
44
71
48
69
9
26
16
11
71
66
66
88
82
1
39
88
93
82
7
17
56
40
70
1
68
52
69
45
16
62
85
12
99
88
40
68
36
60
17
44
25
46
75
61
70
58
34
51
75
73
70
12
28
90
55
88
68
38
93
6
16
58
16
39
56
17
33
77
64
87
75
4
16
94
55
76
60
97
1
0
75
43
27
71
75
52
6
43
14
84
14
51
1
88
53
66
5
59
32
52
40
24
86
54
54
88
61
87
54
24
84
85
17
90
22
86
77
79
94
45
0
39
89
82
41
87
91
73
4
62
72
46
10
46
28
38
74
70
13
7
15
24
76
98
51
79
15
47
47
93
73
13
26
70
95
60
70
11
82
66
34
6
65
62
1
31
36
88
47
48
79
50
15
57
66
68
97
64
16
61
16
86
18
29
93
53
9
38
74
74
15
1
93
56
1
84
69
81
10
33
80
68
30
8
3
81
45
18
44
35
28
72
5
53
34
27
93
18
44
93
37
91
11
31
69
47
57
95
85
80
1
82
79
66
44
58
31
42
23
90
6
83
31
51
80
23
64
61
40
51
99
28
19
63
26
97
78
34
90
13
74
17
28
29
10
61
83
83
53
73
7
59
82
34
15
68
68
34
82
75
37
8
94
16
24
21
8
96
53
49
38
85
27
32
96
20
29
43
69
94
26
96
23
91
34
48
23
53
25
0
59
84
69
73
27
12
42
61
21
95
88
28
15
24
1
77
67
82
5
64
51
52
79
70
11
1
59
87
60
88
76
45
43
7
1
35
94
79
25
71
26
72
60
73
9
75
5
27
27
32
38
56
45
80
40
47
35
7
85
30
51
51
79
89
99
86
15
29
63
66
62
80
24
57
43
78
49
99
95
93
55
71
78
86
64
72
92
62
80
17
35
21
32
57
99
2
6
1
82
82
94
95
81
96
77
33
67
38
60
20
74
63
62
82
36
68
31
47
75
77
29
94
27
70
95
32
32
32
37
2
65
40
53
87
95
53
42
43
89
69
93
81
40
71
31
33
91
75
85
47
97
1
13
3
46
62
92
53
46
66
45
48
94
61
69
60
42
98
59
52
44
57
4
83
89
71
68
52
11
58
98
22
62
52
2
58
77
96
86
33
58
69
97
14
51
2
63
42
58
42
6
66
81
99
28
50
57
88
25
38
71
47
53
48
79
59
29
82
90
93
81
17
14
69
25
32
39
10
89
4
67
99
28
98
88
20
50
18
60
48
69
14
86
6
39
38
15
37
2
48
15
89
67
77
38
23
21
96
11
41
84
30
58
30
98
31
83
23
77
4
41
8
19
54
4
68
9
91
67
19
40
71
77
38
9
82
3
76
20
60
42
94
66
72
14
25
61
36
4
14
51
60
77
62
85
56
61
27
93
23
33
88
18
58
51
83
23
85
56
20
79
20
30
56
19
85
98
44
26
0
56
47
83
52
83
51
3
3
23
9
77
43
15
72
77
19
73
77
7
29
4
61
50
30
39
70
51
17
25
17
28
45
28
12
41
49
63
60
12
2
77
35
80
46
15
84
19
34
70
62
34
94
30
41
32
99
33
90
16
56
4
24
71
64
19
14
23
68
45
81
10
90
21
57
22
87
82
58
38
10
93
77
84
41
64
76
25
91
94
42
79
19
76
87
18
51
1
50
37
6
45
23
0
55
91
48
95
48
62
54
69
51
68
56
86
80
37
67
71
25
50
60
79
0
44
55
46
93
2
32
83
61
76
97
13
30
27
74
8
17
42
91
11
36
69
50
57
84
76
85
3
91
79
76
13
8
92
69
82
7
73
89
74
42
39
45
80
4
15
74
16
70
94
60
91
83
62
85
48
96
11
5
2
55
75
75
4
31
72
17
89
70
19
36
22
67
83
63
2
62
37
98
99
77
56
22
84
14
71
94
44
12
41
52
91
85
43
82
40
80
42
96
47
22
1
11
78
72
93
85
18
63
65
25
7
2
86
44
59
2
54
11
56
75
47
76
20
48
97
9
1
38
5
3
36
43
84
18
6
9
72
38
6
75
15
29
2
20
95
3
58
74
44
83
1
74
86
10
64
58
36
90
8
1
67
40
10
14
81
0
58
96
1
61
59
21
60
89
82
61
80
52
65
55
32
77
69
26
42
79
46
20
38
47
15
79
65
63
96
26
29
3
79
39
30
99
5
8
67
52
40
58
54
82
3
42
93
70
99
21
17
56
64
74
1
70
61
85
78
58
10
53
74
47
5
34
81
64
77
30
66
63
45
30
46
27
45
87
63
87
26
41
70
22
21
32
90
36
85
3
87
21
87
71
83
27
63
1
8
93
98
61
88
90
10
83
42
58
34
24
74
49
12
28
74
6
58
45
87
79
63
14
47
31
77
52
60
71
25
67
81
2
54
67
17
21
1
88
3
77
95
91
12
15
82
22
16
66
25
41
29
29
73
27
81
63
53
23
81
86
78
71
28
75
46
62
79
16
8
7
22
81
87
83
65
62
49
70
57
75
33
40
91
23
13
80
6
42
66
30
67
35
94
41
36
52
12
43
86
97
53
50
97
4
61
20
22
57
25
71
72
68
20
49
67
87
16
41
66
27
25
51
1
15
42
6
85
8
2
25
45
85
71
56
99
67
27
2
76
50
30
53
91
81
65
92
23
11
72
40
24
62
11
23
78
33
67
50
8
15
4
80
27
60
7
54
48
16
57
94
30
62
43
62
58
19
23
38
40
96
95
10
99
86
53
89
11
52
58
54
85
74
72
82
72
95
43
81
34
47
52
40
53
45
8
83
3
90
40
28
53
68
59
4
33
54
89
44
69
55
89
98
78
82
91
31
91
47
9
73
69
36
24
91
95
37
61
83
69
11
15
76
55
10
90
98
94
24
39
1
33
90
55
7
39
15
99
3
41
66
80
27
45
4
32
5
45
9
44
33
65
40
45
56
65
11
38
23
39
25
97
58
25
47
29
56
98
82
41
38
51
45
88
18
73
64
78
96
49
64
40
36
97
40
45
49
62
10
56
4
80
81
91
5
87
3
50
80
86
89
17
12
80
74
24
32
40
13
98
59
21
76
14
59
49
30
49
80
51
66
87
38
63
53
4
48
24
13
31
29
84
46
61
24
34
98
45
99
27
51
91
0
6
50
57
4
60
90
86
9
46
1
99
77
57
14
2
70
69
69
91
79
93
58
0
20
6
85
82
79
58
72
58
55
85
55
70
29
97
35
53
37
73
28
36
50
24
31
95
1
2
36
59
99
55
85
0
23
64
82
62
31
86
28
72
73
42
91
84
85
90
69
82
21
89
68
68
76
31
58
8
90
13
95
78
8
33
99
42
12
92
8
82
78
97
62
74
4
69
29
97
80
56
18
6
72
95
54
0
45
5
73
29
33
6
86
19
97
4
9
57
89
57
25
26
49
11
14
80
83
75
27
30
59
74
29
59
90
14
77
63
7
75
27
16
30
74
83
63
51
42
70
