overall_acc,0.7988
loss,[10.881760442962646, 6.249867805480957, 4.189610889129638, 3.260990801849365, 2.8180242079162596, 2.6081225974273683, 2.4854786911773683, 2.4178894652557372, 2.3892223751068116, 2.3581716286468506, 2.3474430863952636, 2.3379871600341797, 2.3259051686096193, 2.317311481704712, 2.3129129796600343, 2.305479675064087, 2.3102980771636963, 2.3155463679504393, 2.312147890319824, 2.306079941177368, 2.3149928242492677, 2.311031435546875, 2.3072853397369384, 2.317049945602417, 2.317443299674988, 2.3288556993865965, 2.3294807527160644, 2.3481460776519776, 2.3296088279724123, 2.340455867538452, 2.344728207244873, 2.3451945000457766, 2.3498744412994386, 2.3682957865142824, 2.3703209159088137, 2.382533967666626, 2.3771733068847656, 2.3972748960876467, 2.391075374832153, 2.404211427078247, 2.426355846633911, 2.437297482147217, 2.4232986254119875, 2.4393941307067872, 2.4481459494018556, 2.443324546890259, 2.4614773590087893, 2.464973645172119, 2.4769213384246824, 2.487343425216675, 2.4781970407104494, 2.494535270385742, 2.5013843728637695, 2.509914506454468, 2.510969161376953, 2.5203394968414305, 2.5260740132141115, 2.5308696672058106, 2.5359927474212647, 2.550234773483276, 2.020509982032776, 1.6533060855865478, 1.4453841498947144, 1.3016877977752686, 1.2073924980545043, 1.1436454088974, 1.1182244483947754, 1.1067702138900757, 1.1014047750854492, 1.0963604720306397, 1.1127424839782716, 1.1067822954559325, 1.1035934143447876, 1.1201094844818116, 1.1261749145126343, 1.1147046856689453, 1.1258971911621094, 1.116702733154297, 1.1405150897216796, 1.1363655866241456, 1.1463875876998901, 1.1333826192092895, 1.157234512825012, 1.152311152229309, 1.1614931294250488, 1.1549276581954957, 1.1538813632965088, 1.175339782485962, 1.1739415419387818, 1.1679647975540162, 1.173638005142212, 1.1838698475646974, 1.179759045906067, 1.1882102219390869, 1.1907978941726685, 1.2046629570770264, 1.1848416459655762, 1.1949709050369264, 1.208584023513794, 1.209603553276062, 1.2068774871444703, 1.2169691059112548, 1.2150766787338256, 1.2056702691268921, 1.210996897125244, 1.217560867805481, 1.2080160005187988, 1.2168330757522583, 1.2128489459228515, 1.2289877852249145, 1.2162928351593019, 1.2181404066085815, 1.2264483286285401, 1.2221521715545653, 1.22786370513916, 1.2225123865509033, 1.2438206150436402, 1.2356551917266845, 1.239569388771057, 1.227661802444458, 1.0891545861434937, 0.9981064393806458, 0.9607171496391297, 0.9265668709754944, 0.8970210925674439, 0.8690155498123169, 0.8416296427154542, 0.8143250637435913, 0.7897035381126404, 0.7656032332229614, 0.7427751312255859, 0.7199617998504638, 0.6983036970710754, 0.6779256718826294, 0.6569152582359314, 0.6379277789497375, 0.6176844584274293, 0.5993614755249024, 0.5814224608612061, 0.5643757268333435, 0.5471960548019409, 0.5311839556503296, 0.5150589819526672, 0.4997225699043274, 0.4852214126586914, 0.47012038854599, 0.45643938203811646, 0.4427548549747467, 0.42978388920783994, 0.4166615058040619, 0.4047377581977844, 0.39291733392715456, 0.38106842448234557, 0.37021955396652223, 0.3598730309009552, 0.35033637669563295, 0.33927976201057436, 0.3295840142631531, 0.3198406140708923, 0.3103854628944397, 0.304404446144104, 0.30224584884643557, 0.3001609963130951, 0.29838011413574217, 0.2964209152412415, 0.2945204860782623, 0.29287724840164187, 0.2911354674720764, 0.28928012939453124, 0.28721991545677183, 0.28557995020866395, 0.28400866005897524, 0.2820826512813568, 0.280405531873703, 0.2787319678783417, 0.2773367378330231, 0.275339993686676, 0.2737776749038696, 0.2720918712043762, 0.27051548139572146, 0.26897229455947874, 0.2671212045764923, 0.26562519665718076, 0.2640398577594757, 0.2623391850280762, 0.26086406859397887, 0.2591723756217957, 0.25761114263534546, 0.2562408519744873, 0.25452157373428347, 0.253089380941391, 0.25143159794807435, 0.25009217047691346, 0.24855900725841523, 0.24708877995491027, 0.24548717217445373, 0.2441719348859787, 0.24270739188671112, 0.24113351755142212, 0.23949128942489625]
0,0.9565217391304348
1,0.967741935483871
2,0.8260869565217391
3,0.7931034482758621
4,0.8064516129032258
5,0.75
6,0.782608695652174
7,0.7692307692307693
8,1.0
9,1.0
10,0.35
11,0.5714285714285714
12,0.75
13,0.6521739130434783
14,0.7777777777777778
15,0.7916666666666666
16,0.8846153846153846
17,0.8571428571428571
18,0.7058823529411765
19,0.92
20,0.8888888888888888
21,0.9473684210526315
22,0.9411764705882353
23,0.8076923076923077
24,0.8260869565217391
25,0.6666666666666666
26,0.7916666666666666
27,0.9166666666666666
28,0.84
29,0.7241379310344828
30,0.7777777777777778
31,0.64
32,0.7272727272727273
33,0.6896551724137931
34,0.88
35,0.4090909090909091
36,0.9523809523809523
37,0.8421052631578947
38,0.7692307692307693
39,0.9565217391304348
40,0.6785714285714286
41,0.9090909090909091
42,0.8260869565217391
43,0.8695652173913043
44,0.6521739130434783
45,0.7105263157894737
46,0.5
47,0.8260869565217391
48,1.0
49,0.8823529411764706
50,0.8181818181818182
51,0.7142857142857143
52,0.75
53,0.896551724137931
54,0.9090909090909091
55,0.6190476190476191
56,0.8181818181818182
57,0.6428571428571429
58,0.9142857142857143
59,0.75
60,0.7777777777777778
61,0.8620689655172413
62,0.8461538461538461
63,0.625
64,0.7368421052631579
65,0.6818181818181818
66,0.7692307692307693
67,0.6521739130434783
68,0.9523809523809523
69,0.8666666666666667
70,0.8666666666666667
71,0.8095238095238095
72,0.2727272727272727
73,0.6875
74,0.6666666666666666
75,1.0
76,0.9047619047619048
77,0.7352941176470589
78,0.7368421052631579
79,0.7857142857142857
80,0.8275862068965517
81,0.9047619047619048
82,0.972972972972973
83,0.7666666666666667
84,0.8888888888888888
85,0.9666666666666667
86,0.8214285714285714
87,0.9
88,0.9523809523809523
89,0.9285714285714286
90,0.875
91,0.9230769230769231
92,0.72
93,0.8571428571428571
94,0.9130434782608695
95,0.7241379310344828
96,0.5652173913043478
97,0.8333333333333334
98,0.6538461538461539
99,0.9130434782608695
16
7
91
43
14
92
6
89
13
85
47
27
81
63
59
61
78
18
53
17
27
43
61
54
94
79
68
31
69
64
83
41
49
48
47
20
87
90
52
26
83
67
20
20
7
83
27
45
68
93
86
12
69
73
99
18
62
86
26
58
88
97
88
19
34
71
19
48
44
48
58
16
64
3
55
4
67
15
98
32
14
87
38
33
8
45
92
31
92
61
89
92
78
83
26
85
28
37
54
30
95
7
59
24
94
7
94
94
11
42
65
52
40
38
74
80
82
46
75
51
74
34
25
85
30
74
22
95
81
92
91
52
18
44
62
65
69
84
0
4
48
67
62
89
83
44
37
19
8
68
3
3
53
70
83
0
95
51
58
19
89
90
81
61
41
66
52
66
68
80
43
46
25
27
35
50
88
14
75
53
3
5
98
82
7
87
61
7
91
1
5
37
72
41
94
33
67
33
39
23
28
31
63
71
67
45
10
46
74
49
77
97
50
15
51
25
36
3
41
47
54
87
37
75
74
71
14
24
9
78
57
83
45
22
52
42
89
22
85
39
7
25
98
36
70
70
49
70
87
77
41
79
97
36
83
82
6
32
7
74
80
2
9
91
40
36
91
91
99
73
73
83
42
62
90
50
82
24
65
16
28
39
7
63
10
51
96
77
29
74
53
55
84
15
5
16
53
74
3
15
15
44
5
66
16
55
48
73
4
65
77
3
13
18
92
55
13
91
29
91
91
61
75
58
71
70
98
52
94
89
90
56
57
43
60
55
30
59
78
6
80
80
54
83
23
76
54
18
14
26
9
90
85
32
63
43
91
87
44
26
99
70
8
90
65
80
48
17
39
53
66
48
5
88
5
80
87
37
69
91
16
27
33
16
89
5
76
83
74
49
24
72
32
76
45
5
52
46
21
40
58
84
6
91
63
35
66
41
26
53
23
14
80
86
75
45
6
22
33
76
52
81
90
22
34
45
48
7
30
11
1
23
3
22
5
80
93
27
39
79
92
53
92
63
18
84
66
8
96
8
88
62
29
73
73
2
33
39
4
22
45
83
58
73
18
84
4
5
57
18
23
29
85
34
37
16
86
99
95
45
97
0
87
98
44
86
92
29
85
82
91
82
17
50
58
12
26
54
28
58
79
1
4
99
16
3
56
23
91
65
1
1
98
1
19
88
11
29
56
0
54
61
20
13
17
53
89
18
81
6
96
41
26
26
25
60
22
93
4
47
24
79
82
17
7
0
87
26
73
14
56
51
12
54
21
79
8
43
39
61
40
53
98
4
33
8
57
33
82
35
66
94
16
10
22
16
64
57
98
4
88
72
58
27
36
13
91
84
9
5
9
65
85
70
59
7
2
59
79
70
34
97
16
49
18
55
70
27
38
34
61
69
37
27
24
3
78
26
63
35
1
84
22
86
72
91
13
90
68
60
84
0
34
54
32
92
14
49
35
86
3
89
44
15
66
98
50
12
41
31
34
93
84
26
74
78
50
57
54
35
73
44
66
60
79
58
82
67
98
89
28
55
95
76
60
76
91
37
2
4
62
43
91
48
63
44
42
34
53
3
28
8
78
44
47
61
60
73
61
29
63
63
49
92
92
78
57
87
18
20
55
0
85
75
55
23
78
95
81
58
73
60
21
62
19
87
47
7
90
75
27
15
41
39
99
46
94
45
91
36
77
3
75
92
94
61
50
38
12
1
0
30
84
98
29
7
18
48
89
91
84
63
62
31
40
95
30
61
86
47
18
98
25
14
28
75
11
81
10
44
79
5
23
56
81
15
84
69
30
6
68
70
12
74
7
21
23
60
5
14
48
18
0
70
38
26
24
69
16
9
42
41
39
27
0
70
85
9
43
79
77
75
74
80
42
62
8
0
36
89
43
46
69
56
39
22
71
35
64
99
25
0
21
2
1
64
47
43
92
75
68
18
1
25
96
98
47
90
2
28
37
61
31
9
4
92
38
93
28
39
6
41
44
49
1
11
19
91
82
4
60
34
56
19
32
74
16
99
73
98
8
58
93
87
11
79
22
43
52
6
4
27
8
63
26
34
39
97
47
75
33
87
49
46
16
33
76
41
97
8
75
17
80
93
27
4
41
49
73
65
21
77
90
54
87
86
37
47
19
2
73
55
25
62
26
19
28
15
14
47
69
45
92
39
42
13
49
48
44
71
48
69
9
15
37
46
71
66
66
88
82
1
39
88
93
82
7
17
56
40
70
1
68
52
69
45
16
6
85
12
99
88
40
68
36
23
17
94
20
46
75
61
70
58
97
51
75
73
70
37
28
90
55
88
68
38
95
6
16
58
61
39
56
17
33
77
63
87
75
4
16
94
55
76
60
97
1
0
75
31
55
60
75
52
6
43
14
84
14
51
1
88
53
66
5
59
32
52
40
24
86
54
54
88
61
87
54
24
40
85
17
90
22
86
77
79
76
45
0
39
89
82
41
87
91
73
4
62
55
98
10
46
28
38
9
70
13
29
15
24
76
98
73
79
15
47
47
93
73
81
26
70
95
60
70
11
82
66
34
6
65
62
74
31
36
88
52
48
79
50
55
57
66
68
74
64
16
61
16
84
18
29
84
83
9
77
74
74
15
1
67
96
1
84
69
81
10
33
80
68
30
8
3
81
45
78
44
35
20
93
5
53
34
27
93
18
44
93
37
91
11
31
69
47
57
95
85
80
1
82
79
66
55
58
31
42
23
90
18
83
19
51
80
23
64
61
40
51
99
28
19
63
83
97
78
34
18
13
50
17
28
29
10
61
83
83
62
73
7
59
82
34
15
68
68
34
82
75
37
8
94
16
24
21
8
96
53
87
63
85
27
32
96
20
29
43
69
94
26
54
23
91
34
48
23
53
5
0
59
57
69
73
27
12
42
61
21
65
88
28
15
24
1
77
67
82
5
64
51
52
79
70
46
1
59
87
60
88
76
45
34
7
1
35
94
79
16
71
26
3
60
73
9
75
5
27
27
32
38
14
4
36
40
47
35
77
85
30
83
51
79
13
99
86
15
29
75
66
62
80
24
57
43
78
74
99
95
93
55
71
78
86
64
4
19
62
50
37
35
21
32
57
99
2
6
92
82
82
94
95
81
96
77
33
67
38
60
20
99
39
62
82
36
76
31
47
75
77
29
94
27
84
95
32
38
91
37
36
65
40
53
87
95
53
42
43
89
69
93
81
84
71
19
33
91
75
85
47
97
62
13
19
46
83
92
53
11
66
45
48
94
10
69
60
42
98
59
52
44
57
4
83
89
71
68
52
46
58
98
22
62
52
2
58
77
96
86
33
58
90
97
14
51
2
4
45
58
63
6
80
81
99
28
50
57
88
25
38
71
47
53
48
79
59
29
82
90
93
81
17
14
69
25
32
39
62
89
4
67
99
28
98
88
20
50
18
60
48
69
18
86
6
39
64
43
37
83
48
3
89
73
77
38
23
21
96
11
87
84
30
58
73
98
31
83
59
77
74
41
8
19
54
4
68
9
91
67
3
40
71
77
38
9
82
3
76
20
23
42
94
66
72
18
25
61
36
4
14
10
60
77
62
85
33
61
27
93
23
33
88
18
58
51
33
23
85
56
20
79
20
30
47
19
4
98
67
26
0
56
47
83
52
83
29
66
3
23
9
77
43
15
27
77
19
73
77
7
29
4
61
64
30
39
45
19
31
9
17
28
45
28
18
41
49
63
71
12
2
77
98
3
46
15
84
19
64
70
62
34
94
30
11
4
99
33
90
16
56
4
24
71
3
19
79
23
68
45
81
10
90
21
57
22
87
82
12
38
10
93
14
84
41
64
76
25
91
94
42
79
19
76
87
18
51
1
50
37
6
45
23
0
55
91
48
95
48
45
54
69
51
68
56
2
80
37
67
71
25
50
60
79
0
44
55
46
80
2
32
83
50
69
97
13
30
27
74
8
17
42
91
35
36
69
50
57
84
13
85
3
91
79
76
13
8
92
69
82
26
73
89
74
42
39
45
80
63
15
50
16
62
94
60
91
83
62
85
48
33
11
5
2
91
75
75
6
31
50
17
89
92
19
36
77
67
83
63
2
92
37
11
99
77
56
22
84
14
71
94
44
37
41
52
91
85
43
82
40
97
42
96
47
22
1
11
78
4
93
85
18
63
65
25
44
2
86
44
59
2
54
35
56
75
52
76
20
48
97
9
1
38
5
3
36
43
84
18
6
9
72
38
6
75
15
29
11
25
95
3
58
74
14
83
91
74
86
86
74
58
36
90
8
49
65
95
13
14
37
0
58
96
1
61
59
21
60
89
82
61
80
52
65
55
32
77
69
26
42
79
11
20
38
47
15
79
65
63
96
26
29
3
79
39
30
99
5
8
19
52
40
58
54
82
3
82
93
70
99
21
17
56
64
74
1
62
61
85
78
58
10
53
74
47
5
34
81
64
77
30
66
63
45
93
46
26
45
87
72
87
26
41
70
89
21
32
90
36
85
65
87
21
87
71
83
27
74
1
8
93
98
61
88
90
10
83
27
85
34
24
74
49
12
28
74
44
58
45
87
79
63
14
47
31
77
59
69
71
25
67
81
86
54
67
17
21
1
88
21
77
95
91
12
15
82
22
16
66
25
1
34
29
73
27
81
63
53
23
81
86
78
71
28
75
35
83
79
16
8
7
22
81
87
83
65
62
49
70
57
63
18
40
91
23
13
80
6
42
97
30
55
35
94
41
36
52
12
43
86
97
53
50
15
3
61
20
22
57
25
71
75
68
20
49
32
87
16
41
66
27
87
51
1
15
42
6
85
8
2
25
45
93
71
56
99
67
65
2
76
50
30
53
91
81
65
70
23
11
95
40
30
62
11
23
78
96
67
50
8
15
4
80
27
60
7
54
48
16
57
94
30
92
43
62
58
19
23
38
40
33
95
61
99
86
53
89
11
52
58
54
85
74
64
82
72
73
43
37
34
47
47
40
53
45
8
83
3
90
40
28
53
27
59
4
33
92
89
44
44
55
89
98
78
82
91
31
91
47
9
73
69
36
26
91
95
37
61
70
69
11
4
76
77
61
90
98
94
24
39
1
33
90
55
7
39
15
78
3
41
66
80
27
45
74
32
5
45
9
93
33
9
35
24
59
65
11
38
23
39
25
97
73
25
47
29
56
98
82
41
38
51
45
19
18
95
64
78
96
49
64
11
36
97
40
45
49
62
10
49
4
29
81
91
5
87
3
50
80
86
89
17
12
80
4
6
32
40
13
98
59
21
76
14
59
49
30
60
80
51
66
87
38
63
53
4
48
24
13
31
95
84
46
61
24
34
98
45
99
27
51
91
0
72
50
57
4
60
81
86
9
8
92
99
77
57
14
2
70
69
69
32
79
93
58
0
20
7
48
82
79
58
67
58
75
85
55
70
44
97
35
53
37
73
28
86
50
24
29
95
1
2
36
59
99
91
85
0
71
64
82
62
31
86
2
72
73
42
91
84
85
90
69
82
21
89
68
68
76
31
58
8
81
13
30
78
88
33
99
42
12
92
8
82
78
97
62
74
4
90
29
97
67
56
18
77
72
95
54
53
45
16
73
29
33
14
86
19
97
4
9
57
89
18
25
26
49
11
18
80
83
75
27
30
59
74
29
59
90
14
77
65
7
75
27
16
30
64
83
14
51
42
70
