overall_acc,0.7892
loss,[10.874223530273438, 6.230213391418457, 4.187393740844726, 3.264920646133423, 2.8181557056427002, 2.600488708572388, 2.486650908126831, 2.427572261810303, 2.393447018661499, 2.367713186416626, 2.3414106114196778, 2.337491172180176, 2.3185044344329833, 2.3135277183532716, 2.3147354347229006, 2.3107716681671144, 2.311458618927002, 2.298236271133423, 2.2964324283599855, 2.3102123558807373, 2.302998889083862, 2.3040534838104247, 2.298546861114502, 2.3107948181152342, 2.323942838973999, 2.3262477087402345, 2.32092263420105, 2.3429678623962404, 2.3358399559783933, 2.3433691940307617, 2.35133796875, 2.3532842318725584, 2.3629068826293946, 2.369530988082886, 2.378824331893921, 2.3840566678619384, 2.4000673638153076, 2.4021651593780518, 2.4177733421325684, 2.422991869735718, 2.4229686616516113, 2.447310822906494, 2.4528605185699464, 2.4574658618164062, 2.468712232131958, 2.4650312968444825, 2.485498282470703, 2.4846345079803465, 2.4849417306518555, 2.4947673500823973, 2.513297007827759, 2.50995448928833, 2.518995511856079, 2.531981831588745, 2.529098546295166, 2.5396748433685303, 2.5333478790283204, 2.5414451699066163, 2.5390612006378173, 2.558268331604004, 2.0411444973754884, 1.660652424850464, 1.4488095310592652, 1.3017915505218507, 1.2082524894714355, 1.1506007783889771, 1.1190002756500244, 1.109615671234131, 1.0995220737838745, 1.1043515423583985, 1.1000269098663331, 1.109645249786377, 1.110311303062439, 1.1088289130401612, 1.1209577527618408, 1.1179888395309447, 1.135282145729065, 1.1352973526000976, 1.1447887878799439, 1.1472160832595826, 1.1480247447967529, 1.1568836227798462, 1.1624076056289674, 1.1572442642211913, 1.1612002027130126, 1.1636137201690673, 1.1780446886444091, 1.1831942195892333, 1.1874216446304322, 1.1980058013534547, 1.1874681746673583, 1.1800629320526124, 1.2008022790145874, 1.1975635074234008, 1.2001891793441772, 1.1990793585586548, 1.2112865301895142, 1.2090522569274902, 1.1989045831298828, 1.22280950756073, 1.2188843716049194, 1.2146675510787963, 1.2070196190261842, 1.2248140631103515, 1.2179583076477052, 1.217054856300354, 1.224513526954651, 1.232589147720337, 1.2329987202072143, 1.2310878953170776, 1.2306632249450684, 1.2271070631408691, 1.216729253616333, 1.2313283334350587, 1.2314596755981446, 1.2346273170471191, 1.2397596411514282, 1.228515136604309, 1.2439818228530883, 1.2383634893798827, 1.0982791891479493, 1.005174584941864, 0.9650843361091613, 0.9309420734596252, 0.9016768519020081, 0.8734793539237976, 0.8451284054374695, 0.8201732798194885, 0.7944327116584777, 0.7700594599151611, 0.74749489944458, 0.7240144123458863, 0.7017882406234741, 0.6806910494422913, 0.6602185459899902, 0.6396609707450867, 0.6207598837280274, 0.6030753913879394, 0.5851429561233521, 0.5672701995658874, 0.5497904537200927, 0.5340003938484192, 0.5173319380378724, 0.5017472559738159, 0.48698719480514524, 0.4722487283325195, 0.4583522231006622, 0.4451420016384125, 0.4317318274211884, 0.41880484156608583, 0.406805993270874, 0.3949991868877411, 0.38382501510620115, 0.37267011338233946, 0.36246257100105284, 0.3545963516998291, 0.3443731708621979, 0.33374928263664244, 0.3242346186065674, 0.3149042592906952, 0.3080604011631012, 0.30557164865493774, 0.30339189002990724, 0.30159120080947877, 0.2999136127281189, 0.29763735323905943, 0.29598773738861084, 0.29406024722099305, 0.29224822352409363, 0.2905621012687683, 0.28865946511268614, 0.287021525888443, 0.2851361691665649, 0.2834143836593628, 0.2815684851741791, 0.2799646648311615, 0.27814945340156555, 0.2765814478969574, 0.2748594854259491, 0.27324572536468505, 0.27157700692176817, 0.26984223783493044, 0.26814419244766236, 0.2665993709087372, 0.2649421702861786, 0.26320528162956236, 0.2619480396556854, 0.2601652987289429, 0.2586017562294006, 0.25721786549568176, 0.25546584923744203, 0.25414373598098755, 0.25253912154197694, 0.25110621291160584, 0.24938059849739075, 0.2479139067840576, 0.2465933726167679, 0.24497521924495697, 0.24351439561367036, 0.24200692720890046]
0,0.9565217391304348
1,0.9032258064516129
2,0.8695652173913043
3,0.6896551724137931
4,0.7741935483870968
5,0.7083333333333334
6,0.9130434782608695
7,0.7307692307692307
8,1.0
9,0.8947368421052632
10,0.45
11,0.5238095238095238
12,0.9
13,0.7391304347826086
14,0.7407407407407407
15,0.875
16,0.8846153846153846
17,0.9047619047619048
18,0.5882352941176471
19,0.84
20,0.8888888888888888
21,0.8421052631578947
22,0.9411764705882353
23,0.7692307692307693
24,0.8260869565217391
25,0.4166666666666667
26,0.7916666666666666
27,0.8333333333333334
28,0.84
29,0.7241379310344828
30,0.8148148148148148
31,0.6
32,0.7727272727272727
33,0.6206896551724138
34,0.88
35,0.45454545454545453
36,0.8571428571428571
37,0.8421052631578947
38,0.8076923076923077
39,0.9565217391304348
40,0.75
41,0.9090909090909091
42,0.782608695652174
43,0.8260869565217391
44,0.5217391304347826
45,0.6578947368421053
46,0.5
47,0.7391304347826086
48,1.0
49,0.8235294117647058
50,0.7727272727272727
51,0.6666666666666666
52,0.9
53,0.896551724137931
54,0.9545454545454546
55,0.47619047619047616
56,0.8181818181818182
57,0.6785714285714286
58,0.9142857142857143
59,0.625
60,0.7777777777777778
61,0.896551724137931
62,0.8461538461538461
63,0.75
64,0.631578947368421
65,0.7272727272727273
66,0.8076923076923077
67,0.6956521739130435
68,0.9523809523809523
69,0.8
70,0.9333333333333333
71,0.8095238095238095
72,0.45454545454545453
73,0.65625
74,0.6666666666666666
75,0.8928571428571429
76,0.8571428571428571
77,0.7352941176470589
78,0.7894736842105263
79,0.8571428571428571
80,0.7586206896551724
81,0.9523809523809523
82,0.972972972972973
83,0.8
84,0.9259259259259259
85,1.0
86,0.8571428571428571
87,0.8333333333333334
88,0.9523809523809523
89,0.9285714285714286
90,0.9166666666666666
91,0.8974358974358975
92,0.68
93,0.8571428571428571
94,0.9565217391304348
95,0.6551724137931034
96,0.5217391304347826
97,0.7916666666666666
98,0.6153846153846154
99,0.9130434782608695
16
7
91
43
14
92
6
89
13
85
47
27
81
63
59
10
78
18
53
17
27
43
10
54
94
79
68
99
69
64
83
41
49
48
96
20
87
90
52
26
83
57
20
20
7
83
27
45
68
93
86
12
69
45
99
1
62
50
26
58
88
97
88
19
3
23
19
48
73
48
58
16
63
75
71
4
32
15
98
32
14
87
38
12
8
45
92
31
62
61
89
92
78
83
26
85
28
37
54
49
95
7
59
24
94
7
94
94
11
42
65
52
40
38
55
80
82
11
75
93
74
34
25
85
30
74
22
95
81
92
27
52
18
44
62
65
69
84
0
43
48
67
62
89
98
44
13
19
8
68
30
3
53
70
83
0
86
51
58
72
89
90
81
61
41
77
52
66
68
80
4
46
25
66
35
50
88
7
75
53
3
5
98
82
7
90
61
7
91
36
5
37
72
41
94
33
67
79
39
23
6
31
63
71
67
64
84
46
74
49
77
65
50
55
51
55
36
3
41
47
54
81
37
75
55
71
14
0
53
78
57
83
45
61
52
42
89
22
85
39
18
25
98
4
70
70
49
70
87
89
41
65
97
36
83
82
77
46
7
74
80
2
9
91
40
36
91
91
99
73
40
83
42
62
90
50
82
24
38
16
40
39
7
63
10
51
96
44
29
66
53
30
84
44
5
91
53
74
72
15
15
44
5
66
77
15
48
73
72
66
77
3
13
18
92
55
13
72
29
91
91
61
75
58
71
70
98
52
94
89
90
59
57
43
60
41
30
59
78
6
80
80
54
99
60
76
54
78
14
26
9
81
85
32
63
43
73
87
44
26
99
70
8
90
65
80
41
17
39
53
66
48
5
88
98
67
98
37
40
91
16
27
33
16
89
5
69
83
74
85
24
93
32
76
91
5
52
46
21
40
58
84
6
91
63
46
66
90
79
0
23
14
15
86
75
45
6
22
33
76
52
81
90
22
34
45
48
7
30
2
1
23
3
22
5
80
93
27
86
79
62
53
54
63
18
84
65
8
96
8
88
62
18
73
73
2
33
39
63
22
45
83
58
73
18
84
4
5
57
18
23
29
85
34
64
16
86
99
95
45
97
0
87
11
44
86
62
29
85
82
91
82
17
80
37
12
26
54
28
58
79
1
1
99
16
3
56
1
91
73
1
1
35
22
19
88
11
45
56
0
54
61
20
13
17
53
89
18
81
6
47
41
26
26
25
60
22
55
74
87
24
79
78
17
7
0
87
26
73
14
56
44
12
54
80
79
8
43
39
61
40
53
98
4
31
8
57
33
32
35
6
94
87
65
22
16
42
57
2
42
88
72
58
27
36
13
91
84
9
89
9
65
85
70
59
7
2
59
79
70
34
97
16
49
18
55
70
64
38
34
61
69
37
96
24
15
78
72
63
2
1
84
22
86
4
91
13
90
68
60
84
0
34
70
32
92
18
49
35
28
3
89
6
15
66
35
50
12
41
31
34
93
84
26
74
72
50
57
54
35
67
44
66
60
26
58
82
67
98
89
28
55
95
76
60
76
91
64
2
63
62
43
91
48
63
34
33
34
53
3
28
8
40
44
47
61
60
73
61
29
63
4
49
92
92
45
57
87
18
20
72
0
85
65
76
23
55
95
81
58
73
60
21
70
19
87
47
79
90
75
73
15
41
39
99
33
94
45
91
36
77
12
75
62
94
61
50
38
12
1
0
30
84
98
29
7
18
48
81
91
84
63
62
31
40
55
30
61
86
96
96
98
20
14
28
19
2
81
61
44
79
5
88
56
81
15
84
69
30
6
68
70
81
74
7
80
55
60
5
14
48
83
0
70
38
74
24
69
16
9
42
41
39
27
0
70
85
9
43
79
77
75
74
80
42
45
8
0
36
89
4
46
69
56
42
91
71
98
74
40
16
0
21
2
1
64
47
43
83
32
68
18
1
25
63
46
47
90
2
28
37
61
33
77
4
92
38
93
28
39
18
41
44
49
1
11
19
91
82
4
60
34
56
19
32
74
86
99
30
98
8
58
93
87
2
24
35
43
52
6
4
27
8
63
26
34
39
97
52
75
33
87
49
46
16
33
76
41
97
8
75
17
55
93
27
4
41
60
30
65
21
77
90
54
87
86
37
52
66
2
73
55
90
62
26
19
28
15
14
52
17
45
92
39
42
58
49
48
44
71
48
69
9
26
94
46
23
66
66
88
82
1
39
88
93
82
7
17
56
40
70
1
68
52
69
45
16
6
85
12
99
88
40
68
36
60
17
87
20
46
75
61
70
58
88
51
75
73
70
37
28
90
55
88
68
38
73
7
16
58
61
39
56
17
33
77
50
87
75
4
16
94
55
76
60
97
1
0
75
31
97
71
75
52
6
43
14
84
14
51
1
88
53
66
5
56
32
52
40
24
86
54
54
88
61
87
54
24
16
85
17
90
22
86
77
79
94
45
0
39
89
82
41
87
91
73
4
62
3
46
10
46
28
38
72
70
13
7
15
26
76
98
67
79
15
47
47
93
73
81
26
70
95
60
70
2
82
66
34
6
65
62
74
31
36
42
47
48
79
50
15
57
66
68
4
64
16
63
16
84
18
29
84
53
9
38
4
74
15
1
93
72
1
84
69
13
10
33
80
68
30
8
3
13
26
18
55
11
28
72
5
53
34
27
93
6
44
93
37
91
11
31
69
47
86
95
85
80
1
82
79
66
77
58
31
42
23
90
6
83
19
51
80
23
64
61
16
51
99
28
19
63
93
97
78
34
90
13
74
17
28
29
10
22
83
83
53
73
7
59
82
34
15
68
68
34
82
75
37
8
94
16
24
21
8
96
53
49
38
85
55
32
96
20
29
43
69
94
26
54
23
91
34
48
23
53
5
0
59
57
69
73
27
12
29
61
21
65
88
28
15
24
1
77
67
82
5
64
51
52
79
54
46
1
59
87
60
88
76
45
55
6
1
35
94
79
25
71
26
95
60
73
9
75
5
72
27
32
38
56
45
50
87
47
35
14
85
30
92
51
79
31
99
86
15
29
63
66
62
80
24
57
43
78
49
99
95
93
63
71
45
86
64
4
3
62
50
17
35
21
32
57
61
2
6
70
82
82
94
95
81
96
77
33
67
43
60
99
90
63
62
82
36
12
31
47
75
77
29
94
27
70
95
32
38
32
37
2
36
40
53
87
95
53
42
43
89
69
93
81
84
71
31
33
91
75
85
47
97
1
13
34
46
62
92
53
46
66
45
48
94
10
69
60
42
35
59
47
44
57
4
83
89
71
12
52
46
58
98
22
62
52
2
58
77
96
86
33
58
69
97
14
51
2
63
45
58
97
6
75
81
99
28
50
57
88
25
38
71
47
53
48
79
59
29
82
90
93
81
17
14
69
25
32
39
1
89
4
67
99
28
98
88
20
64
18
71
48
69
18
86
6
39
87
15
37
2
48
15
89
67
77
38
27
21
96
11
94
84
30
58
30
54
72
83
59
77
74
41
8
19
54
4
68
53
91
67
19
40
71
51
38
9
82
3
76
20
23
42
94
66
72
14
25
61
36
4
14
10
60
77
70
85
75
39
27
93
23
33
88
18
58
51
83
23
85
56
20
79
20
30
47
19
4
98
67
26
0
56
47
83
52
83
40
3
3
23
9
77
43
15
72
77
19
73
77
24
29
4
61
50
30
39
51
51
15
9
17
28
45
16
12
41
32
63
71
12
11
51
98
31
46
15
84
19
1
70
62
34
94
30
11
45
99
33
90
16
56
4
24
71
3
19
14
23
68
67
81
61
90
21
57
22
87
82
12
38
10
93
77
84
41
64
76
25
91
94
42
79
19
76
87
18
51
1
50
37
6
45
23
0
55
91
89
95
48
45
54
69
82
68
56
86
80
37
67
71
25
50
60
79
0
44
74
46
80
2
32
92
10
76
97
13
30
27
74
8
17
42
91
11
36
69
50
57
84
76
85
3
91
79
76
13
8
92
69
82
7
73
89
32
42
39
45
80
55
15
74
16
51
94
60
91
83
62
85
48
59
11
5
2
55
75
75
4
31
4
17
89
70
19
36
22
67
83
63
2
92
37
2
99
77
56
22
84
14
71
94
44
12
41
52
91
85
43
82
40
97
42
96
47
22
1
11
78
72
93
85
12
63
65
25
7
2
86
44
59
2
54
35
56
75
47
76
20
48
97
9
1
38
5
3
50
43
84
18
6
9
72
19
6
75
15
29
35
20
95
3
58
74
18
83
91
74
86
10
74
58
36
90
8
49
65
40
54
14
81
0
58
96
1
61
59
21
60
89
82
99
80
52
65
55
32
77
76
26
42
79
11
20
38
52
15
79
65
63
52
26
29
3
79
39
30
99
5
8
19
52
40
58
54
82
31
82
93
70
99
21
17
56
64
74
1
62
61
85
78
58
10
53
74
47
5
34
81
64
77
30
66
63
45
93
46
18
45
87
63
87
26
41
70
51
21
32
90
36
85
3
87
21
87
60
83
27
74
1
8
93
98
61
88
90
10
83
55
85
34
24
74
49
12
28
74
78
58
45
87
79
63
14
47
3
77
52
60
71
12
67
81
98
54
67
17
21
1
88
21
77
95
91
12
15
82
22
16
66
5
48
29
29
73
27
81
63
53
23
81
86
78
71
28
75
46
26
79
16
8
7
22
81
87
83
65
62
49
70
57
75
79
40
91
23
13
80
6
42
66
30
95
11
94
41
36
52
12
43
86
97
53
50
97
95
61
20
22
57
25
71
72
68
20
49
67
87
16
41
66
50
10
51
70
15
42
6
85
8
2
25
45
93
71
56
99
67
78
2
76
50
30
53
91
81
65
92
25
11
95
40
30
62
11
23
78
96
67
64
8
15
4
80
27
60
7
54
48
16
57
94
30
92
43
92
58
19
23
38
16
96
95
22
99
86
53
89
11
52
58
54
85
74
72
82
72
32
43
37
34
47
52
40
53
45
8
83
3
90
40
28
53
27
59
4
33
92
89
44
12
55
89
98
78
82
91
31
91
47
9
73
69
36
57
91
95
37
61
83
69
11
4
76
11
10
90
98
94
24
39
1
33
27
55
79
39
15
99
3
41
66
80
27
45
4
32
5
45
9
93
33
84
35
24
56
65
11
38
23
39
87
97
58
25
47
29
56
98
82
41
38
51
7
34
18
73
64
78
96
49
64
40
36
97
40
33
49
62
10
33
4
18
81
91
5
87
3
50
80
86
89
17
12
80
64
6
32
25
13
98
37
21
76
14
59
49
30
33
80
51
66
87
38
63
53
4
48
24
13
31
29
84
46
61
24
34
46
45
99
27
51
91
0
72
50
57
4
60
90
86
9
46
92
99
77
57
14
2
70
69
69
32
79
93
58
0
20
7
48
82
79
58
72
58
3
85
19
70
44
97
98
53
37
73
28
86
50
24
31
95
1
2
36
96
99
55
85
0
60
64
82
62
31
86
57
72
73
38
91
84
85
90
69
82
21
89
68
68
76
31
58
8
90
13
30
78
88
33
99
42
12
92
8
82
78
97
62
74
4
12
29
38
77
56
18
77
72
95
54
0
45
16
73
29
33
6
86
19
97
4
9
57
89
14
25
26
49
11
18
80
83
3
27
30
52
74
29
52
90
14
77
65
7
75
27
16
30
64
83
14
51
42
70
