overall_acc,0.796
loss,[11.089077036743165, 6.475046505279541, 4.307731587219238, 3.3291643938446045, 2.8543567362213134, 2.6235352059936523, 2.509890510482788, 2.4443822679901124, 2.404671084594727, 2.38290470199585, 2.3638744612121583, 2.360029960784912, 2.3455507844543457, 2.332130230407715, 2.3339256100463865, 2.332100410461426, 2.311715301055908, 2.321708812637329, 2.3211636333465577, 2.320346234283447, 2.324289196014404, 2.3282139598083496, 2.329860535812378, 2.329500579071045, 2.3370568378448486, 2.3395645584869387, 2.3395745781707764, 2.3536329022216798, 2.3673256352996828, 2.3540511325073243, 2.3741996476745606, 2.373344920425415, 2.3862130768585206, 2.3947201456451417, 2.393944244155884, 2.403524709777832, 2.415217455291748, 2.427540955886841, 2.4199865787506103, 2.4419678508758547, 2.453810595550537, 2.4610427239990234, 2.468359064712524, 2.476443104629517, 2.4939286331939696, 2.4872702031707763, 2.505415524749756, 2.5177156021118163, 2.5175009160614015, 2.528885000991821, 2.533472091293335, 2.546852332611084, 2.5395282864379882, 2.5469518510437013, 2.550547942504883, 2.5621998049163817, 2.5702731398010252, 2.5770978860473632, 2.573418575286865, 2.58512350440979, 2.0468509537506105, 1.6702486039352418, 1.4638128845977783, 1.3177485855865478, 1.217155769958496, 1.1572040484619142, 1.134211379928589, 1.1161486796569824, 1.116053790473938, 1.1176703569793702, 1.1233766086387633, 1.1232062808227539, 1.1300459270095826, 1.1346801142120362, 1.1302277941513061, 1.1351724518203736, 1.138214535446167, 1.1540178188323975, 1.1606471953582764, 1.1561411764526368, 1.1640151332473754, 1.1762389027786255, 1.1671877032470703, 1.1725634506988525, 1.1798051829147338, 1.1903731357192993, 1.1892031842041015, 1.1850921365356446, 1.1937245299911499, 1.2029552207183838, 1.2048560115432738, 1.2046098875045776, 1.206384446105957, 1.2108222914123534, 1.2129822396469117, 1.216992716178894, 1.2024054467773437, 1.2080881169891358, 1.2237854843902587, 1.2230225445175171, 1.2240536898040772, 1.2282099859237672, 1.2274131610107422, 1.2367339531707764, 1.233018070793152, 1.240117576789856, 1.2438927001571656, 1.246295294380188, 1.246563808403015, 1.24988923248291, 1.2459428968811035, 1.250464806365967, 1.247995552482605, 1.242199846611023, 1.2507517820739746, 1.2393182612609863, 1.253569895515442, 1.2577966386795043, 1.253048869781494, 1.2596689116668702, 1.1184364587020874, 1.0216284440040588, 0.9797957676315308, 0.9470062870025635, 0.915793158493042, 0.8877815165138244, 0.8595878202629089, 0.8331446688461304, 0.8072796533203125, 0.7823787595367432, 0.7589892356681823, 0.7364879363059997, 0.7137115744400024, 0.6922678824043274, 0.670652647190094, 0.6507270819664002, 0.6310598794746399, 0.6124401290893555, 0.594168174533844, 0.5759253648376464, 0.5586248103713989, 0.5423739683532715, 0.5254113968849182, 0.5101344300842285, 0.4949609689617157, 0.4806206585597992, 0.46646047874450686, 0.4524237752628326, 0.43906274872779844, 0.425923383731842, 0.41341035762786865, 0.40121186925888064, 0.38973898303985594, 0.37815349119186403, 0.36729248410224913, 0.3565016514015198, 0.3473288179302216, 0.3380987927055359, 0.3275882415866852, 0.3195501286792755, 0.3127233629798889, 0.309934578666687, 0.30765424800872804, 0.3055408361530304, 0.3034431922721863, 0.3018188345336914, 0.29997786746025085, 0.29787126745223996, 0.29583366532325744, 0.2943491897773743, 0.29239257768630983, 0.2907386075973511, 0.2889472049713135, 0.28742441650390627, 0.2854375674152374, 0.2836530232334137, 0.28180537444114684, 0.2802496457672119, 0.27844268656730653, 0.27682055541038514, 0.275062023601532, 0.27340399638175966, 0.27178890558242796, 0.2702513080883026, 0.2686697416305542, 0.26692174653053286, 0.2652976061534882, 0.2637563341331482, 0.2620199639225006, 0.2605035269641876, 0.25897686705589296, 0.2572933757686615, 0.25584253277778624, 0.2543585530757904, 0.25278521525382996, 0.25131920480251313, 0.2498204702281952, 0.24833786345481873, 0.24669386202812194, 0.245158687582016]
0,0.9565217391304348
1,0.9032258064516129
2,0.782608695652174
3,0.7241379310344828
4,0.8387096774193549
5,0.7916666666666666
6,0.8260869565217391
7,0.8461538461538461
8,1.0
9,1.0
10,0.35
11,0.5238095238095238
12,0.8
13,0.6521739130434783
14,0.8888888888888888
15,0.9166666666666666
16,0.8846153846153846
17,0.9047619047619048
18,0.7647058823529411
19,0.8
20,0.8888888888888888
21,0.8947368421052632
22,0.8823529411764706
23,0.7692307692307693
24,0.8695652173913043
25,0.5
26,0.7083333333333334
27,0.875
28,0.8
29,0.7241379310344828
30,0.8148148148148148
31,0.76
32,0.7727272727272727
33,0.6896551724137931
34,0.92
35,0.5909090909090909
36,0.8571428571428571
37,0.7894736842105263
38,0.8076923076923077
39,0.9565217391304348
40,0.6428571428571429
41,0.9090909090909091
42,0.8695652173913043
43,0.9130434782608695
44,0.5652173913043478
45,0.7105263157894737
46,0.45454545454545453
47,0.782608695652174
48,1.0
49,0.8823529411764706
50,0.7272727272727273
51,0.7142857142857143
52,0.65
53,0.9310344827586207
54,1.0
55,0.6666666666666666
56,0.8636363636363636
57,0.6428571428571429
58,0.9142857142857143
59,0.6666666666666666
60,0.8148148148148148
61,0.7931034482758621
62,0.8846153846153846
63,0.75
64,0.6842105263157895
65,0.6818181818181818
66,0.8461538461538461
67,0.6956521739130435
68,0.9523809523809523
69,0.8333333333333334
70,0.9
71,0.8095238095238095
72,0.5454545454545454
73,0.6875
74,0.6363636363636364
75,0.9285714285714286
76,0.9047619047619048
77,0.6470588235294118
78,0.6842105263157895
79,0.8214285714285714
80,0.6896551724137931
81,0.9047619047619048
82,0.972972972972973
83,0.7666666666666667
84,0.8888888888888888
85,1.0
86,0.8571428571428571
87,0.9
88,0.9523809523809523
89,0.8571428571428571
90,0.7916666666666666
91,0.8974358974358975
92,0.76
93,0.8571428571428571
94,0.9565217391304348
95,0.6206896551724138
96,0.5217391304347826
97,0.7916666666666666
98,0.6153846153846154
99,0.8695652173913043
16
7
91
43
14
92
6
89
13
85
47
27
81
63
59
61
78
18
53
17
27
43
10
54
94
79
68
99
69
64
83
41
23
46
47
20
87
90
47
26
83
51
20
20
7
83
27
45
68
93
86
12
69
73
99
1
62
55
26
58
88
97
88
19
34
71
19
48
44
48
58
16
64
75
71
4
32
15
98
32
14
87
38
12
8
45
92
31
62
61
89
62
78
83
45
85
28
37
54
72
95
7
59
24
94
7
94
94
11
42
65
52
40
38
55
80
82
80
75
51
74
34
5
85
30
74
22
95
81
92
27
52
18
44
62
65
69
84
0
43
48
67
62
89
83
99
90
19
8
68
96
3
53
70
83
0
95
51
58
19
89
90
81
61
41
66
52
66
68
80
43
46
5
66
35
36
88
14
75
53
3
5
98
82
7
87
61
7
91
1
5
37
72
41
94
33
67
79
39
23
28
31
63
71
67
45
10
46
74
33
77
65
50
2
51
55
36
3
41
59
54
81
37
75
74
71
14
0
9
18
57
83
45
22
59
42
89
22
85
39
7
25
98
24
70
54
49
70
87
89
41
31
97
36
83
82
96
11
7
74
80
2
9
29
40
36
91
91
99
73
69
83
42
62
90
50
82
24
38
16
84
39
7
63
10
51
96
77
29
66
53
30
84
44
5
26
53
74
72
15
15
44
84
66
77
55
48
73
75
64
77
3
13
18
92
55
13
72
29
91
91
61
75
58
71
70
98
52
94
89
90
56
57
43
60
13
30
59
78
6
80
80
54
83
60
76
54
18
14
26
9
90
85
32
63
43
73
87
44
26
99
70
8
90
65
80
90
17
39
53
66
48
5
88
89
34
87
37
41
91
16
27
33
16
89
5
76
83
74
85
24
3
32
76
45
5
52
46
55
40
58
84
6
91
31
46
66
7
79
0
23
14
15
86
75
45
6
22
33
76
52
81
49
22
34
45
48
7
30
11
1
23
3
22
5
80
93
27
86
79
92
53
54
63
18
84
16
8
59
8
88
62
29
73
73
2
33
39
4
22
45
83
58
73
18
84
4
5
57
18
23
29
85
34
64
16
16
99
95
45
97
0
41
2
44
86
54
72
85
82
91
82
17
23
58
12
26
54
28
58
79
1
4
44
40
3
33
23
91
73
1
1
35
32
19
88
11
29
56
0
54
61
7
81
17
53
89
18
81
6
47
41
19
26
25
60
22
1
4
47
24
90
74
17
7
0
87
26
73
14
56
31
12
54
21
79
8
43
39
51
40
53
98
4
72
8
57
33
88
35
6
94
90
64
22
16
64
57
2
4
88
72
58
27
36
13
91
84
9
5
9
65
85
70
59
7
2
59
79
70
34
97
86
49
18
55
70
64
38
34
61
69
37
64
24
15
78
51
33
35
1
84
8
86
55
91
13
90
68
60
84
0
34
70
32
92
14
49
35
86
3
89
7
15
66
35
50
12
41
31
34
93
84
26
74
93
50
57
54
35
73
44
66
60
45
58
82
67
83
89
28
55
95
76
60
76
91
37
2
4
62
43
91
48
27
34
42
34
53
21
28
8
40
44
47
61
60
73
61
29
63
66
49
92
92
45
57
87
18
20
55
0
85
65
44
23
78
95
81
58
73
60
21
14
3
87
47
88
90
75
27
15
41
39
99
33
94
45
91
36
77
3
75
62
94
61
50
38
12
1
0
30
84
98
29
7
18
48
87
91
84
63
62
31
40
55
30
61
86
47
96
15
20
14
28
75
2
81
22
73
79
5
18
56
81
31
84
69
30
6
68
70
81
74
7
63
55
60
5
14
48
18
0
70
38
4
24
69
16
9
42
41
39
27
0
70
85
9
43
79
77
75
74
65
42
44
8
0
36
89
43
46
69
56
42
91
71
98
63
99
16
0
21
2
1
21
47
43
83
65
68
18
1
39
96
46
47
90
46
28
37
61
33
14
4
92
38
93
28
39
18
41
45
49
1
11
19
91
82
4
60
34
56
19
32
34
87
99
49
98
8
58
93
87
98
24
35
43
52
6
4
27
8
63
26
34
39
97
37
75
33
87
49
46
16
33
76
41
97
8
75
17
55
93
27
4
41
60
30
31
21
53
90
54
87
86
37
47
66
2
73
55
25
62
26
19
28
15
14
47
69
45
92
39
42
13
49
48
44
71
48
69
9
26
16
46
71
66
66
88
82
1
39
88
93
82
7
17
56
40
70
54
68
52
81
45
16
62
85
12
99
88
40
68
36
60
17
87
20
46
75
61
70
58
34
51
75
73
70
37
28
90
72
88
68
38
73
7
16
58
61
39
56
17
33
77
63
87
75
4
16
94
55
76
60
97
1
0
75
31
55
71
75
52
6
43
14
84
14
51
1
88
53
66
5
56
32
52
40
24
86
54
54
88
61
87
54
24
40
85
17
90
22
86
77
79
94
45
0
39
89
82
41
87
91
73
4
62
55
98
77
46
28
38
74
70
13
7
15
24
76
98
73
79
15
47
47
93
73
13
26
70
95
60
70
2
82
66
34
6
65
62
74
31
36
88
47
48
79
50
19
57
66
68
74
64
16
72
16
84
18
29
93
53
9
38
80
74
15
1
45
91
1
84
18
58
10
33
80
68
30
8
3
81
26
18
20
35
20
93
5
53
34
27
93
6
44
93
85
91
11
31
69
47
86
30
85
80
1
82
45
66
7
58
31
42
23
90
18
83
31
51
80
23
64
61
16
51
99
28
19
63
26
97
78
34
71
13
74
17
28
29
10
61
83
83
53
73
7
59
82
34
15
68
68
34
82
75
37
8
94
16
24
21
8
96
53
49
38
85
27
32
96
20
29
43
69
94
26
92
23
91
34
48
23
53
5
0
59
57
69
73
27
12
42
61
21
72
88
28
15
24
1
77
67
82
5
64
51
52
79
70
46
1
59
87
60
88
76
45
15
14
1
35
94
55
25
71
26
55
60
73
9
75
5
72
27
32
38
14
45
80
87
47
2
27
85
30
92
51
79
13
99
86
15
29
63
66
62
80
24
57
43
78
49
99
95
93
63
71
64
86
64
35
3
62
50
17
98
21
32
57
61
2
6
70
82
82
94
95
81
96
77
33
67
31
60
99
66
63
62
82
36
12
31
47
75
77
29
94
27
70
95
32
38
67
37
36
65
40
53
87
95
53
42
43
89
69
93
81
40
71
31
33
91
75
85
47
97
54
13
33
46
62
92
53
11
66
45
48
94
10
69
60
42
35
59
52
44
57
4
83
89
71
90
52
32
58
98
22
62
52
2
58
77
96
86
33
58
69
97
14
51
2
4
11
58
42
6
75
81
99
28
50
57
88
25
38
71
47
53
48
79
59
29
82
90
93
81
17
14
69
25
32
39
10
89
66
67
99
28
98
88
20
42
18
60
48
69
18
48
6
39
64
15
37
93
48
31
89
67
79
38
23
21
96
11
41
84
30
58
30
98
31
45
59
77
4
41
8
19
54
4
68
9
91
67
3
40
71
77
38
9
82
3
76
20
23
42
94
66
72
14
25
61
36
4
78
10
60
14
62
85
75
48
67
93
23
33
88
18
58
51
33
23
85
56
20
7
20
30
47
19
4
35
18
26
0
56
47
51
52
10
40
3
3
23
9
77
43
15
72
77
19
73
24
7
29
4
61
50
30
39
45
19
17
9
17
28
45
79
12
41
49
63
60
12
11
77
35
68
46
15
84
19
66
70
62
34
94
30
11
32
99
33
90
16
56
4
24
71
3
19
14
23
68
45
81
10
90
21
57
22
87
82
85
38
10
93
77
84
41
36
76
25
91
94
42
79
19
76
87
18
51
1
50
37
6
45
23
0
68
91
48
95
48
45
54
69
82
68
56
86
50
37
67
71
25
50
60
79
0
95
55
46
80
2
32
92
61
69
97
13
30
27
74
8
17
42
91
11
36
69
50
57
84
71
85
3
91
79
76
13
8
92
69
82
7
73
89
64
42
39
45
80
4
15
50
16
70
94
60
91
83
62
85
48
59
11
5
2
18
75
75
4
31
72
17
89
92
19
36
28
73
83
63
2
92
37
2
99
77
56
22
84
14
71
94
44
12
41
52
91
85
43
82
40
97
42
96
47
22
1
11
78
72
93
85
18
63
65
25
44
2
86
44
59
2
54
98
56
75
47
76
20
48
97
9
25
38
84
3
50
43
84
18
6
9
72
42
6
75
15
29
35
20
95
3
58
74
78
83
39
74
86
91
74
58
36
90
8
49
65
40
1
14
37
0
58
96
1
61
59
21
60
89
82
61
80
52
65
55
32
77
69
26
42
79
11
20
38
47
15
7
65
63
96
26
29
3
79
39
30
99
5
8
67
52
40
58
54
82
31
82
93
70
99
21
17
56
64
74
1
92
61
85
78
58
61
53
74
47
5
34
81
64
77
73
66
63
45
93
46
44
45
87
63
87
26
41
70
34
21
32
90
36
85
65
87
21
87
71
53
27
74
1
8
93
98
61
88
90
10
83
37
85
34
24
74
49
12
28
13
6
58
45
87
79
32
14
47
31
77
52
60
71
25
67
81
2
54
67
17
21
1
88
21
77
95
91
12
15
82
22
16
66
25
41
29
31
73
27
81
63
53
23
81
86
78
71
28
75
35
26
79
16
8
7
22
81
87
83
65
62
49
70
57
63
44
40
91
23
13
80
6
42
3
30
67
35
94
41
36
52
12
43
86
97
53
50
36
3
61
20
22
57
25
71
72
68
20
49
67
87
16
41
66
72
10
63
83
15
42
6
85
8
2
25
45
93
71
56
99
67
32
2
76
50
30
53
91
81
65
92
71
35
95
40
30
62
11
23
78
96
67
65
8
15
4
80
27
60
7
54
48
16
57
94
30
92
43
92
58
19
23
38
40
33
95
61
99
86
53
89
11
52
58
54
85
74
72
82
72
69
43
31
34
47
47
40
53
45
8
83
3
90
76
28
53
27
59
4
33
92
89
44
12
4
89
98
78
82
91
31
91
47
9
73
69
36
26
91
95
37
61
70
69
11
3
76
42
82
79
98
94
24
39
1
33
96
55
79
39
15
39
3
41
66
80
27
45
3
32
5
33
9
93
33
8
35
24
56
65
11
38
23
39
25
97
58
25
96
29
56
98
82
41
38
51
79
88
18
73
64
78
96
49
64
40
36
97
40
32
49
62
10
37
4
79
81
91
5
87
3
50
80
86
41
17
88
80
21
24
32
40
13
98
37
21
76
74
59
49
30
33
80
51
66
87
38
63
53
4
48
24
13
31
29
84
46
61
24
34
98
45
99
27
51
91
0
72
50
57
4
60
81
86
9
46
92
99
77
57
14
2
70
69
69
32
79
93
58
0
20
7
50
82
79
58
67
58
3
85
55
70
27
97
98
53
37
73
28
86
50
24
31
95
1
2
36
96
99
55
85
0
60
64
82
62
31
86
57
72
73
42
91
84
85
90
69
82
21
89
68
68
76
31
58
8
90
13
30
78
88
47
99
42
12
92
8
82
78
97
62
74
4
12
29
29
67
56
18
77
72
95
54
0
45
16
73
29
33
6
86
19
97
4
9
57
89
18
25
26
49
11
14
80
83
3
27
30
59
74
29
52
90
14
77
4
7
75
27
16
30
64
83
14
51
42
70
