overall_acc,0.7976
loss,[10.884171462707519, 6.240502488861084, 4.185130139389038, 3.2494951253509523, 2.817810221786499, 2.5923629292297363, 2.488515259475708, 2.434406081008911, 2.393801658325195, 2.3706374851989747, 2.3573255137634277, 2.3440098448181153, 2.3368473653411863, 2.3250996755981443, 2.3170760903930665, 2.3204332831573486, 2.3146099877166746, 2.3256165111541747, 2.3181134671783448, 2.3230743630981445, 2.3303100589752197, 2.3240108081054687, 2.324427928314209, 2.333712539520264, 2.3475629930877684, 2.3522980854797364, 2.341880305328369, 2.3500335733795166, 2.356316729812622, 2.3645763445281984, 2.3704658586120604, 2.374448260040283, 2.3761483058166504, 2.3855720851135254, 2.401087785949707, 2.4112421965026853, 2.4091567206573488, 2.4334986827087404, 2.4322888360595702, 2.449853102493286, 2.4556154698181154, 2.467956146621704, 2.470136998977661, 2.4940583409881594, 2.489968913421631, 2.5057530809020996, 2.511479781951904, 2.5057808142089844, 2.5201044791412355, 2.531243731460571, 2.534834755859375, 2.53362786277771, 2.541112547225952, 2.5418093910217285, 2.557607134857178, 2.559368199157715, 2.5701745389556883, 2.568723858718872, 2.5791611042022704, 2.589348835220337, 2.0592683921813966, 1.6839797191619874, 1.476151042175293, 1.3316441429519654, 1.2314525875473021, 1.167750540084839, 1.1359652617263793, 1.1333932618713378, 1.132397864227295, 1.1282035192871094, 1.1355078299713135, 1.121970998725891, 1.1434430816268921, 1.1386190369415283, 1.1425382098007202, 1.1603787536239625, 1.151876082382202, 1.1543630460739136, 1.1541618026733398, 1.165976226119995, 1.1662496688079833, 1.1801362366867065, 1.1885147646331786, 1.1751737744140625, 1.2059282018280029, 1.1890033646774292, 1.1989818406677246, 1.191014896736145, 1.2054985685348512, 1.2059054964065552, 1.1980505574035645, 1.2121887057113647, 1.2049163396072389, 1.2238196204376222, 1.2184398514556884, 1.223871057472229, 1.2233642797088624, 1.2276232440567016, 1.2288133446884155, 1.2353381872940064, 1.2359647707748413, 1.237036696472168, 1.236937048034668, 1.2372503914642334, 1.2423375677871704, 1.2423097679519652, 1.239005763092041, 1.225861425704956, 1.239990065536499, 1.2484442366790771, 1.25165318649292, 1.2562855879592896, 1.2646036373901368, 1.259373556213379, 1.2469464512252808, 1.2595094032669067, 1.2757547719192506, 1.2600781587982177, 1.256130368461609, 1.2603636842727661, 1.125124252166748, 1.0263988224411011, 0.9887039103317261, 0.9558175268363953, 0.9232513207054138, 0.893492769947052, 0.8666158216476441, 0.8386245296859741, 0.8137072374916077, 0.7889797765922546, 0.7648219844818115, 0.7418562960243225, 0.718919684009552, 0.6972228822898865, 0.6763518662834167, 0.6561073892211914, 0.6353858165931702, 0.6164300642967224, 0.5980714033317566, 0.5801465879631043, 0.5631200489234924, 0.5459981979179382, 0.5295320980072021, 0.5142676531410217, 0.4990255506801605, 0.48374794536590576, 0.4700477956771851, 0.45593092414855957, 0.4422684396648407, 0.4288648783493042, 0.41658083948135377, 0.4049901790237427, 0.3924971849822998, 0.38071391962051393, 0.3698480473136902, 0.3595274665355682, 0.34932256118774413, 0.34013696372032165, 0.3303010702610016, 0.32041479378700255, 0.3138718451499939, 0.31141884309768675, 0.3093291488456726, 0.3074924240207672, 0.3057112996578217, 0.3037965596961975, 0.30174571427345276, 0.2997803201007843, 0.2979181846904755, 0.2960710776042938, 0.29442583307266235, 0.29261301233291626, 0.2905908967590332, 0.2891284770011902, 0.2871910772228241, 0.2857693419075012, 0.2837203351593018, 0.2821942110157013, 0.28046223711967466, 0.27866160364151, 0.27681067844390866, 0.27544953716278076, 0.2735428126525879, 0.27203274683952333, 0.2701862860107422, 0.2686959852218628, 0.2668873323154449, 0.2653602535820007, 0.2638932635784149, 0.26211549345970153, 0.26069541770935056, 0.25899365080833436, 0.2575264117145538, 0.25595228240966794, 0.2545311798381805, 0.2529172675228119, 0.25151411450386046, 0.2497470170879364, 0.24836376448631287, 0.2471471058034897]
0,1.0
1,0.9032258064516129
2,0.782608695652174
3,0.6896551724137931
4,0.8064516129032258
5,0.75
6,0.8260869565217391
7,0.7692307692307693
8,1.0
9,1.0
10,0.5
11,0.42857142857142855
12,0.8
13,0.6086956521739131
14,0.8148148148148148
15,0.875
16,0.9615384615384616
17,0.8571428571428571
18,0.5588235294117647
19,0.88
20,0.8333333333333334
21,0.8947368421052632
22,0.8823529411764706
23,0.8461538461538461
24,0.8260869565217391
25,0.4583333333333333
26,0.8333333333333334
27,0.7916666666666666
28,0.8
29,0.7586206896551724
30,0.7777777777777778
31,0.64
32,0.7272727272727273
33,0.6206896551724138
34,0.88
35,0.5
36,0.9047619047619048
37,0.7894736842105263
38,0.8076923076923077
39,0.9565217391304348
40,0.8571428571428571
41,0.9545454545454546
42,0.8260869565217391
43,0.8260869565217391
44,0.6956521739130435
45,0.7105263157894737
46,0.5454545454545454
47,0.8695652173913043
48,1.0
49,0.8823529411764706
50,0.7727272727272727
51,0.7619047619047619
52,0.85
53,0.9310344827586207
54,0.9545454545454546
55,0.5238095238095238
56,0.9090909090909091
57,0.6428571428571429
58,0.8571428571428571
59,0.7083333333333334
60,0.8148148148148148
61,0.8620689655172413
62,0.8461538461538461
63,0.75
64,0.6842105263157895
65,0.6818181818181818
66,0.8846153846153846
67,0.782608695652174
68,0.9523809523809523
69,0.9
70,0.8666666666666667
71,0.7619047619047619
72,0.5
73,0.75
74,0.6060606060606061
75,0.9285714285714286
76,0.8571428571428571
77,0.7058823529411765
78,0.7368421052631579
79,0.8928571428571429
80,0.7241379310344828
81,0.9047619047619048
82,0.9459459459459459
83,0.8
84,0.8888888888888888
85,0.9333333333333333
86,0.7857142857142857
87,0.9
88,0.9523809523809523
89,0.8928571428571429
90,0.875
91,0.8974358974358975
92,0.6
93,0.8571428571428571
94,0.9130434782608695
95,0.6551724137931034
96,0.7391304347826086
97,0.75
98,0.6538461538461539
99,0.9130434782608695
16
7
91
43
14
92
6
89
13
85
96
27
81
63
59
10
78
24
53
17
27
43
10
54
94
79
68
99
69
64
83
41
23
11
96
20
87
90
52
26
83
67
20
20
7
83
27
45
68
93
86
12
60
73
99
1
62
44
26
58
88
64
88
19
34
71
19
48
73
48
58
16
63
34
71
4
32
55
98
32
14
87
38
12
8
45
92
31
62
61
89
92
78
83
45
85
28
37
54
30
95
7
59
24
94
7
94
94
11
42
65
47
40
38
55
80
82
46
75
93
99
34
5
85
30
74
22
95
81
92
27
52
18
44
62
65
69
84
0
43
48
67
62
89
83
99
81
19
8
68
64
3
53
70
39
0
40
51
58
19
89
90
81
61
41
66
52
66
68
80
4
11
5
66
35
50
88
14
75
53
3
5
98
82
7
87
61
7
91
1
5
37
72
41
94
33
67
12
39
23
28
31
63
71
67
45
40
46
74
49
77
65
50
4
51
57
36
3
41
47
54
87
37
75
29
71
14
0
9
44
57
83
45
22
52
63
89
61
85
39
18
25
98
50
70
70
49
70
87
89
41
25
97
36
83
82
77
46
7
93
80
2
9
91
40
36
91
91
99
73
24
83
42
28
90
50
82
24
65
16
40
39
7
63
10
51
96
77
29
66
53
30
84
44
5
10
53
74
72
15
15
44
5
66
77
55
48
95
18
97
77
3
13
18
92
55
13
72
29
91
91
61
75
58
71
70
98
52
94
89
90
56
57
43
60
89
30
59
78
6
80
80
54
99
60
17
54
18
14
26
9
81
85
32
63
43
56
87
44
26
99
70
8
90
65
80
41
17
39
53
66
48
5
88
13
67
46
37
40
91
16
27
37
16
89
5
76
83
74
85
24
72
32
76
44
5
52
46
21
40
58
84
6
91
72
98
66
41
79
0
23
14
15
86
75
45
6
22
33
76
52
41
90
22
34
59
66
7
91
2
1
23
3
22
5
80
93
27
39
79
62
53
54
4
18
84
12
8
96
8
88
62
29
30
73
2
33
39
4
61
45
83
58
73
18
84
4
5
53
18
23
29
85
42
97
16
86
26
95
45
97
0
69
11
44
86
54
29
85
82
91
82
17
4
93
12
26
54
28
58
79
1
1
44
53
3
33
23
91
73
1
1
35
1
19
88
11
29
56
0
54
61
20
13
17
53
89
18
81
6
96
41
26
26
25
60
22
73
4
47
24
90
78
17
7
0
87
26
73
14
56
19
12
54
21
79
8
43
39
51
40
53
98
4
31
8
57
33
18
35
6
94
87
65
22
16
64
57
2
3
88
69
58
93
36
13
91
84
9
58
9
65
85
70
52
7
36
59
79
70
34
97
99
49
18
55
70
64
38
34
61
69
37
55
24
3
78
72
33
35
1
84
22
86
4
91
13
90
68
60
84
0
34
70
32
92
83
96
35
86
3
89
44
15
66
98
50
12
41
31
34
93
84
26
74
44
50
57
54
11
73
44
66
60
79
58
82
67
98
89
28
55
95
76
60
76
91
37
2
4
62
43
91
48
63
34
42
34
53
3
28
8
40
44
96
61
60
73
61
26
63
4
49
92
92
6
55
87
18
20
55
0
85
65
44
23
66
95
81
58
73
60
21
62
19
87
47
79
90
75
73
15
41
39
99
33
94
45
91
36
77
66
75
62
94
61
50
38
12
1
0
30
84
98
29
7
18
48
81
91
84
4
62
31
40
55
30
43
86
47
18
98
20
14
28
75
2
81
61
44
79
5
87
56
81
15
84
69
30
6
68
92
81
74
7
80
3
60
5
14
48
83
0
70
38
26
24
69
16
9
42
41
39
27
0
70
85
9
43
79
7
75
74
80
42
62
8
0
36
89
4
46
69
56
42
22
71
35
72
40
16
0
21
2
1
64
47
43
92
75
68
44
1
73
96
46
47
90
2
28
37
61
31
77
4
92
38
93
28
39
18
41
44
49
92
11
19
91
82
4
60
34
56
19
32
74
87
99
30
98
8
58
93
87
11
79
35
43
52
6
4
27
8
63
26
34
39
97
47
75
33
87
49
46
16
33
76
41
97
8
75
17
55
93
44
4
41
60
67
25
21
14
90
54
87
86
37
47
66
2
73
55
25
62
26
19
28
15
14
96
17
45
92
39
42
13
49
48
44
71
48
69
9
26
37
46
71
66
66
88
82
1
39
88
93
82
7
17
56
40
70
1
68
52
69
45
16
62
85
12
99
88
40
68
36
60
17
94
25
46
75
61
70
58
97
51
75
73
70
37
28
90
55
88
68
38
73
7
16
58
16
39
56
17
96
77
63
87
75
4
16
94
72
76
60
97
1
0
75
31
97
60
75
52
6
43
14
84
14
51
1
88
53
66
5
56
32
52
40
24
86
54
54
88
61
87
54
24
84
85
17
90
22
86
77
79
94
45
0
39
89
82
41
87
91
73
4
62
55
98
51
46
28
38
72
70
13
29
15
26
76
98
67
79
15
47
47
93
73
81
26
70
95
60
70
2
82
66
34
6
65
62
74
17
36
88
52
48
79
50
55
57
66
68
4
64
16
61
16
84
18
29
84
53
9
38
74
74
15
1
67
96
1
84
69
81
10
33
80
68
30
8
21
81
13
78
14
35
58
93
5
53
34
27
93
6
44
93
85
91
46
31
69
47
57
95
85
80
1
82
45
66
77
58
31
42
23
90
18
83
19
51
80
23
64
61
40
51
99
28
19
63
26
97
78
34
90
13
74
17
28
29
10
61
83
83
53
73
7
59
82
34
15
68
68
34
82
75
37
8
94
16
24
21
8
96
53
49
38
85
27
32
96
20
29
43
69
94
26
54
23
91
34
48
23
53
5
0
59
83
69
73
27
12
42
61
21
95
88
28
15
24
1
77
67
82
5
64
51
52
79
70
46
1
59
87
60
88
76
45
55
6
1
35
94
79
40
71
26
55
60
73
9
75
5
27
27
32
38
14
45
80
40
47
35
7
85
30
92
51
79
13
99
86
15
29
63
66
62
80
24
57
43
78
49
99
95
93
72
71
14
86
64
4
23
62
50
37
98
21
32
57
61
2
6
1
82
82
94
95
81
96
77
33
67
38
60
20
72
63
62
82
36
68
31
47
75
77
29
94
27
70
95
32
38
32
37
36
65
40
53
87
95
53
42
43
89
69
93
81
84
71
31
33
91
75
85
47
97
92
81
33
46
62
92
53
11
66
45
48
94
16
69
60
26
2
59
52
44
57
4
83
89
71
13
52
32
58
98
22
62
52
2
58
77
96
86
33
58
69
97
14
51
2
4
85
58
42
6
66
81
99
28
50
57
88
25
38
71
47
53
48
79
59
29
82
90
18
81
17
14
69
25
32
39
74
89
4
67
99
28
98
88
20
50
18
60
48
69
93
89
6
39
19
15
37
77
48
46
89
73
77
38
23
21
96
11
41
84
30
13
30
46
31
83
59
77
74
41
8
19
54
74
68
9
91
67
75
40
71
77
38
9
82
3
76
20
60
42
94
66
72
6
25
61
36
4
14
10
60
77
62
85
79
16
67
93
23
33
88
18
58
0
83
23
85
96
20
79
20
30
96
19
4
98
80
26
0
56
47
92
59
83
51
3
3
23
9
77
43
15
74
77
19
73
24
7
37
4
61
50
30
39
45
19
51
9
17
28
45
16
12
83
49
63
60
12
2
77
35
80
46
15
84
19
66
70
62
34
5
30
11
45
99
33
90
16
56
4
24
71
3
19
14
23
68
45
81
61
90
21
57
22
87
82
12
38
10
93
77
84
41
64
76
5
91
94
42
79
19
76
87
18
51
1
50
94
6
45
23
0
55
91
48
95
48
45
54
69
83
68
56
86
80
47
67
71
2
50
60
79
0
44
55
46
80
2
32
83
61
69
97
13
30
27
74
8
17
42
91
35
36
69
50
57
84
95
89
21
91
79
76
13
8
92
69
82
79
73
89
74
42
39
45
80
4
15
74
16
62
94
71
75
83
62
58
48
59
11
5
2
18
75
75
6
3
72
17
89
92
19
36
77
67
83
63
2
92
37
11
99
77
56
22
84
14
71
94
44
85
41
47
91
85
43
82
40
97
42
96
47
48
1
6
78
72
93
85
44
63
65
25
44
2
86
44
59
2
54
35
56
75
52
76
20
48
97
9
45
38
5
3
50
43
84
18
6
9
72
42
6
75
15
29
2
20
95
3
58
74
44
83
91
74
86
10
74
58
36
90
8
49
50
40
10
14
37
0
58
96
1
61
59
21
60
89
82
61
80
52
65
55
32
77
69
26
42
79
11
20
38
47
15
79
65
63
52
26
29
3
79
39
30
99
5
8
67
52
40
58
54
82
3
82
93
70
99
21
17
56
64
74
1
92
61
85
78
58
10
53
74
47
5
34
81
64
77
30
66
63
35
93
46
45
74
87
63
87
26
41
70
22
21
32
90
36
85
3
87
21
87
71
53
27
74
1
8
93
98
61
88
90
10
83
93
85
34
24
74
49
12
28
74
44
58
45
87
79
67
14
47
3
77
59
69
71
25
67
81
98
54
67
17
21
1
88
21
77
95
91
12
15
82
22
16
66
25
41
29
29
73
27
81
63
53
23
9
86
78
71
28
75
35
62
79
16
8
7
22
81
87
10
65
62
49
70
57
55
44
40
91
23
13
80
6
42
21
30
55
35
94
41
36
52
12
43
86
97
53
50
97
95
61
20
22
57
25
71
72
68
20
49
67
87
16
41
66
34
10
51
62
15
42
53
85
8
2
25
45
93
71
56
99
73
14
2
76
50
30
53
91
81
65
92
23
46
72
40
95
62
11
23
78
96
67
36
8
15
4
80
27
60
7
54
48
16
57
94
30
92
43
62
58
19
23
38
40
96
95
26
99
86
53
89
11
52
58
54
85
74
72
82
72
32
43
37
34
47
52
40
53
45
8
92
3
90
40
28
53
27
59
4
33
92
89
79
44
55
89
98
78
82
91
31
91
47
9
73
69
36
26
91
95
37
61
83
69
11
64
76
80
10
90
35
94
24
86
1
33
59
55
7
39
15
99
3
41
66
80
27
45
34
32
5
45
9
26
33
32
35
24
56
65
11
38
23
39
25
97
66
25
47
29
56
98
82
41
38
51
79
19
18
95
64
78
96
49
64
40
36
97
40
45
49
62
10
56
4
79
81
91
5
87
3
50
80
86
89
17
12
80
4
24
32
40
13
98
37
21
76
14
59
49
30
33
38
51
19
87
38
63
53
4
48
24
13
31
29
84
46
61
24
34
98
45
99
27
51
91
0
72
50
57
4
60
90
66
9
46
1
99
77
57
14
2
70
69
69
32
79
44
58
0
20
7
85
82
79
58
72
58
3
85
55
70
44
97
35
53
37
73
28
86
50
24
96
95
1
2
36
59
99
91
85
0
60
64
82
62
31
86
57
72
73
80
91
84
85
90
69
82
21
89
68
68
76
31
58
8
90
13
73
78
78
33
99
42
12
92
8
82
78
97
70
74
4
69
29
38
77
56
18
77
72
95
54
0
45
16
73
29
33
18
86
19
97
4
9
57
89
44
25
26
49
11
14
80
83
21
27
30
52
74
29
59
90
14
77
4
7
75
27
16
30
64
83
14
51
42
70
