overall_acc,0.798
loss,[10.945170936279297, 6.274438658599854, 4.20920222366333, 3.267545752182007, 2.8178841075134278, 2.6017560929870607, 2.4870669650268553, 2.418642822494507, 2.381662852783203, 2.355855479736328, 2.3361464484405516, 2.3289312729644776, 2.317896933898926, 2.318798985977173, 2.3126491593170164, 2.306089587249756, 2.289267106781006, 2.30624260307312, 2.2964402400207518, 2.3013182357025146, 2.301297855682373, 2.3092711875534055, 2.2985967308044435, 2.3066225409698484, 2.3107200890350343, 2.3201500901794434, 2.316669377746582, 2.3226250576782226, 2.337528190612793, 2.3390337895202635, 2.3444793530273436, 2.3560106621551515, 2.3521163833618166, 2.3657442584991455, 2.371959889831543, 2.3903354486083983, 2.3963806603240965, 2.3957811985778807, 2.4133633093261717, 2.415087250289917, 2.429678800048828, 2.429874684524536, 2.4435515152740477, 2.440604108963013, 2.451492546310425, 2.4696204650115967, 2.4759410905456543, 2.478318026885986, 2.4858685639953615, 2.48936832321167, 2.4979029653167726, 2.5009032445526125, 2.5210847981262208, 2.5042161268615724, 2.51735211517334, 2.520454722366333, 2.5212757720184324, 2.533066014022827, 2.5446410353851316, 2.549315365447998, 2.023754653778076, 1.6558683099746705, 1.439539397354126, 1.2955275717163086, 1.196875499458313, 1.1320634634780884, 1.1016296005630493, 1.0954264487075807, 1.0963071780014038, 1.0835504074859619, 1.089984450569153, 1.093926343460083, 1.096618362045288, 1.1040573956680297, 1.100376509552002, 1.1052410814285278, 1.1268862014770509, 1.1104151333236694, 1.1225330781555176, 1.127469204750061, 1.13140015209198, 1.1371782120513916, 1.1400851802825929, 1.1514277851104737, 1.1392509259414674, 1.1453048137664794, 1.1662038859176636, 1.1611508824920653, 1.1524518068695069, 1.1717417151641845, 1.1633088833999634, 1.1735356070709229, 1.1833961268615723, 1.1756234259033203, 1.1780135774993896, 1.1859217264175415, 1.1863965208435059, 1.1840708237838744, 1.1994670951080322, 1.1967847507095337, 1.1969179235076903, 1.1951910137939452, 1.198231856765747, 1.1933593659973145, 1.2044300164413453, 1.190181959915161, 1.207854691390991, 1.2128505931472777, 1.2030085634613037, 1.208634676322937, 1.2135263922119142, 1.2180417974090576, 1.2257695777893067, 1.2242683964920045, 1.2078958166503906, 1.2223311991500854, 1.2200660430145263, 1.2282337084960937, 1.2308291418457031, 1.2193304475021363, 1.082216134147644, 0.9911799112319947, 0.9540799899101258, 0.9215892862319947, 0.8910254787254334, 0.8630573244476318, 0.8359036486434936, 0.8104239455795288, 0.7856197276878357, 0.7610153172302246, 0.7386163924217224, 0.715748240852356, 0.693476749343872, 0.6727110188865661, 0.6528609953689575, 0.6325581693840027, 0.6139137531661988, 0.5956869130134582, 0.5777657312011719, 0.5606964175796508, 0.5435896323013306, 0.5271239017868042, 0.5113810935211182, 0.49633952178001406, 0.48176767543792726, 0.4672687246417999, 0.4531745126247406, 0.43995328919410703, 0.42652359181404115, 0.41399803771972654, 0.4021832244491577, 0.3903674147415161, 0.3785794598865509, 0.3683442743587494, 0.3574924000453949, 0.3477389360046387, 0.3379336894321442, 0.32838810751914976, 0.3187832412624359, 0.30989170289039614, 0.30465980503082274, 0.3012130817604065, 0.2992285968875885, 0.2971177380657196, 0.29553320561408997, 0.2932463418388367, 0.2915274096393585, 0.28965748628616333, 0.28782592227935794, 0.2861045586395264, 0.2843893015384674, 0.28248809432983396, 0.28090388915061953, 0.27895581619262694, 0.2775575120353699, 0.27573985405921936, 0.2739642357158661, 0.27239217824935913, 0.2708219455242157, 0.26923014315605165, 0.26768331203460694, 0.26586973209381104, 0.2641682876777649, 0.26260540182113645, 0.26117774909973146, 0.2595119279956818, 0.25795880892753603, 0.2562712140750885, 0.25478808043479917, 0.2533266309070587, 0.25169185621261597, 0.2502246158313751, 0.24877401591300966, 0.2471693128347397, 0.24565018512248993, 0.24419436449050902, 0.24284563063144685, 0.2413532770729065, 0.23974119317054748, 0.2383251684331894]
0,0.9565217391304348
1,0.967741935483871
2,0.8260869565217391
3,0.7241379310344828
4,0.8064516129032258
5,0.7916666666666666
6,0.7391304347826086
7,0.8461538461538461
8,1.0
9,1.0
10,0.45
11,0.5238095238095238
12,0.85
13,0.6086956521739131
14,0.8518518518518519
15,0.7916666666666666
16,0.9230769230769231
17,0.9523809523809523
18,0.6764705882352942
19,0.72
20,0.8888888888888888
21,0.8421052631578947
22,0.9411764705882353
23,0.8846153846153846
24,0.8260869565217391
25,0.5
26,0.8333333333333334
27,0.7083333333333334
28,0.84
29,0.7931034482758621
30,0.8148148148148148
31,0.72
32,0.7272727272727273
33,0.6206896551724138
34,0.92
35,0.6363636363636364
36,0.9047619047619048
37,0.7894736842105263
38,0.8076923076923077
39,0.9130434782608695
40,0.75
41,0.9545454545454546
42,0.8260869565217391
43,0.8695652173913043
44,0.6086956521739131
45,0.631578947368421
46,0.4090909090909091
47,0.782608695652174
48,1.0
49,0.8235294117647058
50,0.6818181818181818
51,0.7142857142857143
52,0.85
53,0.896551724137931
54,0.9545454545454546
55,0.5238095238095238
56,0.8636363636363636
57,0.7142857142857143
58,0.9428571428571428
59,0.7083333333333334
60,0.8518518518518519
61,0.8620689655172413
62,0.8461538461538461
63,0.7916666666666666
64,0.631578947368421
65,0.6818181818181818
66,0.8461538461538461
67,0.6521739130434783
68,0.9523809523809523
69,0.8666666666666667
70,0.8666666666666667
71,0.9047619047619048
72,0.45454545454545453
73,0.71875
74,0.5757575757575758
75,0.9642857142857143
76,0.9047619047619048
77,0.7647058823529411
78,0.8421052631578947
79,0.8214285714285714
80,0.7931034482758621
81,0.8571428571428571
82,0.918918918918919
83,0.8
84,0.8518518518518519
85,0.9666666666666667
86,0.8214285714285714
87,0.8666666666666667
88,0.9047619047619048
89,0.8928571428571429
90,0.875
91,0.8461538461538461
92,0.76
93,0.8571428571428571
94,0.9565217391304348
95,0.5862068965517241
96,0.6086956521739131
97,0.75
98,0.7307692307692307
99,0.9130434782608695
16
7
91
43
14
92
6
89
13
85
47
27
81
63
59
10
78
18
53
17
27
43
10
54
87
79
68
99
69
64
83
41
23
11
96
20
87
90
52
26
83
93
20
20
7
83
72
45
68
93
16
12
60
45
99
1
62
80
26
58
88
64
88
19
34
23
19
48
91
48
58
16
63
80
55
4
32
15
98
32
14
87
38
12
8
45
92
31
62
10
89
92
78
83
29
85
28
37
54
30
95
7
59
24
94
7
94
94
11
42
65
52
40
38
55
80
82
46
75
51
74
34
5
85
30
74
22
95
81
92
27
52
6
44
62
65
69
84
0
43
48
67
62
25
53
67
81
19
8
68
64
3
83
70
83
0
40
51
58
74
89
90
81
61
41
77
52
66
68
80
43
46
65
27
35
50
88
14
75
53
3
5
98
82
7
86
61
7
91
1
5
17
72
41
94
33
67
12
39
23
16
31
63
71
67
45
84
32
74
49
77
65
50
98
51
55
36
3
41
47
54
87
37
75
72
71
14
24
9
78
57
83
45
22
52
42
89
22
85
39
7
25
98
5
70
54
49
70
87
89
41
31
97
36
83
82
77
46
7
74
80
2
9
93
40
36
32
91
99
73
69
83
42
62
90
50
82
24
38
16
65
39
7
63
10
51
96
77
29
74
53
30
84
44
5
22
53
74
72
15
15
44
5
66
77
55
48
73
72
65
77
3
13
18
92
55
13
72
29
91
91
61
75
58
71
70
98
52
94
89
90
56
57
43
60
89
30
59
78
6
80
80
54
99
60
76
54
18
14
26
9
81
85
32
63
43
73
87
44
26
99
70
8
90
65
80
41
17
39
53
66
48
5
34
98
27
98
37
69
91
16
27
33
16
89
5
76
83
74
85
24
72
32
76
45
84
52
46
63
40
58
84
54
91
63
35
66
7
79
53
23
14
80
86
75
45
6
22
33
76
52
81
90
22
34
52
48
7
30
2
1
23
3
22
5
80
93
27
39
79
92
53
54
63
18
84
66
8
59
8
88
62
29
73
73
2
33
39
63
22
45
83
58
73
18
84
4
5
57
18
23
29
85
34
64
16
86
99
95
45
97
0
59
11
44
86
62
29
85
82
91
82
17
27
58
12
26
54
28
58
79
1
45
30
16
3
40
49
91
73
1
1
35
32
19
88
11
29
56
0
54
61
20
13
17
53
89
18
81
6
47
41
26
26
25
60
22
73
4
47
24
79
78
17
7
0
87
26
73
14
56
18
12
54
21
79
8
43
39
51
40
53
98
4
31
8
57
33
18
35
66
94
9
65
22
16
63
57
2
38
88
72
58
27
36
13
91
84
9
5
9
65
85
70
52
93
2
59
79
70
34
97
86
49
18
55
70
27
38
34
61
69
37
63
24
3
78
51
65
35
1
84
22
86
4
91
13
90
68
60
84
0
34
54
32
92
14
96
35
86
3
89
74
15
66
35
50
12
41
31
34
93
84
26
74
44
50
57
54
11
67
44
66
60
26
58
82
67
98
89
28
72
95
76
60
76
91
37
2
64
62
43
91
48
63
34
42
34
53
3
28
8
40
44
96
61
60
73
61
29
18
55
49
92
92
48
72
87
18
20
55
0
85
75
55
23
78
95
81
58
73
60
21
92
19
87
47
79
90
75
73
15
41
39
99
48
94
45
91
36
77
72
75
92
94
61
50
38
12
1
0
30
84
98
29
7
18
48
89
91
5
4
62
31
40
72
30
61
86
96
59
98
25
14
28
75
11
81
61
44
79
5
33
56
81
33
84
69
30
6
68
70
81
74
7
80
23
60
5
14
48
18
0
70
38
24
24
69
16
9
42
41
39
27
0
70
85
9
43
79
77
75
74
80
42
62
8
0
36
89
51
46
69
56
42
22
71
98
63
40
16
0
21
2
1
64
47
43
83
4
68
18
1
39
96
98
47
90
2
78
37
61
31
9
4
92
38
93
28
39
18
41
44
49
1
11
19
91
82
4
60
34
56
25
32
74
39
99
49
98
8
58
93
87
35
79
35
43
52
6
4
27
8
63
26
34
39
97
37
75
33
87
49
98
16
33
76
41
97
8
75
17
55
93
44
4
41
60
30
65
21
77
90
54
87
86
37
47
19
2
73
55
78
62
26
19
28
15
14
59
17
45
92
39
42
58
49
48
44
71
48
69
9
26
16
11
71
66
66
88
82
1
39
88
93
82
7
17
56
40
70
1
68
52
69
45
16
62
85
12
99
88
40
68
36
60
17
28
25
46
75
61
70
58
88
51
75
73
70
37
28
90
72
88
68
38
73
6
16
58
61
39
56
17
33
77
63
87
63
4
16
94
55
76
60
97
1
0
75
31
55
71
75
52
6
43
14
84
14
51
1
88
53
66
5
56
32
52
40
24
86
54
54
88
61
87
54
24
40
85
17
90
22
86
77
79
94
18
0
39
89
82
41
87
91
73
4
62
3
98
10
46
28
38
93
70
13
7
15
24
76
98
73
79
15
47
47
93
73
81
26
70
95
60
70
11
82
66
34
6
65
62
74
31
36
88
52
48
79
50
55
57
66
68
74
64
16
61
16
84
18
29
63
53
9
38
80
33
15
1
93
91
1
84
69
58
10
33
80
68
30
8
3
81
45
18
20
35
28
72
5
53
34
27
93
6
44
93
37
91
46
31
69
47
57
95
85
80
1
82
45
66
44
58
31
42
23
90
6
83
31
51
80
23
64
61
40
51
99
28
19
63
93
97
78
34
71
13
74
17
28
29
10
61
83
83
62
73
7
59
82
34
15
68
68
34
82
75
37
8
94
16
24
21
8
96
53
49
38
85
55
32
96
20
29
43
69
94
26
82
23
91
34
48
71
53
5
0
59
57
69
73
27
12
64
61
21
30
88
28
78
24
1
77
67
82
5
64
51
59
79
70
46
1
59
87
60
88
76
45
19
7
1
35
94
80
16
71
26
27
60
73
9
75
5
72
14
96
65
56
45
66
40
47
98
18
85
30
14
51
79
89
99
86
15
29
63
66
92
80
24
57
43
78
49
99
95
93
63
71
77
86
64
4
23
62
80
17
35
55
32
57
61
2
6
92
82
82
94
95
81
96
1
33
67
31
60
99
63
63
62
82
36
12
31
47
75
77
29
94
27
70
95
32
38
67
37
2
65
40
53
87
95
53
42
43
89
69
93
81
40
71
31
33
91
75
85
47
97
1
13
51
46
62
92
53
46
66
45
48
94
10
69
60
42
35
59
52
44
57
4
83
89
71
68
52
32
58
98
22
62
52
2
58
77
96
86
33
58
69
97
14
51
2
4
67
58
43
6
66
81
99
28
50
57
88
25
38
71
47
53
48
79
59
29
82
90
93
81
17
14
69
25
32
39
10
89
4
67
78
28
98
88
20
64
18
60
48
69
18
41
6
39
48
15
37
7
48
46
89
73
77
38
27
21
96
11
87
84
30
58
73
98
31
45
59
77
74
41
8
19
54
4
68
9
91
67
75
40
71
57
38
9
82
3
76
20
60
42
94
66
72
14
25
61
36
4
14
26
60
77
62
44
66
26
67
93
23
33
88
18
58
0
83
23
85
56
20
79
20
30
47
19
44
35
67
26
0
56
47
83
59
10
40
64
3
23
9
77
43
15
72
77
19
73
77
7
29
4
61
50
30
39
33
51
17
9
17
28
45
28
12
70
49
63
71
12
2
77
35
34
46
15
84
19
66
70
62
34
94
30
35
4
99
33
90
16
59
4
24
71
3
19
14
23
68
10
81
61
90
21
57
22
87
82
12
38
10
93
77
84
41
64
76
25
91
94
42
79
19
76
87
18
51
1
50
37
6
45
23
0
55
91
48
95
48
16
54
69
51
68
56
98
80
69
67
71
25
50
60
79
0
44
74
98
93
2
32
92
10
69
97
13
30
27
74
8
17
42
91
11
36
69
50
57
84
71
85
3
91
79
76
81
8
92
69
82
79
73
89
32
42
39
26
80
63
15
50
16
51
94
60
91
83
62
85
48
33
11
5
11
55
75
75
4
31
4
17
89
92
19
36
22
67
83
63
2
92
37
2
99
77
56
22
84
14
71
94
44
12
41
96
91
85
43
82
69
80
42
96
47
22
1
11
78
72
93
85
12
63
65
25
44
2
86
44
59
2
54
98
56
75
47
76
20
48
97
9
25
38
5
3
36
43
84
18
6
9
72
38
6
75
15
29
11
20
95
3
58
74
14
83
91
74
86
28
50
58
36
90
8
76
65
40
2
14
37
0
58
96
1
61
59
21
60
89
82
61
80
52
65
55
32
77
69
26
42
79
11
20
38
52
15
7
65
63
52
26
29
34
79
39
30
99
5
8
67
52
40
58
54
82
3
82
93
70
99
21
17
56
64
74
1
92
61
85
78
58
10
53
74
47
5
34
81
64
77
73
66
63
35
93
46
44
45
87
63
87
26
41
70
65
21
32
90
36
85
65
87
21
87
71
83
27
74
1
8
93
98
61
88
90
10
83
27
85
34
24
74
49
76
28
74
78
58
45
87
79
67
14
47
31
77
52
69
71
25
67
81
98
54
32
17
21
1
88
21
77
95
91
12
15
82
22
16
66
25
1
44
29
73
32
81
63
53
23
81
86
78
71
28
75
98
83
79
16
8
41
22
81
87
83
65
62
49
70
57
63
99
40
91
23
13
80
6
42
66
30
55
35
25
41
36
52
12
43
86
97
53
64
64
4
61
20
22
57
25
71
95
68
20
49
67
87
16
41
66
27
10
54
70
15
42
6
12
8
2
5
45
85
71
56
99
67
78
2
76
50
30
53
91
13
65
92
23
11
72
40
30
62
11
23
78
96
67
50
8
15
4
80
27
60
7
54
48
16
57
94
30
92
43
62
58
19
23
38
40
33
95
61
99
86
53
89
11
52
58
54
85
74
55
82
72
69
43
17
34
47
52
40
53
45
8
83
3
90
76
28
53
27
59
4
33
54
89
44
12
55
89
98
78
82
91
31
91
47
9
73
69
36
77
73
95
37
61
83
69
98
33
76
80
78
90
98
94
24
86
1
33
33
55
7
39
15
99
3
41
66
80
27
45
4
32
5
45
9
26
33
32
40
24
56
65
11
38
23
39
25
97
58
46
47
29
56
98
82
41
38
51
45
19
18
73
64
78
96
49
64
40
36
97
40
27
49
62
10
56
4
77
81
91
5
87
3
50
80
86
89
17
12
80
4
6
32
40
13
98
81
21
76
14
59
49
30
33
80
51
66
87
38
63
53
4
48
24
13
31
29
84
46
61
24
34
98
45
99
27
51
91
1
72
50
57
4
60
90
86
9
46
92
99
77
57
14
2
70
69
69
91
79
14
58
0
20
7
85
82
79
58
95
58
75
85
55
70
29
97
46
53
37
73
28
86
50
24
29
95
1
2
36
47
99
91
85
0
23
64
6
62
31
86
57
72
73
42
45
84
85
90
69
82
21
89
68
68
76
31
58
8
90
13
30
78
88
33
99
42
12
92
8
82
78
97
62
50
4
12
29
97
67
56
18
77
72
95
54
53
45
16
73
29
47
6
86
19
97
4
9
57
89
2
5
26
49
11
14
80
83
3
27
30
52
74
29
59
90
14
77
4
7
75
27
16
30
55
83
65
51
42
70
