overall_acc,0.7952
loss,[10.930521500854493, 6.270017735595703, 4.226116863327026, 3.2760200357818605, 2.837737615661621, 2.6219201889038084, 2.5069008683013916, 2.4323449076080323, 2.400074114074707, 2.36403553855896, 2.34893516166687, 2.3366373110961915, 2.3231043811035157, 2.312003560638428, 2.3083774432373048, 2.306626110534668, 2.295039409866333, 2.3041339309692384, 2.2916574504852294, 2.3012512505340577, 2.295141379470825, 2.3080194369506835, 2.31513717124939, 2.307080858001709, 2.2976485150146484, 2.302812173461914, 2.3161573571014404, 2.3133567740631102, 2.330535703353882, 2.324385365829468, 2.3383872135162354, 2.3407546891784667, 2.351419204483032, 2.3565460020446776, 2.351582108001709, 2.371995817718506, 2.3685765605163573, 2.380921802368164, 2.393522972869873, 2.398931073989868, 2.404392331237793, 2.4191861612701415, 2.427588801727295, 2.4271704012298585, 2.426480291442871, 2.443319407348633, 2.4454898846435547, 2.456454491882324, 2.4661947996520994, 2.460035584182739, 2.480670945968628, 2.487886442337036, 2.4841848246002196, 2.4814170208740234, 2.500060446472168, 2.5014949504089357, 2.505149524307251, 2.5070289027404784, 2.5156187788391113, 2.515633275222778, 2.007796374092102, 1.6380871418762206, 1.4297052926254272, 1.2830215921401977, 1.186752735595703, 1.1336632183837891, 1.1028495828247071, 1.0912452676773072, 1.0889088359832764, 1.0966913296127319, 1.0831135821914673, 1.090804546585083, 1.1023791414642334, 1.105574337272644, 1.1032451887130736, 1.101170813446045, 1.1096859132766723, 1.1158336362075805, 1.1114184734725951, 1.1302136865997314, 1.128098348083496, 1.142771516647339, 1.1377655268096925, 1.1370080825424194, 1.1390060609054566, 1.1524592868423462, 1.1561970721054078, 1.1678992345809938, 1.1564359703063964, 1.1579041946411133, 1.158065383834839, 1.1645147574615478, 1.1760029824829101, 1.174074576034546, 1.1744519606018067, 1.1849201596069336, 1.1894156894683838, 1.1899180405044556, 1.17915921875, 1.1897794981384278, 1.2032413145065308, 1.2040412672042846, 1.2037881183624268, 1.2048157432174682, 1.1969005884933472, 1.191568118019104, 1.204911155090332, 1.2091079730987548, 1.2099850590133667, 1.2067507501983643, 1.220538147125244, 1.2072799855804444, 1.2240715607452393, 1.215369888305664, 1.2196440631484986, 1.2225218659210204, 1.2146451721572875, 1.216424211921692, 1.2179139218139647, 1.2144926221084595, 1.076011109905243, 0.9884401992034912, 0.9484246334266663, 0.9156608138084411, 0.8867473247146607, 0.8585138458633423, 0.8320041342544555, 0.8048818662071228, 0.78060356590271, 0.7568398539543152, 0.734032336730957, 0.7123709886932373, 0.6902706881713867, 0.6691677670478821, 0.6488217514038086, 0.6300669427490234, 0.610549719657898, 0.5926156081008911, 0.5746680671691895, 0.5573860961532593, 0.5406649862861633, 0.5248091492271423, 0.5086422610473633, 0.4938637547683716, 0.4793228632831574, 0.46513093324661253, 0.4508214272499084, 0.4370706705856323, 0.4249664115810394, 0.4130873165988922, 0.40052880872726443, 0.3884464381694794, 0.3778396485519409, 0.3662520953941345, 0.3551773700618744, 0.34474591526031495, 0.33481752864837644, 0.3261557513332367, 0.3173659917354584, 0.3082772229385376, 0.301686011095047, 0.2993283652496338, 0.297707117395401, 0.2953817957019806, 0.29375780612945557, 0.2916670057582855, 0.2897455550384522, 0.28802116832733154, 0.28619252018928526, 0.28444165499687196, 0.28299214517593385, 0.28091943499565125, 0.27953246282577515, 0.2776571214199066, 0.2759175744533539, 0.27418762033462524, 0.27257028509140013, 0.2708818905353546, 0.2692887564754486, 0.2676125084877014, 0.26603807903289795, 0.2644982346534729, 0.26280675967216494, 0.2611998373413086, 0.259748535861969, 0.2581952692890167, 0.2565499765014648, 0.254963338508606, 0.2535086314296722, 0.2520181446838379, 0.2503544893169403, 0.2488337367296219, 0.2475265577507019, 0.24600265875339508, 0.24444974238872527, 0.24308242909431457, 0.2415096642112732, 0.23996886301517487, 0.2386866347694397, 0.2371959139251709]
0,1.0
1,0.9354838709677419
2,0.8260869565217391
3,0.7241379310344828
4,0.8064516129032258
5,0.8333333333333334
6,0.9130434782608695
7,0.9230769230769231
8,1.0
9,0.9473684210526315
10,0.4
11,0.47619047619047616
12,0.85
13,0.6086956521739131
14,0.7407407407407407
15,0.8333333333333334
16,0.8461538461538461
17,0.9523809523809523
18,0.6176470588235294
19,0.92
20,0.8888888888888888
21,0.8947368421052632
22,0.8235294117647058
23,0.8846153846153846
24,0.782608695652174
25,0.7083333333333334
26,0.75
27,0.7083333333333334
28,0.8
29,0.7241379310344828
30,0.7407407407407407
31,0.72
32,0.7272727272727273
33,0.7241379310344828
34,0.88
35,0.45454545454545453
36,0.9523809523809523
37,0.7894736842105263
38,0.8846153846153846
39,1.0
40,0.7857142857142857
41,0.9090909090909091
42,0.8695652173913043
43,0.8260869565217391
44,0.5652173913043478
45,0.6578947368421053
46,0.5
47,0.782608695652174
48,1.0
49,0.8235294117647058
50,0.7727272727272727
51,0.7619047619047619
52,0.85
53,0.896551724137931
54,0.9545454545454546
55,0.7142857142857143
56,0.9090909090909091
57,0.6428571428571429
58,0.9428571428571428
59,0.5833333333333334
60,0.8148148148148148
61,0.8275862068965517
62,0.8461538461538461
63,0.625
64,0.7368421052631579
65,0.6818181818181818
66,0.8076923076923077
67,0.7391304347826086
68,0.9047619047619048
69,0.8666666666666667
70,0.8
71,0.7619047619047619
72,0.45454545454545453
73,0.6875
74,0.5454545454545454
75,0.9285714285714286
76,0.9047619047619048
77,0.7058823529411765
78,0.7368421052631579
79,0.8214285714285714
80,0.7586206896551724
81,0.9047619047619048
82,0.918918918918919
83,0.8
84,0.9629629629629629
85,0.9333333333333333
86,0.8214285714285714
87,0.9
88,1.0
89,0.8928571428571429
90,0.875
91,0.8717948717948718
92,0.68
93,0.7142857142857143
94,0.9565217391304348
95,0.7241379310344828
96,0.5652173913043478
97,0.7916666666666666
98,0.6153846153846154
99,0.9130434782608695
16
7
91
43
14
92
6
89
13
85
47
91
81
63
59
61
78
78
53
17
27
43
10
54
25
79
68
31
69
64
83
41
23
35
47
20
87
90
52
26
83
67
20
20
7
83
27
45
68
93
16
12
69
73
99
1
62
16
26
58
88
64
88
19
3
23
19
48
73
48
58
16
63
3
55
4
93
19
98
32
14
87
38
12
8
45
92
31
62
61
89
92
78
83
26
85
28
37
54
30
95
7
59
24
94
7
94
94
11
42
65
47
40
38
55
80
82
11
75
51
74
34
5
85
30
74
22
95
81
92
44
52
18
44
62
65
69
84
0
43
48
67
62
7
53
99
81
19
8
68
30
3
83
70
39
0
75
51
58
19
89
90
81
61
41
27
52
66
68
80
4
46
25
27
35
50
88
14
75
53
3
5
98
82
7
81
61
7
91
1
5
17
72
41
94
33
67
44
39
23
6
31
63
71
67
45
84
11
74
33
77
97
50
11
51
78
36
3
41
47
54
87
37
75
21
71
14
0
9
44
57
83
45
28
52
63
89
22
85
39
7
25
98
57
70
54
49
70
87
89
41
84
97
36
83
82
6
11
7
97
80
2
9
91
40
36
91
91
99
73
79
83
42
62
90
50
82
24
38
16
40
39
7
63
10
51
96
51
29
66
53
30
84
27
5
91
53
74
72
15
15
44
25
63
77
55
48
73
75
64
77
3
13
18
92
55
13
51
29
91
91
99
75
58
71
70
98
52
94
89
90
56
57
43
60
90
30
59
78
6
80
80
54
99
60
76
92
18
14
26
9
81
85
32
63
43
91
87
44
26
99
70
8
90
65
80
48
17
39
53
66
48
5
88
13
97
87
37
41
91
16
4
33
16
89
5
76
83
74
85
24
3
32
76
45
5
52
46
72
40
58
84
6
91
38
35
66
25
79
0
23
14
15
86
75
45
6
22
33
76
52
81
90
22
34
45
48
7
30
11
1
23
3
22
5
80
93
27
39
79
62
53
54
63
18
84
65
8
59
8
88
62
18
73
73
2
33
39
63
61
45
83
58
73
18
84
4
5
57
18
23
29
85
34
42
16
86
31
95
45
97
0
87
2
44
86
62
29
85
82
91
82
17
4
58
12
26
54
28
58
79
1
64
99
16
3
33
23
91
73
1
1
35
1
19
88
11
29
56
0
54
61
20
13
17
53
89
18
81
6
33
41
26
26
25
60
22
93
4
47
24
90
78
17
7
0
87
26
73
14
56
18
12
54
21
79
8
43
39
51
40
53
98
4
31
8
57
33
96
35
6
94
87
65
22
16
64
57
2
97
88
55
58
27
36
13
91
84
9
5
9
65
85
70
96
7
2
59
79
70
34
97
86
49
18
55
70
27
38
34
61
69
37
33
24
3
78
75
63
2
1
84
8
86
4
91
13
90
68
60
84
0
34
70
32
92
14
49
35
86
3
89
6
15
66
35
50
12
41
31
34
93
84
26
74
44
50
57
54
11
67
44
66
60
79
58
82
67
98
89
28
55
95
76
60
76
91
37
2
4
62
43
91
48
27
34
42
34
53
3
28
8
40
44
96
61
60
73
61
3
86
63
49
92
92
45
57
10
18
20
55
0
85
65
76
23
66
95
81
58
73
60
21
70
19
46
47
79
90
75
27
15
41
39
99
46
94
45
91
36
77
3
75
62
94
61
50
38
12
1
0
30
84
98
29
7
18
48
89
91
84
4
62
31
40
55
30
61
86
96
33
98
25
14
28
75
2
81
61
73
26
5
88
56
81
84
84
69
30
6
68
70
81
74
7
80
95
60
5
14
48
83
0
70
38
4
24
69
16
9
42
41
39
27
0
70
85
9
43
79
77
75
74
80
42
62
8
0
36
89
4
46
69
56
42
22
71
35
63
40
16
0
21
2
1
64
47
43
92
31
68
18
1
39
96
46
96
90
2
77
37
61
31
9
4
92
38
93
28
39
18
41
18
49
92
11
19
91
82
4
60
34
56
19
32
74
87
99
49
98
8
58
93
87
35
79
35
43
52
6
4
27
8
63
26
34
39
97
96
75
33
87
49
46
16
33
76
41
97
8
75
17
55
93
44
4
41
60
67
31
21
77
90
54
87
86
37
47
75
2
73
55
25
62
26
19
28
15
73
47
69
45
92
39
42
58
49
48
44
71
48
69
9
26
16
46
23
66
66
88
82
1
39
88
93
82
7
17
56
40
70
1
49
52
69
45
16
6
85
12
99
88
40
68
36
60
17
87
20
46
75
61
70
58
88
51
75
73
70
37
28
90
95
88
68
38
73
7
16
58
61
39
56
17
33
77
50
87
75
4
28
94
55
76
60
97
1
0
75
31
97
71
75
52
6
43
14
84
14
51
1
88
53
66
5
56
32
52
40
24
86
54
54
88
61
87
54
24
16
85
17
90
22
86
77
79
94
45
0
39
89
82
41
87
91
73
4
62
55
98
10
46
28
38
93
70
13
7
15
26
76
98
73
79
15
47
47
93
67
81
26
70
95
60
70
11
82
66
34
6
65
62
74
59
36
88
52
48
79
50
55
57
66
68
4
64
16
32
16
84
18
29
84
53
9
38
4
74
15
1
45
55
1
84
69
81
10
33
80
68
30
8
3
81
48
18
77
2
28
55
5
53
34
27
67
6
44
93
85
77
46
31
69
47
57
95
85
80
1
82
45
66
44
58
31
42
23
90
18
83
31
51
80
23
64
61
40
51
99
28
19
63
26
97
78
34
71
13
50
17
28
29
10
22
83
83
53
73
7
59
82
34
15
68
68
34
82
75
37
8
94
16
24
21
8
96
53
67
38
85
27
32
96
20
29
43
69
94
26
82
23
91
34
48
23
53
5
0
56
83
69
73
50
12
42
61
21
95
88
28
15
24
1
77
75
82
5
64
51
52
79
70
46
1
59
87
60
88
76
45
55
7
1
35
94
79
13
71
26
55
60
73
9
75
5
55
27
96
38
56
79
66
87
47
98
7
85
30
92
51
79
13
99
86
15
29
27
66
62
80
24
57
43
78
15
99
95
93
55
71
67
86
64
4
23
62
50
17
35
21
32
57
61
2
6
92
82
82
94
95
81
96
77
33
67
31
60
79
41
63
62
82
36
12
31
47
75
77
29
94
27
84
95
32
38
67
37
26
65
40
53
87
95
53
74
43
89
69
93
81
84
71
19
33
73
75
58
47
97
92
81
19
46
62
92
53
46
66
11
48
94
10
69
60
42
98
59
52
44
57
4
83
89
71
68
96
46
58
98
22
62
52
2
58
77
96
86
33
58
69
97
14
51
2
4
42
58
42
6
75
81
99
28
50
57
88
25
38
23
47
53
48
79
59
29
82
90
93
81
17
14
69
25
32
39
1
89
4
67
99
28
98
88
20
42
18
60
48
69
1
48
6
39
25
17
37
83
48
57
89
67
79
38
23
21
96
11
87
84
30
58
30
98
72
83
59
77
74
41
8
19
54
4
68
9
91
67
19
40
71
77
38
9
82
3
76
20
60
42
94
66
72
6
25
61
36
4
2
10
60
77
62
85
66
16
67
93
23
33
88
18
58
0
83
23
85
56
20
79
20
30
96
19
4
98
18
26
0
56
47
92
52
83
40
3
3
11
9
77
43
15
72
77
19
73
77
7
90
4
61
50
30
39
33
19
17
94
17
28
45
16
12
83
49
63
60
12
2
51
98
34
19
15
84
19
66
70
62
34
94
30
11
32
99
33
90
16
56
4
24
71
3
19
14
23
68
45
81
61
90
21
57
22
87
82
12
38
10
93
77
84
41
64
76
25
91
94
42
79
19
76
87
18
51
1
50
17
6
45
23
0
55
91
48
95
48
45
54
69
51
68
56
2
80
37
67
71
25
50
60
79
0
44
55
46
80
2
32
92
61
76
97
13
30
27
74
8
17
42
91
35
36
69
74
57
84
73
85
21
91
79
76
13
8
92
69
82
7
73
89
32
42
39
14
80
4
15
50
16
62
94
60
91
83
62
85
48
33
11
5
2
55
75
75
4
31
4
17
89
92
19
36
10
67
83
63
2
92
37
2
99
77
56
22
84
14
71
94
44
37
41
52
91
85
43
82
40
97
42
96
47
22
1
11
78
72
93
85
12
63
65
25
44
2
86
26
59
2
54
98
56
75
47
76
20
48
97
9
41
38
84
3
36
43
84
18
6
9
72
38
6
75
15
29
11
20
95
3
58
74
14
83
1
74
86
10
64
58
36
90
8
49
65
79
10
14
37
0
58
96
1
61
59
21
60
89
82
61
80
52
65
55
32
77
69
26
42
79
11
20
38
52
15
7
65
63
52
26
29
3
79
39
30
99
5
8
19
52
40
58
54
82
3
96
93
70
99
21
17
56
64
74
1
92
61
85
78
58
10
53
74
47
5
34
81
64
77
30
66
63
45
93
46
4
74
87
72
87
26
41
70
51
21
32
90
36
85
3
87
21
87
71
83
27
74
1
8
6
98
61
88
90
10
83
27
58
34
24
74
49
12
28
50
48
58
45
87
79
63
14
47
31
77
52
49
71
25
67
81
98
54
67
17
21
1
88
21
77
95
91
12
15
82
22
16
66
25
44
29
29
73
27
81
63
53
23
81
86
78
71
28
75
46
62
79
16
8
7
22
81
87
10
65
62
49
70
57
75
33
40
91
23
13
80
6
42
97
30
95
35
94
41
36
52
12
43
86
97
53
50
97
4
61
20
22
57
25
71
72
68
20
49
67
87
16
41
66
27
87
51
1
15
42
6
85
8
2
5
45
85
71
56
99
67
99
2
76
50
30
53
91
81
65
92
23
46
95
40
30
62
11
23
78
96
67
36
8
15
4
80
59
60
7
54
48
16
57
94
30
92
43
92
58
19
23
38
40
96
95
10
99
86
53
89
11
52
58
54
85
74
72
82
72
32
43
90
34
47
52
40
53
45
8
83
3
90
40
28
53
27
59
4
33
92
89
44
44
55
89
98
78
82
91
31
91
47
9
73
69
36
24
91
95
37
61
70
69
11
15
76
65
78
90
98
94
24
39
1
33
90
55
7
39
15
99
3
41
66
80
27
45
4
32
5
45
9
93
33
46
35
24
56
65
11
38
23
39
25
97
58
25
47
42
56
98
82
41
38
51
73
19
18
95
64
78
96
49
64
40
36
97
40
32
49
62
28
56
4
79
81
91
5
87
3
50
80
86
89
17
12
80
64
24
63
40
13
98
37
21
76
86
52
49
30
33
80
51
66
87
38
63
53
4
48
24
13
31
29
84
46
61
24
34
46
45
99
27
51
91
0
72
50
57
4
60
90
86
9
46
1
99
77
57
14
2
70
69
69
32
79
93
58
0
20
7
24
82
79
58
95
58
3
85
55
62
29
97
46
53
37
73
28
86
50
24
12
95
1
2
36
59
99
55
85
0
71
64
82
62
31
86
57
72
73
42
91
84
85
90
69
82
21
89
68
68
76
31
58
8
37
13
95
78
8
47
99
42
12
92
8
82
78
97
62
50
4
12
29
38
51
56
18
6
72
95
54
0
45
87
73
29
33
14
86
19
97
4
9
57
89
77
25
26
49
11
14
80
83
75
27
73
52
74
29
59
90
14
77
65
7
75
27
16
30
74
83
63
51
42
70
