overall_acc,0.8016
loss,[10.989719408874512, 6.323904743347168, 4.2413327698516845, 3.287326892089844, 2.839326357192993, 2.614904592895508, 2.498290537109375, 2.4305595748901365, 2.3936888787078856, 2.3688181063842775, 2.3493855867767333, 2.3326345486450197, 2.3301380630493163, 2.323655312423706, 2.3060970012664797, 2.304073054962158, 2.3073563713073733, 2.2976009381866453, 2.3039611533355715, 2.3104375459289552, 2.2949741925811766, 2.3040445500183107, 2.304717217788696, 2.3014918884277344, 2.309321443557739, 2.30751998298645, 2.3153168573760987, 2.3283518061065673, 2.3223150925445557, 2.33461630065918, 2.329962491531372, 2.3344875868988035, 2.349402307891846, 2.3486289891815186, 2.3575952151489257, 2.3623588201141357, 2.3812338886260984, 2.3769705910491945, 2.381283745346069, 2.3905080705261232, 2.388782395401001, 2.409207609939575, 2.4160910634613035, 2.424530288696289, 2.4334732555389404, 2.436222146682739, 2.434963148880005, 2.4430383531188964, 2.450765185470581, 2.451242377624512, 2.466891036682129, 2.4775227490234375, 2.481263062133789, 2.4873032600402833, 2.480299627838135, 2.494625609664917, 2.5028468791198732, 2.4989646434020996, 2.5028030854797363, 2.506676626586914, 1.9964989970397948, 1.6338344858551026, 1.4241524526977538, 1.2808214948272705, 1.1949897358703614, 1.1380777879333497, 1.108488533592224, 1.0949886407470704, 1.0895883102416992, 1.0887775490570069, 1.093934751625061, 1.093418426475525, 1.099763105583191, 1.100687257194519, 1.1029079156494142, 1.1045140323257445, 1.1097160876083374, 1.1224501998901366, 1.1182807855606078, 1.11987655960083, 1.123161118888855, 1.1198026024246215, 1.1411642593383788, 1.1464106898117066, 1.1430474983596801, 1.1479388094711305, 1.1598694652557373, 1.150647632598877, 1.1565832800292968, 1.15623206867218, 1.168599299812317, 1.1684152628326416, 1.1671665277481078, 1.1660780782699585, 1.1747660987472535, 1.176777774734497, 1.1809087550735473, 1.1685030422210694, 1.1837298838806152, 1.1875657997131348, 1.1885990258407593, 1.1984972555541993, 1.1952696155166627, 1.2033393355941773, 1.194454135169983, 1.2007322773361206, 1.1997222568130492, 1.2128095752716064, 1.2036109093093872, 1.2015137641143798, 1.2069985293960572, 1.2128957187271119, 1.1913514510726928, 1.2119428147506714, 1.2179632960891724, 1.199292432937622, 1.2168699546432495, 1.2151310539245606, 1.2248186320114136, 1.2246980725860597, 1.0841867537307739, 0.9931363901138306, 0.9530497212028504, 0.9208076896095276, 0.8911786681365966, 0.8632605390739441, 0.835859585723877, 0.8107629569625855, 0.7858201662254334, 0.7623725986862183, 0.7385313046646118, 0.7157354134941101, 0.693689211101532, 0.6732318530082703, 0.6529450024032593, 0.6328717636871338, 0.6141049506187439, 0.5955204031944275, 0.5774277132034302, 0.5603889884948731, 0.5436884861755371, 0.5279419193649292, 0.5119835478591919, 0.4965426347351074, 0.48168963647842405, 0.4675976594543457, 0.45408434087753297, 0.4404016242980957, 0.42733581583976743, 0.41444058881759643, 0.401961947517395, 0.39023484274864195, 0.37936124651908876, 0.36784109786987307, 0.3568100254058838, 0.3468704281616211, 0.3372642098903656, 0.3270571379947662, 0.3184274615764618, 0.31004382024765015, 0.304107815284729, 0.301118692073822, 0.29901852296829223, 0.29708164399147036, 0.2951022679901123, 0.29308010212898256, 0.2913852451324463, 0.289634374628067, 0.2877504562759399, 0.2859281723308563, 0.28428247219085695, 0.2826355363845825, 0.28087309210777284, 0.2791612902355194, 0.27734221234321593, 0.2756951493740082, 0.2741538154792786, 0.2722442527580261, 0.270683117723465, 0.2689956041908264, 0.2673195527744293, 0.26570904223442077, 0.2641445855140686, 0.26267135313987733, 0.26101842343330384, 0.2593982769107819, 0.25804543150901793, 0.25643262120246885, 0.2548537490749359, 0.253158414440155, 0.2518232343578339, 0.2501591163635254, 0.24861593547344207, 0.24720574578285218, 0.24577645221233368, 0.2443458615589142, 0.24274989221096038, 0.24119757041454315, 0.23980501812934876, 0.23839625147819518]
0,0.9565217391304348
1,0.9032258064516129
2,0.6956521739130435
3,0.7931034482758621
4,0.8064516129032258
5,0.7083333333333334
6,0.8260869565217391
7,0.8461538461538461
8,1.0
9,1.0
10,0.4
11,0.47619047619047616
12,0.75
13,0.6521739130434783
14,0.7777777777777778
15,0.8333333333333334
16,0.9230769230769231
17,0.8571428571428571
18,0.6764705882352942
19,0.8
20,0.8333333333333334
21,0.8421052631578947
22,0.8823529411764706
23,0.9230769230769231
24,0.8695652173913043
25,0.5833333333333334
26,0.8333333333333334
27,0.7916666666666666
28,0.8
29,0.7241379310344828
30,0.7777777777777778
31,0.8
32,0.8181818181818182
33,0.5517241379310345
34,0.88
35,0.5
36,0.8571428571428571
37,0.8421052631578947
38,0.8461538461538461
39,0.9565217391304348
40,0.75
41,0.9545454545454546
42,0.8695652173913043
43,0.8695652173913043
44,0.5652173913043478
45,0.7368421052631579
46,0.5
47,0.7391304347826086
48,1.0
49,0.8823529411764706
50,0.6818181818181818
51,0.7142857142857143
52,0.9
53,0.896551724137931
54,0.9545454545454546
55,0.7142857142857143
56,0.9090909090909091
57,0.6428571428571429
58,0.9428571428571428
59,0.7916666666666666
60,0.8518518518518519
61,0.8620689655172413
62,0.8846153846153846
63,0.7916666666666666
64,0.6842105263157895
65,0.7272727272727273
66,0.7692307692307693
67,0.782608695652174
68,0.9523809523809523
69,0.8333333333333334
70,0.8666666666666667
71,0.8571428571428571
72,0.5909090909090909
73,0.65625
74,0.6363636363636364
75,0.9642857142857143
76,0.9523809523809523
77,0.7058823529411765
78,0.7368421052631579
79,0.8571428571428571
80,0.6551724137931034
81,0.9523809523809523
82,0.918918918918919
83,0.8333333333333334
84,0.8518518518518519
85,1.0
86,0.7857142857142857
87,0.9
88,1.0
89,0.8571428571428571
90,0.7916666666666666
91,0.8974358974358975
92,0.6
93,0.8571428571428571
94,0.9130434782608695
95,0.6551724137931034
96,0.6956521739130435
97,0.7916666666666666
98,0.7307692307692307
99,0.9130434782608695
16
7
91
43
14
92
6
89
13
85
47
27
81
63
59
10
78
7
53
17
27
43
10
54
94
79
68
99
69
64
83
41
23
11
96
20
87
90
52
26
83
67
20
20
7
83
72
45
68
93
86
12
60
45
99
1
70
34
26
58
88
64
88
19
34
23
19
48
73
48
58
16
63
3
71
4
32
55
98
32
14
87
38
96
8
45
92
31
62
61
89
62
78
83
45
85
28
37
54
30
95
7
59
24
94
7
94
94
11
42
65
52
40
38
55
80
82
11
75
93
74
34
5
85
30
74
22
95
81
92
27
52
18
44
62
65
69
84
0
43
48
67
62
37
83
18
37
19
8
68
64
3
83
62
83
0
95
51
58
19
89
90
81
61
41
77
52
66
68
80
4
46
25
27
35
36
88
14
75
53
3
84
11
82
7
87
61
7
91
1
5
37
72
41
94
33
67
12
39
23
86
31
41
71
67
45
10
11
74
49
77
65
50
55
51
85
36
3
41
59
54
87
37
75
74
71
14
0
9
44
57
83
45
22
52
63
89
61
85
39
7
25
98
77
70
54
49
70
87
89
41
25
97
36
83
82
96
46
7
74
80
2
9
91
40
36
91
91
99
73
69
83
42
62
90
50
82
24
65
16
65
39
7
63
10
51
96
65
29
66
53
55
84
44
5
91
53
74
72
38
15
93
5
66
86
55
48
73
72
65
77
3
13
18
92
55
13
72
29
91
91
61
75
58
71
70
98
52
94
89
90
56
57
43
60
89
30
59
78
74
80
80
54
99
60
76
54
18
14
26
9
90
85
32
63
43
1
87
44
26
99
70
8
90
65
80
41
17
39
53
66
48
5
88
32
74
98
37
41
91
16
27
33
16
89
5
76
83
74
85
24
3
32
76
27
25
52
46
21
40
58
84
6
91
63
35
66
41
79
0
23
14
21
86
75
45
6
22
33
76
52
81
90
22
34
45
48
7
91
35
1
23
3
22
5
80
93
27
39
79
62
53
54
63
18
84
99
8
59
8
88
62
29
73
73
2
33
39
4
61
45
83
58
73
18
84
4
5
57
18
23
29
85
42
42
16
86
99
95
45
97
0
69
2
44
86
92
29
85
82
91
82
17
27
58
12
26
54
28
58
14
1
45
99
57
3
56
49
91
4
1
1
98
1
19
88
11
29
56
0
54
61
20
13
17
53
89
18
81
6
96
41
26
26
25
60
22
93
4
87
24
90
78
17
7
0
87
26
73
14
56
18
12
54
21
79
8
43
39
51
40
53
98
4
31
8
57
33
32
35
6
94
86
65
22
16
90
57
2
65
88
91
58
27
36
13
91
84
9
5
9
67
85
70
59
90
2
59
79
70
34
97
16
49
44
55
70
27
38
34
61
69
37
33
24
3
78
51
74
35
1
84
22
86
4
91
13
90
68
60
84
0
34
70
32
92
14
49
35
86
3
89
7
15
66
35
50
12
41
31
34
93
84
26
74
44
50
57
54
35
73
44
66
60
26
58
82
67
98
89
28
55
95
76
60
76
91
37
2
4
62
43
91
48
63
34
42
34
53
3
28
8
40
44
96
61
60
73
61
29
3
42
49
92
92
6
55
94
18
20
55
0
85
75
18
23
42
95
81
58
73
60
21
62
19
87
47
79
90
75
72
15
41
39
99
33
94
45
91
36
77
95
75
62
94
61
50
38
12
1
0
30
84
98
29
7
18
48
87
91
84
63
62
31
40
55
30
61
86
47
59
98
25
14
28
75
2
81
22
73
79
5
88
56
81
31
84
69
30
6
68
70
81
74
7
80
55
60
84
14
48
18
0
70
38
26
24
69
16
9
42
41
39
27
0
70
85
9
43
79
77
75
74
80
42
62
8
0
36
89
43
46
69
56
42
91
71
98
72
40
16
0
21
2
1
64
47
43
83
32
68
44
1
25
96
98
47
90
2
77
37
61
31
14
4
92
38
93
28
39
6
41
44
49
70
11
19
91
82
4
60
34
56
19
32
74
87
99
73
98
8
58
93
87
11
24
35
43
52
6
4
27
8
63
26
34
39
97
47
75
33
87
49
46
16
33
76
41
97
8
75
17
55
93
44
4
41
60
30
31
21
53
90
54
87
86
37
47
19
35
73
55
25
62
26
19
28
15
9
96
17
45
92
39
42
58
49
48
44
71
48
69
9
26
37
11
23
66
66
88
82
1
39
88
93
82
7
17
56
40
70
14
68
52
81
45
16
6
85
12
99
88
40
68
36
23
17
25
25
46
75
61
70
58
55
51
75
73
70
37
28
90
72
88
68
38
91
6
16
58
61
39
56
17
96
77
63
87
63
4
16
94
55
76
60
97
1
0
75
31
55
71
75
52
6
43
14
84
14
51
1
88
53
66
5
56
32
52
40
24
86
54
54
88
61
87
54
24
40
85
17
12
22
86
77
79
94
45
0
39
89
82
41
87
91
73
4
62
72
98
10
46
28
38
93
70
13
7
15
24
76
98
73
79
15
47
47
93
73
81
26
70
95
60
70
11
82
66
34
6
65
62
62
31
36
88
52
48
79
50
55
57
66
68
36
64
16
61
16
84
18
29
10
53
9
38
80
74
15
1
67
72
1
84
69
90
10
33
80
68
30
8
3
81
26
18
14
35
28
93
5
53
34
27
93
18
44
93
37
91
46
31
69
47
86
95
85
80
1
82
45
66
44
58
31
42
23
90
18
83
31
51
80
23
64
61
16
51
99
28
19
63
10
97
78
34
90
13
74
17
28
29
10
61
83
83
53
73
7
59
82
34
15
68
68
34
82
75
37
8
94
16
24
21
8
96
53
49
38
85
27
32
96
20
29
43
69
94
26
67
23
91
34
48
23
53
5
0
59
57
69
73
72
12
42
61
21
72
88
28
15
24
1
77
67
82
5
64
51
52
79
70
46
1
59
87
60
88
76
45
19
7
1
35
94
79
25
71
26
55
60
73
9
75
5
72
27
96
38
56
45
36
40
47
2
18
85
30
83
51
79
76
99
86
15
29
63
66
62
80
24
57
43
78
49
99
95
93
63
71
67
86
64
4
23
62
64
37
98
66
32
57
61
11
6
92
82
82
94
95
81
96
7
33
67
31
60
79
90
63
62
82
36
12
31
47
75
77
29
94
27
70
95
32
38
32
37
36
65
40
53
87
95
53
42
43
89
69
93
81
40
71
31
56
73
75
85
47
97
1
13
19
46
2
92
53
46
66
45
48
94
10
69
60
42
98
59
52
44
57
4
83
89
71
12
52
46
58
98
22
62
52
2
58
77
96
86
33
58
69
97
14
51
2
63
11
58
42
6
75
81
99
28
50
57
88
25
38
71
47
53
48
79
59
29
82
90
45
81
17
14
69
25
32
39
74
89
4
67
99
28
98
88
20
4
18
60
48
69
18
41
6
39
25
15
37
2
48
44
89
67
77
38
23
21
96
11
46
84
30
58
30
98
31
83
59
77
74
41
8
19
54
4
68
9
91
67
19
40
71
77
38
9
82
3
76
20
60
42
94
72
72
14
25
61
36
4
14
10
60
77
62
85
79
16
67
93
23
33
88
18
58
51
83
23
85
56
20
26
20
30
96
19
55
98
18
26
0
56
47
83
59
83
51
98
3
23
9
77
43
15
72
77
19
73
77
7
29
4
61
64
30
39
33
51
17
9
17
28
45
16
12
41
49
63
71
12
11
77
98
34
46
15
84
19
64
70
62
34
87
30
11
41
99
33
90
16
56
4
24
71
3
15
14
23
68
1
81
61
90
21
57
22
87
82
12
38
10
93
77
84
41
64
76
25
91
94
42
79
19
76
87
18
51
1
50
87
6
45
23
0
55
91
48
95
48
45
54
69
78
68
56
87
50
37
67
71
25
50
60
79
0
27
55
46
93
2
32
83
61
76
97
13
30
27
74
8
17
42
91
35
36
69
50
57
84
76
85
3
91
79
76
13
8
92
69
82
7
73
89
32
42
39
78
65
4
15
74
16
62
94
60
91
83
62
85
48
33
11
5
11
55
75
75
4
31
72
17
89
70
19
64
22
67
83
63
2
92
37
98
99
77
56
22
84
14
71
94
44
12
41
52
91
85
43
82
40
97
42
96
47
22
1
11
78
72
93
85
12
63
65
25
44
2
86
44
59
2
54
98
56
75
52
76
20
48
97
9
45
38
5
3
50
43
84
18
6
9
72
38
6
75
15
29
35
20
95
3
58
74
14
83
91
74
86
73
74
58
36
81
8
49
65
22
91
14
81
0
58
96
1
61
59
21
60
89
82
61
80
52
65
55
32
77
69
26
42
79
11
20
38
52
15
79
65
63
96
26
29
3
79
39
30
99
5
8
67
52
40
58
54
82
3
82
93
70
99
21
17
56
64
74
1
92
61
85
78
58
10
53
44
47
5
34
81
64
77
73
66
63
45
95
46
19
45
87
63
87
26
41
70
51
21
32
90
36
85
3
87
21
87
71
83
27
74
1
8
93
98
61
88
90
10
83
30
85
34
24
74
49
76
28
3
62
58
45
87
79
63
14
47
31
77
52
69
71
25
67
81
2
54
67
17
21
1
88
21
77
95
91
12
15
82
22
16
66
5
1
29
42
73
27
81
63
53
23
81
86
78
71
28
75
46
62
79
16
8
7
22
81
87
83
65
62
49
70
57
63
18
40
91
23
13
80
6
42
66
30
95
35
94
41
36
52
12
43
86
97
53
50
97
55
61
20
22
57
25
71
75
68
20
49
67
87
16
41
66
44
5
54
92
15
42
6
85
8
2
5
45
93
71
56
99
67
44
2
76
50
30
53
91
81
65
70
23
46
95
40
30
62
11
23
78
96
67
50
8
15
4
80
27
60
7
54
48
16
57
94
30
92
43
62
58
19
23
38
65
96
95
61
99
86
53
89
11
52
58
54
85
74
72
82
72
32
43
81
34
47
52
40
53
45
8
14
3
90
40
28
53
27
59
4
33
92
89
44
71
55
89
98
78
82
91
31
91
47
9
73
69
36
45
91
95
37
61
83
69
11
15
76
42
78
90
98
94
24
39
1
33
74
55
7
39
15
99
3
41
66
80
27
45
55
32
5
45
9
93
33
65
35
24
59
65
11
38
23
39
25
97
58
46
47
29
56
98
82
41
38
51
79
19
18
73
64
78
96
49
64
40
36
97
40
59
49
62
10
56
4
77
81
91
5
87
3
50
80
86
89
17
12
80
21
6
63
40
13
98
37
21
76
14
59
49
30
33
80
51
66
87
38
63
53
4
48
24
13
31
29
84
46
61
24
34
98
45
99
27
51
91
0
72
50
57
4
60
81
86
9
46
1
99
77
57
14
2
70
69
69
32
79
93
58
0
20
7
85
82
79
58
72
58
75
85
4
70
29
97
46
53
37
73
28
15
50
24
29
95
1
2
36
59
99
55
85
0
60
64
54
62
31
86
57
72
73
63
91
84
85
90
69
82
21
89
68
68
76
31
58
8
37
13
30
78
88
47
99
42
12
92
8
82
78
97
62
74
4
69
29
97
74
56
18
77
3
95
54
0
45
16
73
45
33
14
86
19
97
4
9
83
89
77
25
26
49
11
14
65
83
3
27
30
52
74
42
59
90
14
77
55
7
75
27
16
30
55
83
65
51
42
70
