overall_acc,0.7956
loss,[10.91662087677002, 6.279125534515381, 4.204080994720459, 3.266688082962036, 2.821622403793335, 2.595166348876953, 2.496855445022583, 2.4186450702667237, 2.3926482299804688, 2.359742386627197, 2.361918241271973, 2.3348584130096435, 2.325680559539795, 2.328499845046997, 2.322429365310669, 2.3128840267944337, 2.312730950012207, 2.3050404724884035, 2.307244273376465, 2.3142323988342284, 2.313497956085205, 2.3045346492004395, 2.315430774078369, 2.3184371590423583, 2.32194630607605, 2.322145791397095, 2.3358103120422364, 2.342037201690674, 2.335822584915161, 2.340112130355835, 2.3608995457458497, 2.356524592132568, 2.365771786117554, 2.373276107940674, 2.37279953956604, 2.3874856703948977, 2.3923579084777833, 2.4114531353759765, 2.4051538694000243, 2.4109805667114257, 2.434859482574463, 2.429903868789673, 2.4435988680267333, 2.4632804816436766, 2.4634718103790285, 2.4652767220306395, 2.4646516609954836, 2.4826770378875733, 2.4910105890655516, 2.494281313095093, 2.4982523136138917, 2.4988635036468505, 2.5116965211486817, 2.5161386711883544, 2.5233847429656984, 2.5153339463806152, 2.5311035369873047, 2.531773245391846, 2.529987915725708, 2.5368986054992675, 2.032001597976685, 1.6570814392852784, 1.442508424873352, 1.2999629196929932, 1.2012638286972046, 1.1457882958602905, 1.1185718016433717, 1.1144787021255493, 1.104277411956787, 1.1097618282318116, 1.1026444878387451, 1.1021444485855103, 1.1096020003509521, 1.1112571253967285, 1.1304604545211792, 1.114386551170349, 1.1327802501296997, 1.1348503564453125, 1.1352805665206909, 1.14712829536438, 1.1369448668670654, 1.1516396614456177, 1.1637410485076904, 1.1601183933258057, 1.1660753554534913, 1.161148923110962, 1.1721408444595336, 1.1724320692825316, 1.163347759628296, 1.173721032524109, 1.1841068075561523, 1.1770017113876343, 1.1962392656707763, 1.19674986618042, 1.2180903848266602, 1.1888826899719238, 1.2030834602355958, 1.1973162560653687, 1.1965018899154662, 1.2068707999038697, 1.2098157816696167, 1.21256925075531, 1.2170555836105346, 1.2147650856399537, 1.2192077223968505, 1.2163281941604613, 1.2166978250122071, 1.226812144470215, 1.228883178024292, 1.2254092819213867, 1.221774394340515, 1.2294583959579468, 1.2302381159973144, 1.2392294536972046, 1.2286778371047973, 1.232576861076355, 1.23331638961792, 1.25454726146698, 1.239741635055542, 1.239975267982483, 1.097259554862976, 1.0058626113510132, 0.9678046813964843, 0.9339939843559265, 0.903821305065155, 0.8753740152168273, 0.8484985025978088, 0.8219724315834045, 0.7966161667442322, 0.7723511459350586, 0.7489698231506348, 0.7259107238006591, 0.7046836000442505, 0.6829459643745422, 0.6626801660728454, 0.6425192226219177, 0.6227767678070069, 0.6039291270065308, 0.5858038213157654, 0.5682078921890259, 0.5512477615165711, 0.5344607098388672, 0.519454157295227, 0.5037543681907654, 0.48871606227874753, 0.47430665856361387, 0.4602151278305054, 0.4461840592956543, 0.4338806400489807, 0.42078339248657226, 0.4087302922534943, 0.3966206983089447, 0.3863437539482117, 0.3750641252708435, 0.36263967555999754, 0.3535526933383942, 0.3437609261894226, 0.33377117287635805, 0.32430000102996825, 0.31586372344970703, 0.30933605894088745, 0.30631328934669494, 0.3043005138015747, 0.3020568232536316, 0.3001616441440582, 0.2983590413951874, 0.2963478905391693, 0.29481823850631717, 0.293275786447525, 0.290945362739563, 0.2891302817249298, 0.2874482792377472, 0.28563287753105165, 0.2839940326786041, 0.2821664433860779, 0.2805712425899506, 0.2787654397773743, 0.2770830034923554, 0.2752854404830933, 0.27360174701690676, 0.271952979183197, 0.2703062900352478, 0.26869349415779115, 0.267207751455307, 0.2655596531677246, 0.2639126448822022, 0.2622428271865845, 0.26080280758857727, 0.2591738799953461, 0.25751149764060977, 0.2560986776351929, 0.25446486638069155, 0.2529308496952057, 0.2514854731750488, 0.25011186540603636, 0.2484948150396347, 0.2468761023426056, 0.24540568650245667, 0.24387935754776002, 0.242320773024559]
0,1.0
1,0.967741935483871
2,0.782608695652174
3,0.7931034482758621
4,0.8387096774193549
5,0.7083333333333334
6,0.9130434782608695
7,0.8461538461538461
8,1.0
9,0.9473684210526315
10,0.5
11,0.47619047619047616
12,0.9
13,0.6086956521739131
14,0.7037037037037037
15,0.8333333333333334
16,0.8846153846153846
17,0.9047619047619048
18,0.6764705882352942
19,0.76
20,0.8333333333333334
21,0.8421052631578947
22,0.9411764705882353
23,0.8461538461538461
24,0.8260869565217391
25,0.5833333333333334
26,0.7916666666666666
27,0.7916666666666666
28,0.8
29,0.7586206896551724
30,0.8148148148148148
31,0.76
32,0.7272727272727273
33,0.6551724137931034
34,0.92
35,0.4090909090909091
36,0.8571428571428571
37,0.8947368421052632
38,0.8076923076923077
39,0.9565217391304348
40,0.7142857142857143
41,0.9545454545454546
42,0.8260869565217391
43,0.7391304347826086
44,0.5652173913043478
45,0.6052631578947368
46,0.5
47,0.6521739130434783
48,1.0
49,0.8823529411764706
50,0.8181818181818182
51,0.8095238095238095
52,0.85
53,0.896551724137931
54,1.0
55,0.6666666666666666
56,0.7727272727272727
57,0.6428571428571429
58,0.9142857142857143
59,0.6666666666666666
60,0.8148148148148148
61,0.7931034482758621
62,0.7692307692307693
63,0.75
64,0.7368421052631579
65,0.7272727272727273
66,0.7692307692307693
67,0.6956521739130435
68,0.9523809523809523
69,0.8
70,0.9
71,0.9047619047619048
72,0.36363636363636365
73,0.6875
74,0.6666666666666666
75,0.9285714285714286
76,0.9047619047619048
77,0.7058823529411765
78,0.8421052631578947
79,0.8571428571428571
80,0.6896551724137931
81,0.8571428571428571
82,0.972972972972973
83,0.8
84,0.8888888888888888
85,0.9666666666666667
86,0.7857142857142857
87,0.8666666666666667
88,1.0
89,0.8571428571428571
90,0.875
91,0.8461538461538461
92,0.76
93,0.7619047619047619
94,0.9565217391304348
95,0.7586206896551724
96,0.7391304347826086
97,0.7916666666666666
98,0.6538461538461539
99,0.9130434782608695
16
7
91
43
14
92
6
89
13
85
96
27
81
63
59
10
78
18
53
17
27
43
10
54
94
79
68
31
69
64
83
41
49
35
96
20
87
90
52
26
83
67
20
20
7
83
27
45
68
93
86
12
69
45
99
1
62
44
26
58
88
97
88
19
34
71
19
48
91
48
58
16
63
75
71
4
37
19
98
32
14
87
38
12
8
45
92
31
62
10
89
83
78
83
45
85
28
37
54
72
95
7
59
24
94
7
94
94
11
42
65
52
40
38
55
80
82
46
75
93
74
34
25
85
30
74
22
95
81
92
44
52
51
29
92
65
69
84
0
43
48
67
62
7
53
67
37
19
8
68
3
3
53
70
39
0
86
51
58
19
89
90
81
61
41
33
52
66
68
80
4
46
5
66
35
50
88
7
75
53
3
5
98
82
7
87
61
7
91
36
5
37
72
41
94
33
67
12
39
23
6
31
63
71
67
37
84
35
74
33
77
65
50
55
51
85
36
3
41
47
54
81
37
75
4
71
14
24
9
78
57
83
45
10
52
63
89
61
85
39
7
25
98
24
70
70
49
70
87
89
41
65
97
36
83
82
51
46
7
74
80
2
9
78
40
36
91
91
99
73
40
83
42
62
90
50
82
24
38
16
28
39
7
63
10
51
96
77
29
74
53
30
84
27
5
91
53
74
72
15
15
44
5
66
28
55
48
95
63
38
77
3
13
18
92
55
13
72
29
91
91
99
75
58
71
70
98
52
94
89
90
59
57
3
60
55
30
96
78
6
80
80
54
99
60
76
54
18
14
26
9
90
85
32
63
43
73
87
44
26
99
70
8
90
65
80
41
17
39
53
66
48
5
88
32
74
87
37
40
91
16
27
33
16
89
5
76
83
74
85
24
72
32
76
18
5
52
46
27
40
58
84
6
91
63
98
66
41
79
0
23
14
15
86
75
45
6
22
33
76
52
41
90
22
34
33
78
45
30
2
1
23
3
22
5
80
93
27
5
79
92
53
54
63
18
84
12
8
59
8
88
62
29
30
73
2
33
39
63
22
45
83
58
73
18
84
4
5
45
18
23
29
85
34
27
16
16
99
95
45
86
0
87
11
44
86
54
29
85
82
91
82
17
27
58
12
26
54
28
58
79
1
4
99
57
3
56
23
91
73
1
1
11
1
19
88
11
29
56
0
54
61
20
10
17
53
89
18
81
6
47
41
26
26
25
60
22
93
4
87
24
90
78
17
7
0
87
26
95
14
56
74
12
54
80
79
8
43
39
61
40
53
98
74
31
8
57
33
32
35
6
94
16
64
22
16
64
57
2
65
88
72
58
27
36
13
91
84
9
5
9
65
85
70
96
10
2
59
79
70
34
97
16
49
44
55
70
27
38
34
61
69
37
55
24
3
78
51
96
2
1
84
22
86
4
91
13
90
68
60
84
0
34
18
32
92
18
49
35
28
3
89
44
15
66
98
50
12
41
31
34
93
84
26
74
72
50
87
54
11
67
44
66
60
79
58
82
67
98
89
28
55
95
76
60
76
91
37
2
3
62
43
91
48
27
34
42
34
53
3
28
8
40
44
96
61
60
73
61
26
63
42
49
92
92
6
72
87
18
20
21
0
85
65
73
23
66
95
81
58
73
60
21
70
19
87
47
79
90
75
27
15
41
39
99
33
94
45
91
36
77
3
75
92
94
61
50
38
12
1
0
30
84
98
29
7
18
48
87
91
84
6
62
31
40
55
30
61
86
96
96
55
20
14
28
75
2
81
61
73
79
5
88
56
81
15
84
69
30
6
68
70
12
74
7
63
23
60
84
14
48
18
0
70
38
77
24
69
16
9
42
41
39
27
0
70
85
9
43
79
77
75
74
80
42
44
8
0
36
89
4
46
69
56
42
22
71
98
72
99
16
0
21
2
1
64
47
43
83
42
68
18
1
25
96
98
96
90
46
28
37
61
31
77
4
92
38
93
28
39
18
41
44
49
1
11
80
91
82
4
60
34
56
19
32
74
76
99
49
98
8
58
93
87
2
24
35
43
52
6
4
27
8
63
26
34
39
97
37
75
33
87
49
46
16
33
76
41
97
8
75
17
55
93
18
4
41
60
30
31
21
77
90
54
87
86
37
47
19
2
73
55
25
62
26
19
28
15
1
47
17
45
92
39
42
58
49
48
44
71
48
69
40
65
88
11
71
66
66
88
82
1
39
88
93
82
7
17
56
40
70
1
68
52
81
45
16
62
85
12
99
88
40
68
36
60
17
94
25
46
75
61
70
58
97
51
75
73
70
37
28
90
72
88
68
38
95
7
16
58
16
39
56
17
33
77
50
87
75
4
16
94
55
76
60
97
1
0
75
42
55
71
75
52
6
43
14
84
14
51
1
88
53
66
5
56
32
52
40
24
86
54
54
88
61
87
54
24
10
85
17
90
22
86
77
79
94
45
0
39
89
82
41
87
91
73
4
62
55
46
10
46
28
38
74
70
13
7
15
26
76
98
73
79
15
47
47
93
73
81
26
70
95
60
70
2
82
66
34
6
65
62
74
31
36
88
96
48
79
50
15
57
66
68
96
64
16
10
16
84
18
29
10
53
9
38
50
74
15
1
45
72
1
84
69
90
10
33
80
68
30
8
3
81
45
99
44
35
28
72
5
53
34
27
93
18
44
93
37
7
11
31
69
47
57
95
85
80
1
82
14
66
44
58
31
42
23
90
18
83
31
51
80
23
64
61
16
51
99
28
19
63
7
97
78
34
71
13
50
17
28
29
10
61
83
83
53
73
7
59
82
34
15
68
68
34
82
75
37
8
94
16
24
21
8
96
53
49
38
85
27
32
96
20
29
43
69
94
26
54
23
91
34
48
71
53
25
0
59
83
69
73
27
12
42
61
21
95
88
28
15
24
1
77
67
82
5
64
51
52
79
70
46
1
59
87
60
88
76
45
19
14
1
35
94
79
40
71
26
72
60
73
9
75
5
27
27
32
38
56
4
29
40
47
2
27
85
30
92
51
79
13
99
86
15
29
63
66
62
80
24
57
43
78
49
99
95
93
63
71
78
86
64
4
23
62
50
17
98
21
32
57
61
2
6
1
82
82
94
95
81
96
93
33
67
31
60
44
90
63
62
82
36
12
31
47
75
77
29
94
32
70
95
32
74
67
37
2
65
40
53
87
95
53
42
43
89
69
93
81
84
71
19
33
73
75
85
47
97
54
13
33
46
83
92
53
46
66
45
48
94
10
69
60
42
35
59
52
44
57
4
83
89
71
68
52
46
58
11
22
62
52
2
58
77
96
86
33
58
69
97
14
51
11
63
45
58
42
6
75
81
99
28
50
57
88
25
38
71
47
53
48
79
59
29
82
90
18
81
17
14
69
25
32
39
1
89
4
67
99
28
98
88
20
64
18
60
48
69
18
65
6
39
2
17
37
83
48
98
89
67
77
38
23
21
96
11
41
84
30
58
30
98
31
83
59
77
74
41
8
19
54
4
68
9
91
67
38
40
71
57
38
9
82
3
76
20
60
42
94
66
72
6
25
61
36
4
14
26
60
77
62
85
75
26
27
93
23
33
88
18
58
0
83
23
85
56
20
79
20
30
96
19
55
98
80
26
0
56
47
83
59
83
51
46
3
23
9
77
43
15
72
77
19
73
79
7
29
4
61
64
30
39
33
51
17
9
17
28
45
16
12
70
49
63
71
12
2
77
98
42
46
15
84
19
66
70
62
34
94
55
41
27
99
33
90
16
47
4
24
71
3
19
14
23
68
45
81
61
90
21
57
22
87
82
12
38
10
93
77
84
41
64
76
25
91
94
42
79
19
76
87
18
51
1
50
94
6
45
23
0
55
91
48
95
48
61
54
69
82
68
56
38
80
47
67
71
25
50
60
79
0
44
55
46
72
2
32
92
64
76
97
13
30
27
74
8
17
42
91
11
4
69
50
57
84
49
85
21
91
79
76
13
8
92
69
82
7
73
89
66
42
39
45
80
63
15
50
16
70
94
60
91
83
62
85
48
33
11
5
2
55
75
75
4
31
72
17
89
92
19
36
28
67
83
63
2
92
37
98
99
77
56
22
84
14
71
94
44
49
41
52
91
85
43
82
40
97
42
96
47
22
1
6
78
99
93
85
44
63
65
25
44
2
86
45
59
2
54
11
56
75
52
76
20
48
97
9
91
38
5
3
35
42
84
18
6
9
72
38
6
75
15
29
35
20
95
3
58
74
74
83
36
74
86
25
74
58
36
90
8
49
65
30
10
14
90
0
58
96
1
61
59
21
60
89
82
61
80
52
65
55
32
77
69
26
42
79
46
20
38
47
15
79
65
63
96
26
29
3
79
39
30
99
5
8
43
52
40
58
54
82
3
82
93
70
99
21
17
56
64
74
1
92
61
85
78
58
10
53
74
47
5
34
81
64
77
30
66
63
35
93
46
19
45
87
72
87
26
41
70
3
21
32
90
36
85
3
87
21
87
71
83
27
74
1
8
6
10
61
88
90
10
83
27
85
34
24
74
49
12
28
74
78
58
45
87
79
67
14
47
31
77
52
49
71
25
67
81
2
54
93
17
21
1
88
21
77
95
91
12
15
82
22
16
66
5
1
29
29
73
27
81
63
53
23
81
86
78
71
28
75
35
62
79
16
8
7
22
81
87
83
65
62
49
70
57
55
18
9
91
23
13
80
6
42
66
30
55
11
94
41
36
52
12
43
86
97
53
50
97
3
61
20
22
57
25
71
72
68
20
49
67
87
16
41
66
72
10
63
1
15
42
6
12
8
2
25
45
10
71
56
99
67
78
2
76
50
30
53
91
81
65
92
23
46
95
40
80
62
11
23
78
96
67
36
8
15
4
80
27
60
7
54
48
16
57
94
30
92
43
92
58
19
23
38
40
96
95
16
99
86
53
89
11
52
58
54
85
74
55
82
55
95
43
37
34
47
52
40
53
45
8
83
3
90
40
10
53
27
59
4
33
48
89
44
44
4
89
98
78
82
91
31
91
47
9
73
69
36
77
91
95
37
61
83
69
11
3
76
7
10
90
98
94
24
86
1
33
90
55
7
39
15
99
3
41
66
80
27
45
55
32
5
45
9
93
33
65
11
24
56
65
11
38
23
39
25
97
58
5
47
93
56
98
82
41
38
51
45
19
18
95
64
78
96
49
64
40
36
97
40
96
49
62
10
49
4
79
81
91
5
87
3
50
55
86
89
17
12
80
46
24
32
40
13
98
37
21
76
14
59
49
30
33
80
51
66
87
38
63
53
4
48
24
13
31
29
46
46
61
24
34
98
45
99
27
51
91
0
6
50
57
4
60
90
86
9
46
92
99
77
57
62
2
70
69
69
32
79
44
58
0
20
7
85
82
79
58
95
87
72
85
55
70
44
97
46
53
37
73
28
86
50
24
31
95
1
2
36
59
99
55
85
0
23
64
82
62
31
86
57
72
73
79
18
84
85
90
69
82
21
89
68
68
76
31
58
8
37
13
30
78
45
33
99
42
12
92
8
82
78
97
62
74
4
12
29
97
67
56
18
77
72
95
54
0
33
16
73
29
75
79
86
19
97
4
9
57
89
14
5
26
49
11
14
80
83
75
27
30
52
74
29
52
90
14
77
65
7
75
27
16
30
90
83
14
51
42
70
