overall_acc,0.7936
loss,[10.9499213671875, 6.289286386871338, 4.218742960510254, 3.2753892584991453, 2.835969377441406, 2.607780931549072, 2.489495213470459, 2.4292660229492187, 2.386692046661377, 2.3646629944610598, 2.3405293718719484, 2.3309364084625246, 2.322452901992798, 2.318465779800415, 2.3126069102478026, 2.308169203414917, 2.302270775985718, 2.3134182456970214, 2.302243084487915, 2.30211811340332, 2.3091227159881593, 2.302963036880493, 2.3045938998413087, 2.314893784637451, 2.309847787780762, 2.3117404249572755, 2.319326949005127, 2.3418460691070555, 2.3321931884765625, 2.345438609161377, 2.346393208618164, 2.351655866165161, 2.368202730026245, 2.360758319854736, 2.3887245712280274, 2.3904416651916502, 2.4048933350372312, 2.402095407409668, 2.4149866818237307, 2.4061660047912596, 2.4297314526367186, 2.4338740489959716, 2.4556239642333986, 2.451741759567261, 2.46262917137146, 2.472855961456299, 2.478981018371582, 2.4951653133392333, 2.494562931137085, 2.505929847869873, 2.514061694869995, 2.5126792097473145, 2.5335184340667722, 2.526169632949829, 2.5238266802978515, 2.5409653508758545, 2.539108624801636, 2.546125743408203, 2.5514880422210693, 2.55008552986145, 2.0380142003631594, 1.6596161566162109, 1.4478230535507202, 1.3012628926467895, 1.2109676077270508, 1.148746831817627, 1.1217739496231078, 1.1009242807388306, 1.1002427165794373, 1.0897923501586915, 1.1145410752868652, 1.1203074657821654, 1.103913275794983, 1.1273804349517822, 1.1190173847198486, 1.115500470352173, 1.1288910180282592, 1.1390848401641847, 1.1380956059265137, 1.1540427316284179, 1.1428644026947021, 1.1551735969161987, 1.1427323816680908, 1.1589262213134766, 1.164246640434265, 1.1663989156341552, 1.1691401821517944, 1.1719010371780396, 1.1811435290527343, 1.190500213165283, 1.1942572073745727, 1.1969707188796996, 1.184380195388794, 1.1862456836318969, 1.1937773807144165, 1.1972508763504028, 1.2047992182159424, 1.2032029392242432, 1.2048867864227295, 1.1991552919769286, 1.2198174689102173, 1.2172949487304687, 1.2193962265014648, 1.2194189842224121, 1.2192217345809937, 1.2217639763259889, 1.225981109237671, 1.2273733824157715, 1.2369735009384155, 1.2372845538711548, 1.2299777056121826, 1.229908639717102, 1.2293521173095703, 1.2358655502319336, 1.2366463786697388, 1.2383140246582032, 1.2373150974655152, 1.2444364707183837, 1.246932587890625, 1.2449348683547974, 1.0946599055480957, 1.0068772108459472, 0.9683984641265869, 0.9333632533645629, 0.9031192972755432, 0.8746451113891601, 0.8474124885749816, 0.8208360217475891, 0.7967249580955506, 0.7728799582672119, 0.748420946559906, 0.7266330368423461, 0.7036874997329712, 0.6828111658477783, 0.6623794430160522, 0.6419673629570007, 0.6231563614273071, 0.6043790135574341, 0.585646093006134, 0.5687277238082886, 0.5518679290771484, 0.5347375228309631, 0.5187306451416016, 0.5033379680156708, 0.48834056383132934, 0.473544191608429, 0.4594315016174316, 0.4459911800384522, 0.4329689504146576, 0.4205868735122681, 0.407546280708313, 0.3956922173404694, 0.38410838359832766, 0.3726494787979126, 0.3620390050983429, 0.35194249527931215, 0.34190870943069457, 0.33218938920021057, 0.3227355562591553, 0.3137265621089935, 0.3075249252223968, 0.30511177736282347, 0.3027105980682373, 0.30094341802597047, 0.2988817882347107, 0.2969973195075989, 0.29510297432899474, 0.2934332366847992, 0.29158263235092163, 0.2898679510498047, 0.288025380821228, 0.286313274641037, 0.28460907040596006, 0.28301389128684995, 0.28102011154174805, 0.2793531392002106, 0.2776964565563202, 0.27586289432525635, 0.274325625371933, 0.27265265031814573, 0.27110556307792666, 0.2694427269363403, 0.2678890652179718, 0.26604960213661194, 0.26434788363456724, 0.2629861152172089, 0.2613917137145996, 0.25963566890716555, 0.25812494579315187, 0.25665519662857056, 0.2550569056510925, 0.2535937395477295, 0.2519749959278107, 0.25060288155555727, 0.24886706447601317, 0.24750823236465455, 0.24591872526168823, 0.24458380678653718, 0.24300943366527558, 0.24155924886703492]
0,0.9565217391304348
1,0.967741935483871
2,0.8260869565217391
3,0.7241379310344828
4,0.7096774193548387
5,0.7083333333333334
6,0.8695652173913043
7,0.9230769230769231
8,1.0
9,1.0
10,0.45
11,0.5714285714285714
12,0.8
13,0.6521739130434783
14,0.7407407407407407
15,0.875
16,0.8461538461538461
17,0.8571428571428571
18,0.6470588235294118
19,0.84
20,0.8333333333333334
21,0.7894736842105263
22,0.9411764705882353
23,0.7692307692307693
24,0.9130434782608695
25,0.6666666666666666
26,0.7916666666666666
27,0.75
28,0.88
29,0.7586206896551724
30,0.8518518518518519
31,0.84
32,0.7272727272727273
33,0.5862068965517241
34,0.76
35,0.5909090909090909
36,0.8571428571428571
37,0.7894736842105263
38,0.8846153846153846
39,0.9565217391304348
40,0.7142857142857143
41,1.0
42,0.8260869565217391
43,0.8260869565217391
44,0.6086956521739131
45,0.6052631578947368
46,0.4090909090909091
47,0.782608695652174
48,1.0
49,0.7647058823529411
50,0.5909090909090909
51,0.8095238095238095
52,0.9
53,0.9310344827586207
54,0.9545454545454546
55,0.5238095238095238
56,0.7272727272727273
57,0.6428571428571429
58,0.8857142857142857
59,0.7916666666666666
60,0.8518518518518519
61,0.8275862068965517
62,0.8076923076923077
63,0.8333333333333334
64,0.631578947368421
65,0.7272727272727273
66,0.7692307692307693
67,0.782608695652174
68,0.9523809523809523
69,0.8666666666666667
70,0.7666666666666667
71,0.7619047619047619
72,0.4090909090909091
73,0.6875
74,0.7272727272727273
75,0.9642857142857143
76,0.9523809523809523
77,0.7352941176470589
78,0.7894736842105263
79,0.8214285714285714
80,0.7241379310344828
81,0.9047619047619048
82,0.9459459459459459
83,0.8333333333333334
84,0.8148148148148148
85,0.9
86,0.8571428571428571
87,0.8666666666666667
88,0.9523809523809523
89,0.9285714285714286
90,0.875
91,0.8717948717948718
92,0.68
93,0.8095238095238095
94,0.9565217391304348
95,0.6551724137931034
96,0.6956521739130435
97,0.75
98,0.5769230769230769
99,0.9130434782608695
16
7
91
43
14
92
6
89
13
85
47
27
81
63
59
61
78
18
53
17
27
43
10
54
25
79
68
31
69
64
83
41
49
48
96
20
87
90
52
26
83
41
20
20
7
83
27
45
68
93
86
81
60
73
99
44
62
16
26
58
88
64
88
19
3
23
19
48
91
48
58
16
63
80
71
4
32
15
98
32
14
87
51
12
8
45
92
31
62
61
89
92
78
83
26
85
28
37
54
30
95
7
59
24
94
7
94
94
11
42
65
52
40
38
55
80
82
46
75
93
74
42
5
8
30
74
22
95
81
92
27
52
51
44
92
65
69
84
0
43
48
67
62
89
83
67
37
19
8
68
64
3
53
62
39
0
95
51
58
19
89
90
81
61
41
77
52
66
68
80
3
46
5
74
35
50
88
7
75
53
3
5
35
82
7
81
61
7
91
1
5
37
72
41
94
33
67
79
39
23
6
31
63
71
67
45
10
11
74
33
77
65
50
46
51
78
36
3
41
59
54
81
37
75
74
55
14
92
9
44
57
83
45
61
52
42
89
22
85
39
7
25
98
98
70
92
49
70
87
15
38
25
97
36
83
82
77
46
7
74
80
2
9
91
40
36
91
91
99
73
24
83
42
62
90
50
82
24
65
16
40
39
7
63
10
51
96
44
29
66
53
30
84
44
5
26
53
74
72
15
15
78
5
66
77
55
48
95
75
66
77
3
13
18
92
55
13
74
29
91
91
61
75
58
71
70
98
52
94
89
90
59
57
43
60
41
30
59
78
6
80
80
54
99
60
76
92
18
14
26
9
81
85
32
63
43
73
87
44
26
99
70
8
90
65
80
41
17
39
53
66
48
5
88
13
80
87
37
41
91
16
27
33
16
89
5
76
83
74
85
24
44
32
76
27
35
52
46
27
40
58
84
54
91
38
35
66
41
79
0
23
14
15
86
75
45
6
22
33
76
52
41
90
22
34
45
72
7
30
2
1
23
3
22
5
80
93
27
86
79
92
53
54
63
18
84
65
8
59
8
88
62
29
30
73
2
33
39
63
61
45
83
58
73
18
84
4
5
57
18
23
29
85
88
64
16
86
30
95
45
97
0
59
35
44
86
62
29
85
82
91
82
17
80
58
12
26
54
28
58
57
1
45
30
16
3
56
23
91
73
1
1
98
32
19
88
11
29
56
0
54
61
20
37
17
53
89
18
13
6
47
41
26
26
25
60
22
73
4
47
24
68
78
17
7
0
87
26
73
14
56
46
12
54
11
79
8
43
39
61
40
53
98
4
31
8
57
33
32
35
6
94
94
10
22
16
64
57
2
38
88
55
58
27
36
13
91
84
9
5
9
65
85
70
96
90
2
59
79
70
34
97
16
49
18
55
70
27
38
34
61
69
37
55
24
3
78
51
63
35
1
84
22
86
55
91
13
90
68
60
84
0
80
70
32
92
14
49
35
86
3
89
44
15
66
35
50
12
41
31
34
93
84
26
74
78
50
57
54
11
67
44
66
60
26
58
82
67
98
89
28
55
95
76
60
76
91
37
2
4
62
43
91
48
63
34
42
34
53
3
28
8
40
44
47
61
60
73
61
29
63
4
49
92
92
6
57
87
18
20
72
0
85
75
44
23
4
95
81
58
73
60
21
14
19
87
47
79
90
75
91
15
41
39
99
46
94
45
91
36
77
73
75
92
94
61
50
38
12
1
0
30
84
98
29
7
18
48
81
91
84
63
62
31
40
55
30
43
86
47
96
15
25
14
28
75
2
81
61
73
79
5
42
56
81
33
84
69
30
6
68
92
81
74
7
67
3
60
84
14
48
83
0
70
38
24
24
69
16
9
42
41
39
27
0
70
85
9
43
79
77
75
74
38
42
45
8
0
36
89
51
46
69
63
42
22
71
98
63
40
25
0
21
2
1
4
47
43
83
65
68
18
1
25
96
98
47
90
2
28
37
61
31
9
4
92
38
93
28
39
18
41
44
49
1
11
19
91
82
4
60
34
56
19
32
74
76
99
49
98
8
58
93
87
2
24
35
43
52
6
4
27
8
63
26
34
39
97
52
75
33
87
49
98
16
33
76
41
97
8
75
17
55
93
44
4
41
60
95
31
21
77
90
54
87
86
37
47
75
2
73
55
25
62
26
19
28
15
1
47
69
45
92
39
42
13
49
48
44
71
48
69
9
65
16
46
71
66
66
88
82
1
39
88
93
82
7
17
56
40
70
1
68
52
69
45
16
62
85
12
99
88
40
68
36
60
17
87
25
46
75
61
70
58
34
51
75
73
70
37
28
90
55
88
68
38
73
7
16
58
61
39
56
17
96
77
63
87
75
4
16
94
55
76
60
97
1
0
75
31
97
71
75
52
6
43
14
84
14
51
1
88
53
66
5
56
32
52
40
24
86
54
54
88
61
87
54
24
10
85
17
90
22
86
77
79
94
45
0
39
89
82
41
87
91
73
4
62
55
98
77
46
28
38
72
70
13
7
15
24
76
98
73
79
15
47
47
93
67
13
26
70
95
60
70
2
82
66
34
6
65
62
74
31
36
88
96
48
79
50
15
57
66
68
96
64
16
63
16
95
18
29
63
53
9
38
4
74
15
1
67
96
1
84
69
81
10
33
80
68
30
8
3
81
26
18
75
35
28
74
5
53
34
27
93
18
44
93
85
14
35
31
69
47
57
95
85
80
1
82
84
66
44
58
31
42
23
90
6
83
31
51
80
23
64
61
16
51
99
28
19
63
26
97
78
34
71
13
74
17
28
29
10
61
83
83
53
73
7
59
82
34
15
68
68
34
82
75
37
8
94
16
24
21
8
96
53
49
38
85
27
32
96
20
29
43
69
94
26
54
60
91
34
48
23
53
5
0
59
83
69
73
27
12
29
61
21
30
88
28
15
24
1
77
67
82
5
64
51
52
79
70
46
1
59
87
60
88
76
45
19
14
1
35
94
80
25
71
26
30
60
73
9
75
5
27
44
32
38
56
79
80
40
47
2
7
85
30
83
51
79
76
99
86
15
29
63
66
62
80
24
53
43
78
27
99
95
93
55
71
77
86
64
19
23
62
42
37
70
55
32
57
99
2
6
92
82
82
94
95
81
96
93
49
67
31
60
79
74
63
62
82
36
12
31
47
75
77
29
94
27
84
95
32
38
67
37
2
65
40
53
87
95
53
42
43
89
69
93
81
40
71
31
33
91
75
85
47
97
70
13
33
46
83
92
53
46
3
45
48
94
10
69
60
42
35
59
52
80
57
4
83
89
71
68
52
46
58
46
22
62
52
2
58
77
96
86
33
58
69
97
14
51
46
63
45
58
42
6
75
81
99
28
36
57
88
25
38
71
47
53
48
79
59
29
82
90
93
81
17
14
69
25
32
39
1
89
4
67
99
28
98
88
20
74
18
60
48
69
1
41
6
39
25
15
37
78
48
35
89
67
77
38
23
21
96
11
41
84
30
58
30
46
31
83
59
77
74
41
8
19
54
4
68
9
91
67
3
40
71
77
38
9
82
3
76
20
60
42
94
21
72
14
25
61
36
4
14
26
60
77
62
85
79
26
67
93
23
33
88
18
58
51
83
23
85
96
20
79
20
30
96
19
55
35
67
26
0
56
47
57
59
83
51
64
3
73
9
77
43
15
72
77
19
73
77
7
29
4
61
50
30
39
14
19
51
9
17
28
45
28
12
48
49
63
60
12
11
77
98
77
46
15
84
19
66
70
62
34
94
30
2
84
99
33
90
16
56
4
24
71
3
19
14
23
68
84
81
10
90
21
57
22
87
82
12
38
10
93
77
84
41
64
76
25
91
94
42
79
19
76
87
18
51
1
50
94
6
10
23
0
55
91
89
95
48
45
54
69
82
68
56
39
80
37
67
71
25
50
60
79
0
44
55
46
80
2
32
92
10
76
97
13
30
27
74
8
17
42
91
11
36
69
74
57
84
39
85
3
91
79
76
13
8
92
69
82
7
73
89
19
42
39
45
80
4
15
74
16
62
94
60
91
83
62
85
48
59
11
5
2
55
75
75
26
31
72
17
89
92
19
36
22
67
83
63
2
62
37
2
99
77
56
22
84
14
71
94
44
85
41
52
91
85
43
82
12
97
42
96
47
22
1
11
78
67
93
85
18
63
65
25
44
2
86
44
59
2
54
11
56
75
47
76
20
48
97
9
78
38
5
3
50
43
84
18
6
9
72
38
6
75
15
29
35
20
95
3
87
74
14
83
91
74
86
10
74
58
36
90
8
1
65
61
1
14
37
0
58
96
1
61
59
21
60
89
82
61
80
52
65
55
32
77
69
26
42
79
11
20
38
52
15
7
65
63
96
26
29
3
79
39
30
99
5
8
19
52
40
58
54
82
31
96
93
70
99
21
17
56
64
74
1
92
61
85
78
58
10
53
74
47
5
34
81
64
77
30
66
63
45
30
46
44
45
87
63
87
26
41
70
22
21
32
90
36
85
50
87
21
87
71
83
27
74
1
8
93
98
61
88
90
10
83
91
58
34
24
74
23
12
28
74
48
58
45
87
79
67
14
47
31
77
59
17
71
25
67
81
98
54
67
17
21
1
88
21
77
95
91
12
15
82
22
16
66
25
1
29
29
73
91
81
63
53
23
81
86
78
71
28
75
46
62
79
16
8
7
22
81
87
83
65
62
49
70
57
72
18
40
91
23
13
80
6
42
35
30
65
35
94
41
36
52
12
43
86
97
53
50
97
3
61
20
22
57
25
71
72
68
20
49
67
87
16
41
66
27
25
51
1
15
42
6
85
8
2
25
45
93
71
56
99
67
14
2
76
50
30
53
91
81
65
70
23
11
95
40
30
62
11
23
78
96
67
50
8
15
4
80
27
60
7
54
48
16
57
94
30
62
43
62
58
19
23
38
40
96
95
10
99
86
53
89
11
52
58
54
85
74
72
82
72
69
43
81
34
47
52
40
53
45
8
83
3
90
87
28
53
27
59
4
33
54
89
44
44
3
89
98
78
82
18
31
91
47
9
73
69
36
2
91
95
37
61
83
69
11
15
76
64
10
90
98
94
24
86
1
33
96
55
7
39
15
99
3
41
66
80
27
45
4
32
5
45
9
44
33
87
2
24
59
65
11
38
23
39
25
97
84
25
47
29
56
98
82
41
38
51
79
88
18
73
64
78
96
49
64
40
36
97
40
45
49
62
10
33
4
44
81
91
5
87
3
50
80
86
89
17
12
80
87
6
32
40
13
98
37
21
76
14
59
49
30
33
38
51
66
87
38
63
53
4
48
24
13
31
29
84
46
61
24
34
46
45
99
27
51
91
0
72
50
57
4
60
81
86
9
46
92
99
77
57
47
2
70
69
69
32
79
44
58
0
20
7
85
82
79
58
95
58
3
85
27
70
44
97
35
57
37
73
28
86
4
24
31
95
1
2
36
59
99
91
85
0
60
64
82
62
31
86
57
72
73
42
45
84
48
90
69
82
21
89
68
68
76
31
58
8
37
13
95
78
88
33
23
42
12
92
8
82
78
97
62
74
4
90
29
38
27
56
18
6
72
95
54
53
88
16
73
28
33
6
86
19
97
4
9
53
89
14
25
26
49
11
14
80
83
21
27
30
52
74
29
59
90
14
77
3
7
75
27
16
30
90
83
65
51
42
70
