overall_acc,0.8044
loss,[10.888228704223632, 6.249233300018311, 4.196027825317382, 3.2604876306915282, 2.826688371887207, 2.6170149728393555, 2.4902004728698732, 2.420370802001953, 2.390787032165527, 2.3619070007324217, 2.3432545435333254, 2.336691251296997, 2.3289573282623293, 2.314571186981201, 2.3105528035736085, 2.3059618367004395, 2.311199803314209, 2.3100020082855224, 2.3062789472198486, 2.303092852783203, 2.3122368637084962, 2.312685393676758, 2.3148879785919187, 2.3196508726501466, 2.314497845001221, 2.3171067611694336, 2.331424799118042, 2.3376249002075196, 2.3272798839569093, 2.33963979347229, 2.3364746704864503, 2.342783308639526, 2.351710232849121, 2.3663534646606443, 2.3663167710113524, 2.380395574493408, 2.3753141667175295, 2.3983762770843504, 2.3871239194488525, 2.405935137023926, 2.4154924438476564, 2.4354036836242674, 2.4279417389678954, 2.436453014984131, 2.4427710050964357, 2.4455575332641604, 2.4650829141235353, 2.4614612592315672, 2.475471675567627, 2.4725957945251467, 2.4821971694946288, 2.496927578277588, 2.4981932304382326, 2.505807851257324, 2.5051615744781492, 2.5114861521148684, 2.5116113082122804, 2.5113001795959473, 2.5326584973144532, 2.531349989013672, 2.013317498664856, 1.6460093313980102, 1.4362665948486328, 1.2954062004089355, 1.1967689952468872, 1.1421847090911865, 1.1140341737747192, 1.1039784449005128, 1.0955601399230956, 1.102797155456543, 1.10308523273468, 1.0950386143112183, 1.1022730519866943, 1.1137865810775758, 1.1146343908691407, 1.12670663105011, 1.121137592010498, 1.1400491048431396, 1.140676559524536, 1.1321976314544677, 1.134527533302307, 1.1462085584259034, 1.1442457462692261, 1.1484782215881348, 1.1549272536849975, 1.157156608428955, 1.157076412086487, 1.1630374200057982, 1.1737921659851074, 1.1650268699645996, 1.173445012741089, 1.1867097901535033, 1.1835961389923095, 1.1840936031341553, 1.1729426123428344, 1.1913647064971924, 1.1892456799697877, 1.1899887059020997, 1.2005848205566407, 1.2067564447784425, 1.1991231411743164, 1.202950432243347, 1.2060864875411987, 1.2084774391174316, 1.2099300665283204, 1.2096083038330079, 1.2253406490707397, 1.2120465033721923, 1.2164762566757201, 1.217628645210266, 1.2071492004013062, 1.2180652527999878, 1.2171562051391602, 1.2195221437454224, 1.2194965963363646, 1.2283026426696777, 1.2161439137268066, 1.2336210174560547, 1.2434926481246948, 1.241443156929016, 1.0944833791351318, 1.003752023677826, 0.9643881008338928, 0.932099138469696, 0.9020313661384582, 0.8732498054122925, 0.8463339300727845, 0.8192800376701355, 0.7938404893493652, 0.7698819029426575, 0.747076317062378, 0.7235295775794983, 0.7018640639305115, 0.6812123188018799, 0.6605227500724793, 0.6409600074768066, 0.6213246520042419, 0.6024513395500183, 0.5845131349563598, 0.5669325495910644, 0.5498173517417908, 0.5336139678192139, 0.5182377459144593, 0.5026605424308777, 0.48755277976989747, 0.4728044930171967, 0.45885269085884095, 0.4451832871055603, 0.43212331689834593, 0.41878467595100405, 0.406789966173172, 0.3956929434490204, 0.38389724373817447, 0.372522897977829, 0.36185314583778383, 0.35210495933532715, 0.34249711508750913, 0.3317146770095825, 0.3226163805580139, 0.3127681881427765, 0.30664724299430846, 0.30428758031845093, 0.30240664962768554, 0.3006491010284424, 0.2985404680919647, 0.2966863772201538, 0.29489204208374026, 0.29325058219909667, 0.29135325142860413, 0.28926732761383056, 0.28771940078735353, 0.2857537203025818, 0.2839561965370178, 0.28235939786911013, 0.2807168362045288, 0.27912645509719847, 0.27737793786048887, 0.2755607905960083, 0.2739134841632843, 0.27236717399597166, 0.27072345778465273, 0.2689909018611908, 0.26739242351531983, 0.26584576778411867, 0.2640928193283081, 0.2625960191631317, 0.2609747667217255, 0.2594259558582306, 0.25778692004203796, 0.25621703515052796, 0.25476379821777345, 0.2532153581905365, 0.25171735926628114, 0.2501613950443268, 0.24873123406887054, 0.24723136592864992, 0.24570677181243897, 0.24428709639072418, 0.24280223498344422, 0.2413029301261902]
0,0.9565217391304348
1,0.967741935483871
2,0.7391304347826086
3,0.8275862068965517
4,0.7741935483870968
5,0.875
6,0.8695652173913043
7,0.8461538461538461
8,1.0
9,0.9473684210526315
10,0.55
11,0.6190476190476191
12,0.9
13,0.6521739130434783
14,0.8148148148148148
15,0.875
16,0.9230769230769231
17,0.8571428571428571
18,0.7941176470588235
19,0.88
20,0.8333333333333334
21,0.8947368421052632
22,0.8823529411764706
23,0.7692307692307693
24,0.8695652173913043
25,0.625
26,0.75
27,0.8333333333333334
28,0.8
29,0.6896551724137931
30,0.7407407407407407
31,0.68
32,0.8181818181818182
33,0.6206896551724138
34,0.88
35,0.45454545454545453
36,0.9047619047619048
37,0.9473684210526315
38,0.8846153846153846
39,0.9130434782608695
40,0.6785714285714286
41,0.9545454545454546
42,0.8695652173913043
43,0.782608695652174
44,0.5652173913043478
45,0.7368421052631579
46,0.4090909090909091
47,0.7391304347826086
48,1.0
49,0.8823529411764706
50,0.8181818181818182
51,0.7142857142857143
52,0.75
53,0.9310344827586207
54,0.9090909090909091
55,0.5714285714285714
56,0.8181818181818182
57,0.7857142857142857
58,0.9142857142857143
59,0.8333333333333334
60,0.8518518518518519
61,0.7931034482758621
62,0.8461538461538461
63,0.6666666666666666
64,0.7368421052631579
65,0.6363636363636364
66,0.8076923076923077
67,0.6956521739130435
68,0.9047619047619048
69,0.9
70,0.8666666666666667
71,0.8095238095238095
72,0.36363636363636365
73,0.71875
74,0.6363636363636364
75,0.9285714285714286
76,0.9047619047619048
77,0.7352941176470589
78,0.7894736842105263
79,0.8928571428571429
80,0.7586206896551724
81,0.9047619047619048
82,0.918918918918919
83,0.8333333333333334
84,0.9259259259259259
85,0.9333333333333333
86,0.8571428571428571
87,0.8666666666666667
88,1.0
89,0.8928571428571429
90,0.875
91,0.8717948717948718
92,0.72
93,0.8095238095238095
94,0.9130434782608695
95,0.6896551724137931
96,0.5217391304347826
97,0.8333333333333334
98,0.6923076923076923
99,0.9130434782608695
16
7
91
43
14
92
6
89
13
85
47
97
81
63
59
10
78
18
53
17
27
43
10
54
25
79
68
31
69
64
10
41
23
2
47
20
87
90
52
26
83
64
20
20
7
83
27
45
68
93
86
12
60
73
99
1
62
44
26
58
88
97
88
19
3
71
19
48
91
48
58
16
63
3
71
4
32
15
98
32
70
87
38
12
8
45
92
31
62
61
89
92
78
83
45
85
28
37
54
30
95
7
59
24
94
7
94
94
11
42
65
52
40
38
55
80
82
46
75
93
74
34
5
85
30
74
22
95
81
92
27
52
18
78
62
65
69
84
0
43
48
67
62
89
83
44
58
19
8
68
3
3
83
62
83
0
86
51
58
19
89
90
81
61
41
66
52
66
68
80
4
46
25
27
35
50
88
7
75
53
3
5
98
82
7
86
61
7
91
1
5
37
72
41
94
33
67
79
39
23
28
31
63
71
67
45
84
11
74
49
77
65
50
46
51
65
36
3
41
47
54
87
37
75
74
71
14
24
9
44
57
83
45
22
52
42
89
61
85
39
7
25
98
98
70
70
49
70
87
77
41
79
97
36
83
82
77
46
7
7
44
2
9
55
40
36
91
91
99
73
76
83
42
10
90
50
82
24
42
16
28
39
7
63
10
51
96
44
29
74
53
30
84
44
5
26
53
74
72
15
15
44
84
66
77
15
48
95
18
64
77
3
13
18
92
55
13
51
29
91
91
61
75
58
71
70
98
52
94
89
90
56
57
43
60
55
30
59
78
6
80
80
54
83
60
76
54
18
14
26
9
81
85
32
63
43
73
87
18
26
99
70
8
90
65
80
41
17
39
53
66
48
5
88
8
67
98
37
40
91
16
27
33
16
89
5
76
83
74
85
24
72
32
76
33
5
52
46
74
40
58
84
24
91
38
46
66
9
79
53
23
14
15
86
75
45
6
22
33
76
52
41
90
22
34
74
78
7
30
11
1
23
3
22
5
80
93
27
86
79
92
53
92
63
18
84
16
8
59
8
88
62
29
73
73
2
33
39
63
61
45
83
58
73
18
84
4
5
26
18
23
29
85
34
42
16
86
31
95
45
61
0
69
32
44
86
92
44
85
82
91
82
17
4
90
12
26
54
28
58
79
1
33
44
16
3
33
23
91
73
1
1
35
32
19
88
11
26
56
0
54
61
20
13
17
53
89
18
81
6
96
41
26
26
25
60
22
46
4
47
24
79
78
17
7
0
87
26
73
14
56
18
12
54
21
79
8
43
39
51
40
53
98
4
4
8
57
33
83
35
6
94
94
65
22
16
63
57
2
65
88
43
58
27
36
13
91
84
9
5
9
3
85
70
52
7
2
59
79
70
34
97
99
49
44
55
70
41
38
34
61
69
37
97
24
3
78
75
96
2
1
84
22
86
4
91
13
90
68
60
84
0
34
54
32
92
14
49
35
86
3
89
44
15
66
35
50
12
41
31
34
93
84
26
74
78
50
57
54
11
67
44
66
60
79
58
82
67
98
89
28
55
95
76
60
76
91
37
2
4
62
43
91
48
27
34
42
34
53
3
28
8
40
44
33
61
60
73
61
29
18
97
49
92
92
6
55
68
18
20
3
0
85
65
18
23
66
95
81
58
73
60
21
14
19
87
47
79
90
75
73
15
41
39
99
46
94
45
91
36
77
3
75
92
94
61
50
38
12
1
0
30
84
98
29
7
18
48
81
91
84
4
62
31
40
34
30
43
86
96
66
98
20
14
28
75
2
81
22
73
79
5
88
56
81
15
84
69
30
6
68
70
12
74
7
67
55
60
5
14
48
83
0
70
38
18
24
69
16
9
42
41
25
27
0
70
85
9
43
79
77
75
74
80
42
62
8
0
36
89
4
46
69
56
42
10
71
98
55
40
16
0
21
2
1
64
47
43
83
32
68
18
1
25
96
46
47
90
98
28
37
61
31
14
4
92
38
93
28
39
18
41
78
49
1
11
19
91
82
4
60
34
56
19
32
74
86
99
49
98
8
58
93
87
11
24
35
43
52
6
4
27
8
63
26
34
39
97
37
75
33
87
49
46
16
33
76
41
97
8
75
17
80
93
44
4
41
60
67
55
21
77
90
54
87
86
37
47
66
2
73
55
25
62
26
19
28
15
14
59
69
45
92
39
42
58
49
48
44
71
48
69
9
26
16
46
71
66
66
88
82
1
39
88
93
82
7
17
56
40
70
1
68
52
69
45
16
6
85
12
99
88
40
68
36
60
12
87
25
46
75
61
70
58
34
51
75
73
70
37
28
90
55
88
40
38
73
7
16
58
61
39
56
17
96
77
64
87
75
4
16
94
55
76
60
97
1
0
75
31
55
71
75
52
6
43
14
84
14
51
1
88
53
66
5
56
32
52
40
24
86
54
54
88
61
87
54
24
16
85
17
90
22
86
77
79
76
45
0
39
89
82
41
87
91
73
4
62
55
98
10
46
28
38
72
70
13
7
15
24
76
98
73
79
15
47
47
93
67
81
26
70
95
60
70
11
82
66
34
6
65
62
74
31
36
88
52
48
79
50
15
57
66
68
97
64
16
72
16
84
18
29
26
57
9
38
74
74
15
1
33
96
1
84
69
81
10
33
80
68
30
8
3
81
45
18
45
35
20
72
5
53
34
27
93
18
44
93
37
91
98
31
69
47
57
95
85
80
1
82
79
66
18
58
31
42
23
90
18
83
31
51
80
23
64
61
16
51
99
28
19
63
26
97
78
34
72
13
50
17
28
29
10
57
83
83
53
73
7
59
82
34
15
68
68
34
82
75
37
8
94
16
24
21
8
96
53
49
38
10
27
32
96
20
29
43
69
94
26
82
23
91
34
48
23
53
25
0
59
57
69
73
27
12
42
61
21
65
88
28
78
24
1
77
67
82
5
64
51
59
79
70
46
1
59
87
60
88
76
45
15
7
1
35
94
79
25
71
26
55
60
73
9
75
5
74
14
32
38
14
45
80
75
47
2
77
85
30
92
51
79
89
99
86
15
29
63
66
62
80
24
57
43
78
49
99
95
93
63
71
77
86
64
4
54
62
50
17
98
21
32
57
61
11
6
1
82
82
94
95
81
96
1
33
67
31
60
79
74
63
62
82
36
12
31
47
75
77
29
94
27
70
95
32
38
67
37
2
36
40
53
87
95
53
42
43
89
69
93
81
84
71
31
33
73
75
90
47
97
62
13
33
46
2
92
53
46
66
45
48
94
10
69
60
27
98
59
52
44
57
4
83
89
71
68
52
11
58
98
22
62
52
2
58
77
96
86
33
58
69
97
14
51
65
63
97
58
97
6
75
81
99
28
50
57
88
25
38
71
47
53
48
79
59
29
82
90
18
81
17
14
69
25
32
39
86
89
4
67
99
28
98
88
20
43
18
60
48
69
18
48
6
39
25
15
37
77
48
31
89
67
77
38
23
21
96
11
16
84
30
58
30
98
66
45
59
77
4
41
8
19
54
4
68
9
91
67
19
40
71
57
38
9
82
3
76
20
60
42
94
66
72
6
25
61
36
4
78
72
60
77
62
85
66
16
67
93
23
33
88
18
58
51
83
23
85
96
20
79
20
30
47
19
4
98
90
26
0
56
47
92
59
10
51
64
3
23
9
77
43
15
72
77
19
73
77
7
29
4
61
64
30
39
45
19
17
81
17
28
45
16
12
41
49
63
60
12
11
77
98
68
46
15
84
19
1
70
62
34
94
72
41
5
99
33
90
16
56
4
24
71
3
19
14
23
68
45
81
61
90
21
57
22
87
82
12
38
10
93
77
84
41
64
76
25
91
94
42
79
19
76
87
18
51
1
50
37
6
45
23
0
55
91
48
95
48
45
54
69
82
68
56
86
80
37
67
71
5
50
60
79
0
44
74
98
80
2
32
92
72
69
97
13
30
27
74
8
17
42
91
11
36
69
50
57
84
76
85
3
91
79
76
13
8
92
69
82
7
73
89
32
42
39
21
80
4
15
74
16
62
94
96
74
83
62
85
48
59
11
5
2
55
75
75
4
3
4
17
89
70
19
36
22
67
83
63
2
92
37
11
99
77
56
22
84
14
71
94
44
12
41
52
91
85
43
82
40
97
42
96
47
22
1
11
78
4
93
85
18
63
65
25
44
2
86
44
59
2
54
98
56
75
52
76
20
48
97
9
45
38
5
3
35
42
84
18
6
9
72
38
6
75
15
29
35
20
95
3
58
74
78
83
39
74
86
91
64
58
36
90
8
49
65
40
61
14
37
0
58
96
1
61
59
21
60
89
82
61
80
52
65
55
32
77
69
26
42
79
11
20
38
47
15
7
65
63
52
26
29
31
79
39
30
99
5
8
67
52
40
58
54
82
3
96
93
70
99
21
17
56
64
74
1
92
61
85
78
58
10
53
74
47
5
34
81
64
77
30
66
63
45
95
46
18
45
87
63
87
26
41
70
51
21
32
90
36
85
3
87
21
87
71
83
27
74
1
8
93
98
61
88
90
10
83
37
85
34
24
74
49
12
28
50
44
58
45
87
79
67
14
47
31
77
59
60
71
25
73
81
98
54
67
17
21
1
88
21
77
95
91
12
15
82
22
16
66
67
41
29
29
73
27
81
63
53
23
81
86
42
71
28
75
35
62
79
16
8
7
22
81
87
83
65
62
49
70
57
75
18
40
91
23
13
80
6
42
35
30
95
35
94
41
36
59
12
43
86
97
53
50
51
95
61
20
22
57
25
71
75
68
20
49
67
87
16
41
66
27
5
70
1
15
42
6
85
8
2
25
45
5
71
56
99
67
65
2
76
50
30
53
91
81
65
70
25
11
72
40
71
62
11
23
78
96
67
36
8
15
4
80
27
60
7
54
48
16
57
94
30
51
43
62
58
19
23
38
40
47
95
16
99
86
53
89
11
52
58
54
85
74
72
82
72
69
43
37
34
47
52
40
53
45
8
83
3
90
16
28
53
32
59
4
33
92
89
44
44
55
89
98
78
82
91
31
91
47
9
73
69
36
26
91
95
37
61
83
69
11
3
76
55
10
90
98
94
24
39
1
33
37
55
79
39
15
99
3
41
66
80
27
45
4
32
5
45
9
44
33
19
35
24
56
65
11
38
23
39
25
97
74
25
47
29
56
98
82
41
38
51
79
19
18
95
64
78
96
49
64
40
36
97
40
45
49
62
10
37
4
79
81
91
5
87
3
50
80
86
89
17
12
80
4
6
32
25
13
98
37
21
76
14
59
49
30
33
80
51
66
87
38
63
53
4
48
24
13
31
49
84
46
61
24
34
46
45
99
27
51
91
0
63
50
57
4
60
90
86
9
46
92
99
77
57
14
2
70
69
69
32
79
93
58
0
20
7
85
82
79
58
67
58
3
85
55
92
29
97
46
53
37
73
28
98
50
24
96
95
1
2
36
59
99
55
85
0
60
64
54
62
31
86
57
72
73
63
91
84
85
90
69
82
21
89
68
68
76
31
58
8
37
13
30
78
88
96
99
42
12
92
8
82
78
97
62
50
4
12
27
97
67
56
18
77
3
95
54
53
45
16
73
29
33
14
86
19
97
4
9
83
89
18
5
26
49
11
14
80
83
3
27
73
59
74
29
75
90
14
77
65
7
75
27
16
30
74
83
14
51
42
70
