overall_acc,0.7968
loss,[10.94991226852417, 6.309411923370361, 4.239449857788086, 3.2839851500701904, 2.8374402361297606, 2.613701214141846, 2.498144743118286, 2.4267871784210207, 2.390029298171997, 2.3690940438079835, 2.339053942489624, 2.3257547423171996, 2.3232282459259035, 2.304399134750366, 2.3093305903625487, 2.3050546798706053, 2.3072641791534423, 2.3046173683166504, 2.2918204263305664, 2.2928775731658937, 2.2988009434509276, 2.302567558670044, 2.302978707885742, 2.309401604309082, 2.3138272039794923, 2.3161605847167968, 2.318807071609497, 2.3226442404174805, 2.3283363055419923, 2.3392126625823972, 2.3278109893035888, 2.3449241896057127, 2.3565544257354736, 2.359631262664795, 2.3684296371459963, 2.3737713118743895, 2.386762011795044, 2.391342402267456, 2.402904939727783, 2.4000903859710694, 2.4160984469604494, 2.431299932785034, 2.4347908000946044, 2.4457408516693113, 2.4504413665771483, 2.451766805114746, 2.4675569626617433, 2.4744244327545166, 2.4655272639465333, 2.4729352995300293, 2.489938613510132, 2.4831123542785645, 2.503354853439331, 2.5094148251342774, 2.5195687203979493, 2.513070373535156, 2.5194939890289305, 2.5309760625457765, 2.5282786236572266, 2.5495953182983397, 2.020328299179077, 1.6564992502593994, 1.4393521513748169, 1.2914940367889405, 1.1980634722518921, 1.1403942831039429, 1.1094255728530884, 1.1022892301559448, 1.093310492553711, 1.0959770072174073, 1.0813717545318604, 1.0919567756652833, 1.0999286618423463, 1.1042276980209351, 1.1073371218109131, 1.1138400025177002, 1.118018338356018, 1.1262368624114991, 1.1274940174484254, 1.138335959968567, 1.1337380547332763, 1.1458066254425048, 1.1449847994232178, 1.1514253793716431, 1.1503511126708985, 1.154329299659729, 1.1563466999435426, 1.1651310844039917, 1.1654972705841065, 1.1652039064025879, 1.1673802974319458, 1.1854779905700683, 1.1775639773178102, 1.1838571680831909, 1.184880643424988, 1.1897594465255736, 1.19429294216156, 1.1801096173477172, 1.1839920065307616, 1.1965885162734986, 1.197118606109619, 1.19595037940979, 1.2132995670700073, 1.209413233985901, 1.1962458837890626, 1.198171162033081, 1.2225413075256348, 1.20853060836792, 1.2162414827728272, 1.2152900926589967, 1.217054089164734, 1.2260564877700806, 1.223258854675293, 1.228913837928772, 1.2200622928619385, 1.2127063871383668, 1.2091066449356078, 1.233255108947754, 1.2332837886047363, 1.2313763380813598, 1.1012732972335815, 1.003064056930542, 0.9632249143218994, 0.930252504196167, 0.9005153294754028, 0.8714732209587097, 0.845091251449585, 0.818111861743927, 0.7926460813522339, 0.7690742282867432, 0.7452325130844116, 0.7226216269874572, 0.7005747847938537, 0.6795071354103088, 0.6590391517066956, 0.639479857826233, 0.6199859848213196, 0.6016925808525085, 0.5837235865211486, 0.5659780038833618, 0.5491546502304077, 0.5329482563972473, 0.5168626301383972, 0.5021323689651489, 0.4862981718635559, 0.4716404927062988, 0.4581651262283325, 0.4442251557922363, 0.4316113996219635, 0.41904908246040345, 0.4066577045249939, 0.3949769270801544, 0.38379683186531066, 0.37249973395347596, 0.36153447249412535, 0.3522171454429626, 0.3407876661872864, 0.33036753787994383, 0.3212068701267242, 0.31208515667915343, 0.3058643695449829, 0.3036958277797699, 0.30157179730415345, 0.2994317708778381, 0.29771501365661623, 0.2958678363418579, 0.29397806644439695, 0.29225252151489256, 0.2903932281303406, 0.28888310439109804, 0.2869290043640137, 0.2850678275299072, 0.2834616985034943, 0.2815078287410736, 0.2799793590354919, 0.27803839629173277, 0.2763727931499481, 0.2748819132232666, 0.2730312372970581, 0.27152543864250184, 0.27006055068969725, 0.26820616702079775, 0.26666860874176024, 0.2649923300743103, 0.26339916800498964, 0.26182662605285645, 0.26028325777053835, 0.25875843715667723, 0.2570676672935486, 0.2554644334125519, 0.2539897191619873, 0.25246868607521056, 0.25099755871772766, 0.24940669851303102, 0.24810008666992187, 0.24644816106319428, 0.24492044037342073, 0.24351821774482726, 0.2422136713695526, 0.2405048763179779]
0,0.9565217391304348
1,0.9032258064516129
2,0.8260869565217391
3,0.8275862068965517
4,0.7741935483870968
5,0.7916666666666666
6,0.7391304347826086
7,0.9615384615384616
8,1.0
9,1.0
10,0.3
11,0.5238095238095238
12,0.85
13,0.6956521739130435
14,0.8148148148148148
15,0.875
16,0.9615384615384616
17,0.9523809523809523
18,0.6176470588235294
19,0.8
20,0.7777777777777778
21,0.8421052631578947
22,0.8823529411764706
23,0.8076923076923077
24,0.8260869565217391
25,0.6666666666666666
26,0.8333333333333334
27,0.7916666666666666
28,0.84
29,0.7586206896551724
30,0.8888888888888888
31,0.76
32,0.7727272727272727
33,0.6206896551724138
34,0.88
35,0.36363636363636365
36,0.9047619047619048
37,0.7894736842105263
38,0.7307692307692307
39,1.0
40,0.7142857142857143
41,0.9090909090909091
42,0.8260869565217391
43,0.782608695652174
44,0.5217391304347826
45,0.6842105263157895
46,0.45454545454545453
47,0.782608695652174
48,1.0
49,0.8823529411764706
50,0.8181818181818182
51,0.6190476190476191
52,0.85
53,0.896551724137931
54,0.9545454545454546
55,0.6190476190476191
56,0.9090909090909091
57,0.6071428571428571
58,0.8857142857142857
59,0.75
60,0.8888888888888888
61,0.7586206896551724
62,0.9230769230769231
63,0.75
64,0.7368421052631579
65,0.7727272727272727
66,0.7307692307692307
67,0.6521739130434783
68,0.9523809523809523
69,0.9
70,0.8666666666666667
71,0.9047619047619048
72,0.5454545454545454
73,0.6875
74,0.6363636363636364
75,0.9642857142857143
76,0.9047619047619048
77,0.6764705882352942
78,0.8421052631578947
79,0.8571428571428571
80,0.7586206896551724
81,0.8571428571428571
82,0.9459459459459459
83,0.8
84,0.8888888888888888
85,0.9333333333333333
86,0.75
87,0.8333333333333334
88,1.0
89,0.9285714285714286
90,0.7916666666666666
91,0.8974358974358975
92,0.6
93,0.8095238095238095
94,0.9565217391304348
95,0.6551724137931034
96,0.6086956521739131
97,0.7916666666666666
98,0.6538461538461539
99,0.9130434782608695
16
7
91
43
14
92
6
89
13
85
47
27
81
63
59
61
78
18
53
17
27
43
10
54
25
79
68
99
69
64
83
41
23
86
47
20
87
90
52
26
83
51
20
20
7
83
27
83
68
93
16
81
60
73
99
1
62
16
26
58
88
34
88
19
34
71
19
48
91
48
58
16
63
3
55
4
32
15
98
32
14
87
38
12
8
45
92
31
62
61
89
62
78
83
45
85
28
37
54
30
95
7
59
24
94
7
94
94
11
42
65
52
40
38
55
80
82
46
75
93
50
34
5
85
30
74
22
95
81
92
27
52
18
44
62
65
69
84
0
43
48
32
62
89
53
44
58
19
8
68
72
3
53
70
39
0
86
51
58
19
89
90
81
61
41
66
52
66
68
80
4
46
25
66
35
50
88
7
75
53
3
5
11
82
7
13
61
7
91
1
5
17
72
41
94
33
67
12
39
23
6
31
63
71
67
45
10
9
74
49
77
65
50
55
51
55
36
3
41
47
54
87
37
75
4
71
14
0
9
44
57
83
45
22
52
32
89
22
85
39
7
25
98
32
70
70
49
70
87
77
41
84
97
36
83
82
77
46
7
74
80
2
9
78
40
36
91
91
99
73
40
83
42
62
90
50
82
24
65
16
40
39
7
63
10
51
96
44
29
74
53
30
84
44
5
91
53
74
72
15
15
80
25
66
20
55
48
73
75
64
77
3
13
18
92
55
13
72
29
91
91
99
75
58
71
70
98
52
94
89
90
56
57
43
60
90
30
59
78
74
80
80
54
99
60
76
54
18
14
26
9
81
85
32
63
43
73
87
44
26
99
70
8
90
65
80
41
17
39
53
66
48
20
88
32
67
98
37
40
91
16
27
37
16
89
5
76
83
74
85
24
44
32
76
33
5
52
46
55
40
58
84
54
91
63
98
66
41
79
0
23
14
15
86
75
45
6
22
33
76
52
81
49
22
34
45
78
7
30
98
1
23
3
22
5
80
93
18
39
79
62
53
54
63
18
84
65
8
59
8
88
62
29
30
73
2
33
39
4
61
45
83
58
73
18
84
4
5
57
18
23
29
85
34
42
16
86
99
95
45
97
0
28
93
44
86
62
29
85
82
91
82
17
23
58
12
26
54
28
58
79
1
88
30
57
3
33
23
91
73
1
1
11
32
19
88
11
29
56
0
54
61
7
13
17
53
89
18
81
6
96
41
26
26
25
60
22
73
55
87
24
90
78
17
7
0
87
26
73
14
56
18
12
54
80
79
8
43
39
78
40
53
98
4
31
8
57
33
82
11
6
94
94
16
22
16
63
57
2
65
88
72
58
27
36
13
91
84
9
85
9
65
85
70
59
26
2
59
79
70
34
97
16
49
18
55
70
64
38
34
61
69
37
64
24
3
78
75
33
2
1
84
22
86
55
91
13
90
68
60
84
0
34
14
32
92
14
49
35
28
3
89
18
15
66
35
50
12
41
31
5
93
84
26
74
78
50
57
54
35
67
44
66
60
26
58
82
67
98
89
28
55
95
76
60
76
91
37
2
3
62
43
91
48
63
34
33
34
53
3
28
8
78
44
47
61
60
73
61
29
63
42
49
92
92
48
55
87
18
20
55
0
85
75
76
23
42
95
81
58
73
60
21
62
19
87
47
79
90
75
91
15
41
39
99
81
94
45
91
36
77
3
75
92
94
61
50
38
12
1
0
30
84
98
29
7
18
48
81
91
84
63
62
31
40
29
30
61
86
96
96
77
20
14
28
75
2
81
16
44
79
5
88
56
81
15
84
69
30
6
68
70
81
74
7
18
23
60
5
14
48
83
0
70
38
26
24
69
16
9
42
41
39
27
0
70
85
9
38
79
77
75
74
80
42
62
8
0
36
89
4
46
69
56
42
91
71
98
72
99
16
0
21
2
1
64
47
43
92
65
68
44
1
39
96
46
47
90
2
28
37
61
31
14
4
92
38
93
28
39
6
41
44
49
70
11
19
91
82
4
60
34
56
13
32
74
86
99
73
98
8
58
93
87
11
79
35
43
47
6
4
27
8
74
26
34
39
97
37
75
33
87
49
46
16
33
76
41
97
8
75
17
80
93
44
4
41
60
30
31
21
77
90
54
87
86
37
47
19
2
73
55
25
62
26
19
28
15
14
52
17
45
92
39
42
13
49
48
44
71
48
69
9
15
16
46
71
66
66
88
82
1
39
88
93
82
7
17
56
40
70
1
68
52
69
45
16
62
85
12
99
88
40
68
36
60
17
94
25
46
75
61
92
58
34
51
75
73
70
37
28
90
95
88
68
38
95
77
16
58
61
39
56
17
33
77
63
87
75
4
16
94
55
76
60
97
1
0
75
31
55
71
75
52
6
43
14
84
14
18
1
88
53
66
5
56
32
52
40
24
86
54
54
88
61
87
54
24
40
85
17
90
22
86
77
79
94
45
0
39
89
82
41
87
91
73
4
62
72
11
63
46
28
38
50
70
13
7
15
24
76
98
51
79
15
47
47
93
73
81
26
70
95
60
70
11
82
66
34
6
65
62
74
31
36
88
52
48
79
50
55
83
66
68
97
64
16
63
16
84
18
29
37
53
9
38
27
74
15
1
67
96
1
84
69
81
10
33
80
68
30
8
3
13
45
18
44
35
20
72
5
53
34
27
93
6
44
93
85
74
98
31
69
47
57
30
85
80
1
82
45
66
2
58
31
42
23
90
6
83
31
51
80
23
64
61
40
51
99
28
19
63
7
97
78
34
85
13
74
17
28
29
10
22
83
83
53
73
7
59
82
34
15
68
68
34
82
75
37
8
94
16
24
21
8
96
53
49
80
85
27
32
96
20
29
43
69
94
26
82
23
91
34
48
71
53
25
0
59
57
69
73
27
12
29
61
21
72
88
28
15
24
1
77
67
82
5
64
51
52
79
70
11
39
59
87
60
88
76
45
19
7
1
35
94
79
16
71
26
30
60
73
9
75
5
72
27
32
38
51
45
36
40
52
25
7
85
30
14
51
79
25
99
86
15
29
63
66
62
80
24
57
43
78
49
99
95
93
77
71
78
86
64
4
19
62
50
17
98
21
32
57
99
98
6
92
82
82
94
95
81
96
93
33
72
31
60
20
64
63
62
82
36
12
31
47
75
77
29
94
27
70
95
32
38
32
37
2
65
40
53
87
95
53
42
43
89
69
93
81
84
71
31
33
73
75
90
47
97
70
13
34
46
62
92
53
11
66
45
48
94
10
69
60
29
98
59
47
44
57
4
83
89
71
68
52
46
58
98
22
62
52
2
58
77
96
86
33
58
69
97
14
51
2
4
8
58
97
6
80
81
99
28
50
57
88
25
38
71
47
53
48
79
59
29
82
90
93
81
17
14
69
25
32
39
78
89
4
67
99
28
98
88
20
42
18
60
48
69
18
16
6
39
19
15
37
2
48
2
89
67
77
38
23
21
96
11
16
84
30
58
30
98
31
83
59
77
50
41
8
19
54
4
68
9
91
67
3
40
71
77
38
9
82
3
76
20
60
42
94
66
72
6
25
22
36
4
14
10
60
77
62
85
75
16
67
93
23
33
88
18
58
51
16
23
85
56
20
79
20
30
47
19
55
98
18
26
0
56
47
18
47
18
40
65
3
23
9
77
43
15
72
77
19
73
24
7
29
4
61
64
30
39
33
19
17
9
17
28
45
28
12
83
49
63
71
12
11
77
98
3
46
15
84
19
34
70
62
34
94
30
11
4
99
33
90
16
56
4
24
71
3
19
14
23
68
1
81
61
81
21
0
22
87
82
12
38
10
93
44
84
41
64
76
25
91
94
42
79
19
76
87
18
51
1
50
17
6
45
23
0
55
91
89
95
48
45
54
69
83
68
56
86
80
37
67
71
25
50
60
79
0
73
55
46
93
2
32
92
10
69
97
13
30
27
74
8
17
42
91
35
36
69
50
57
84
32
85
3
91
44
76
13
8
92
69
82
7
73
89
74
42
39
14
80
63
15
50
16
62
94
60
75
83
62
85
48
59
11
5
2
55
75
75
4
31
72
17
89
92
19
36
93
67
83
63
2
62
37
35
99
77
56
22
84
14
71
94
44
12
41
52
91
85
43
82
40
80
42
96
47
22
1
11
78
63
93
85
18
63
65
25
7
2
22
44
59
2
54
11
56
75
47
76
20
48
97
9
10
38
5
3
35
43
84
18
6
9
72
38
82
75
15
29
35
20
95
3
87
74
14
83
91
74
86
28
44
58
36
90
8
49
65
40
61
14
37
0
58
96
1
61
59
21
60
89
82
61
80
52
65
55
32
77
69
26
42
79
11
20
8
47
15
7
65
63
96
26
29
3
79
39
30
99
5
8
38
52
40
58
54
82
3
96
93
70
99
21
17
56
64
74
1
92
61
85
78
58
10
53
74
47
5
34
81
74
77
67
66
63
35
93
46
18
7
87
63
87
26
41
70
51
21
32
90
36
85
3
85
21
87
71
83
27
74
1
8
93
98
61
88
90
10
83
93
85
34
24
74
49
12
28
74
78
58
45
87
79
67
14
47
3
77
59
69
71
25
67
81
98
54
67
17
21
1
88
21
77
95
91
12
15
82
22
16
66
25
1
44
29
73
27
81
63
53
23
81
86
78
71
28
75
35
62
79
16
8
7
22
81
87
83
65
62
49
70
57
74
63
40
91
23
13
55
6
42
66
30
72
35
94
41
36
89
12
43
86
97
53
50
97
95
61
20
22
57
25
71
75
68
20
49
67
87
16
41
66
93
10
51
92
15
42
6
13
8
2
5
45
45
71
56
99
67
65
2
76
50
30
53
91
13
65
70
23
11
72
40
30
62
11
23
78
96
67
64
8
15
4
80
27
60
7
54
48
16
57
94
30
92
43
62
58
19
23
38
65
96
95
16
99
86
53
89
11
52
58
54
85
74
72
82
72
95
43
37
34
47
52
40
53
45
8
83
3
90
87
28
53
27
59
4
33
92
89
44
12
55
89
98
78
82
91
31
91
47
9
73
69
36
26
91
95
37
61
83
69
98
3
76
22
22
90
98
94
24
39
1
33
27
55
7
39
15
78
3
41
66
80
27
45
4
32
5
45
9
93
33
65
11
24
56
65
11
38
23
39
25
97
45
25
52
42
56
98
82
41
93
51
79
19
18
73
64
78
96
49
64
40
36
97
40
32
49
62
10
56
4
44
81
91
5
87
3
50
80
86
89
17
12
80
4
26
32
25
13
98
37
21
76
63
59
49
30
60
80
51
66
87
38
63
53
4
48
24
13
31
29
84
46
61
24
34
46
45
99
27
51
91
0
72
50
57
4
60
90
86
9
46
1
99
77
57
14
2
70
69
69
32
79
44
58
0
20
7
85
82
79
58
72
58
3
85
65
70
29
97
46
53
37
30
28
86
50
24
31
95
1
2
36
59
99
55
85
0
71
64
82
62
31
86
92
72
73
80
91
84
85
90
69
82
21
89
68
68
76
31
58
8
90
13
30
78
88
47
99
42
12
92
8
82
78
97
62
74
4
69
29
97
32
56
18
77
72
95
54
0
45
16
73
29
33
7
86
19
97
4
9
57
89
55
86
26
49
11
14
80
83
3
27
30
52
74
29
52
90
14
77
4
7
75
27
16
30
55
83
63
51
42
70
