overall_acc,0.804
loss,[10.944452259216309, 6.280734222259522, 4.221097693328858, 3.276866767196655, 2.821276799926758, 2.5926833134460447, 2.479830440826416, 2.4138599085998536, 2.3850320627593993, 2.355934740753174, 2.338783162994385, 2.328970300445557, 2.317529321899414, 2.3104849825286866, 2.3107693947601318, 2.3045907732391355, 2.3033490836334227, 2.30045759185791, 2.3043066840362547, 2.2949287677001955, 2.3078919157409667, 2.309539166946411, 2.311476136703491, 2.3039718085479737, 2.317875379257202, 2.3125212001800537, 2.3283069189453127, 2.324935619735718, 2.3369100527191162, 2.332578461608887, 2.3416183569335938, 2.346641166229248, 2.352751640167236, 2.362215407485962, 2.36880175201416, 2.388075424041748, 2.3820748250579835, 2.399005041732788, 2.4032207669067382, 2.403650482330322, 2.417184146118164, 2.429063490447998, 2.436237819213867, 2.4454773516845703, 2.4428900138092042, 2.4678041567230227, 2.4641907177734375, 2.4684920733642577, 2.4785691383361814, 2.4758519675445556, 2.490995521697998, 2.498474638748169, 2.501822251663208, 2.512838197174072, 2.5117650244140624, 2.5184215286254883, 2.5319463249206544, 2.5181865674591064, 2.5204787384033205, 2.5297510556793212, 2.0107726807403563, 1.6415802351379394, 1.4356516927337646, 1.3020822309494018, 1.2034659532546996, 1.1543226622772216, 1.1186025053787232, 1.1094844222259521, 1.0991658270263671, 1.0978687504577638, 1.0998782218170167, 1.1102115506744386, 1.1078081623840332, 1.1154552326583862, 1.1160393142700196, 1.1251830897140502, 1.1318363262939453, 1.1357999933242797, 1.146896226272583, 1.1406828871917725, 1.1408231217193603, 1.1650069674682617, 1.1589387787246703, 1.1600318243026733, 1.172873557548523, 1.1659560249710084, 1.17059365814209, 1.1738714245986939, 1.17457616065979, 1.1861462075424194, 1.1799182362365723, 1.1851474003982545, 1.1825038834762573, 1.1909500175476073, 1.191232593345642, 1.1943389799880981, 1.2083759049987792, 1.2050973516082764, 1.1990189696121216, 1.211004308242798, 1.2056817066955567, 1.213975863647461, 1.2142356613922118, 1.2256963621902466, 1.212290076522827, 1.2082449197006226, 1.2288758570861817, 1.2214683082580566, 1.2211133518600463, 1.2330457903671264, 1.2327415678024292, 1.21789811668396, 1.236063578567505, 1.2333597354125976, 1.2458144319534301, 1.2328511030960083, 1.2448532747268677, 1.234071159439087, 1.2316380646514893, 1.2424778352737427, 1.0963275318908692, 1.00665606508255, 0.9667255963516236, 0.9322776929283142, 0.9033636453437806, 0.8739700818061829, 0.8473191369056702, 0.8215372308540344, 0.7949782718276978, 0.7705622669029236, 0.747860436706543, 0.7253154339790344, 0.7024826141166687, 0.6815903477478027, 0.6610888488578797, 0.6408169830322266, 0.6214418532180787, 0.6030621834945679, 0.5857277097892761, 0.5670652808761597, 0.5507166937065124, 0.5337096717643738, 0.5175919507408142, 0.5027877402210236, 0.4874296419620514, 0.47334063181877134, 0.45894481990814207, 0.44527115567207337, 0.4321073473739624, 0.4201896801376343, 0.40790173656463624, 0.3954574444770813, 0.3837348729133606, 0.3723954974937439, 0.3620397623062134, 0.3520906742095947, 0.3418658223438263, 0.3312208634376526, 0.322619496011734, 0.31500083943367, 0.30764711309432985, 0.305182056684494, 0.3027737980556488, 0.3009248098754883, 0.29884913767814636, 0.2970363605594635, 0.2950724135684967, 0.29328010249137876, 0.2916221227455139, 0.2898068532085419, 0.2879047935962677, 0.2860785965061188, 0.2846525374031067, 0.282877349691391, 0.28099000964164733, 0.2792000066280365, 0.27753778182983396, 0.27593872876167297, 0.2741668435668945, 0.27261075830459597, 0.27089442777633665, 0.2693322930240631, 0.2674348590373993, 0.26609778102874754, 0.26449419666290286, 0.26269793696403504, 0.26121607334136965, 0.25959636397361757, 0.2580184281730652, 0.2564310589790344, 0.25500193871498106, 0.2532774786949158, 0.2518857363319397, 0.25039111619472504, 0.24879106536865234, 0.24732937159538268, 0.24581976418495177, 0.24441835803031922, 0.2430060892343521, 0.2414782748603821]
0,0.9565217391304348
1,0.967741935483871
2,0.782608695652174
3,0.7931034482758621
4,0.7096774193548387
5,0.7083333333333334
6,0.8260869565217391
7,0.8461538461538461
8,1.0
9,1.0
10,0.5
11,0.47619047619047616
12,0.8
13,0.7391304347826086
14,0.8148148148148148
15,0.875
16,0.9230769230769231
17,0.9523809523809523
18,0.6176470588235294
19,0.92
20,0.8333333333333334
21,0.8947368421052632
22,0.8235294117647058
23,0.8076923076923077
24,0.782608695652174
25,0.5416666666666666
26,0.75
27,0.75
28,0.84
29,0.7586206896551724
30,0.8518518518518519
31,0.76
32,0.7272727272727273
33,0.6896551724137931
34,0.88
35,0.5454545454545454
36,0.9523809523809523
37,0.8421052631578947
38,0.8461538461538461
39,1.0
40,0.75
41,0.9545454545454546
42,0.782608695652174
43,0.8260869565217391
44,0.6956521739130435
45,0.7105263157894737
46,0.45454545454545453
47,0.7391304347826086
48,1.0
49,0.9411764705882353
50,0.7727272727272727
51,0.7142857142857143
52,0.75
53,0.896551724137931
54,0.9545454545454546
55,0.6190476190476191
56,0.8636363636363636
57,0.6785714285714286
58,0.9142857142857143
59,0.6666666666666666
60,0.8888888888888888
61,0.8275862068965517
62,0.8846153846153846
63,0.6666666666666666
64,0.7368421052631579
65,0.6363636363636364
66,0.8461538461538461
67,0.6956521739130435
68,0.9523809523809523
69,0.9
70,0.8666666666666667
71,0.8571428571428571
72,0.5
73,0.75
74,0.696969696969697
75,0.9285714285714286
76,0.9047619047619048
77,0.7647058823529411
78,0.7368421052631579
79,0.8214285714285714
80,0.7931034482758621
81,0.9047619047619048
82,0.9459459459459459
83,0.8666666666666667
84,0.9259259259259259
85,0.9666666666666667
86,0.6785714285714286
87,0.9333333333333333
88,1.0
89,0.8928571428571429
90,0.875
91,0.8461538461538461
92,0.76
93,0.7619047619047619
94,0.9130434782608695
95,0.6551724137931034
96,0.6521739130434783
97,0.7083333333333334
98,0.6923076923076923
99,0.9130434782608695
16
7
91
43
14
92
6
89
13
85
47
27
81
63
59
10
78
45
53
17
27
43
10
54
94
79
68
31
69
64
83
41
23
45
96
20
87
90
52
26
83
67
20
20
7
83
27
45
68
93
16
12
60
73
99
1
70
16
26
58
88
64
88
19
3
23
19
48
44
48
58
16
63
75
71
4
32
15
98
32
14
87
38
12
8
45
92
31
62
61
89
92
78
83
45
85
28
37
54
30
95
7
59
24
94
7
94
94
11
42
65
52
40
38
55
4
82
46
75
93
74
34
84
89
30
74
22
95
81
92
27
52
18
44
62
65
69
84
0
24
48
67
62
89
53
18
37
19
8
68
3
3
83
70
39
0
95
51
58
19
89
90
81
61
41
77
52
66
68
80
4
46
25
27
35
50
88
24
75
53
3
5
98
82
7
87
61
7
91
1
5
17
72
41
94
33
67
8
39
23
16
31
63
71
67
37
10
35
74
33
77
65
50
2
51
57
36
3
41
96
54
87
37
75
21
71
14
92
9
44
57
83
45
61
52
63
89
22
85
39
7
25
98
36
70
54
49
70
87
15
41
79
97
36
83
82
38
46
7
74
80
2
9
91
40
36
91
91
99
73
40
83
42
62
90
50
82
24
42
16
5
39
7
63
10
51
47
77
29
66
53
30
84
44
5
91
53
74
72
38
15
78
5
66
77
55
48
73
90
64
77
3
13
18
92
55
13
95
29
87
91
61
75
58
71
70
98
52
94
89
90
56
57
43
60
89
30
59
78
6
80
80
54
83
60
76
54
18
14
26
9
81
85
32
63
43
73
87
44
26
99
70
8
90
65
80
41
17
39
53
66
48
5
88
98
64
87
37
41
91
16
27
37
16
89
5
76
83
74
85
24
72
32
76
33
65
52
46
74
40
58
84
6
91
63
98
66
41
79
0
23
14
15
86
75
45
6
22
33
76
52
41
90
22
34
45
48
7
30
2
1
23
3
22
5
80
93
27
5
79
92
53
54
63
18
84
95
8
96
8
88
62
29
73
73
2
33
39
4
61
45
83
58
73
18
84
4
5
45
18
23
29
85
34
64
16
28
76
95
45
61
0
46
2
44
86
54
29
85
82
91
82
17
55
58
12
26
54
28
58
79
1
45
99
83
3
33
23
91
73
1
1
11
32
19
88
11
29
56
0
54
61
20
13
17
53
89
18
81
6
96
41
26
26
25
60
22
73
50
47
24
90
78
17
7
0
87
26
73
14
56
51
12
54
21
79
8
43
39
51
40
53
98
4
31
8
57
33
88
35
6
94
94
65
22
16
63
57
98
64
88
72
58
26
36
13
91
84
9
85
9
65
85
70
59
7
36
59
79
70
34
97
16
49
44
55
70
90
38
34
61
69
37
96
24
3
78
74
74
35
1
84
8
86
55
91
13
90
68
60
84
0
34
54
32
92
14
96
35
28
3
89
44
15
66
98
50
12
41
31
34
93
84
26
74
72
50
57
54
11
67
44
66
60
79
58
82
50
98
89
28
55
95
76
60
76
91
37
2
4
62
43
91
48
27
34
42
34
53
3
28
8
40
44
59
61
60
73
61
6
57
42
49
92
92
6
57
87
18
20
55
0
85
75
55
23
66
95
81
58
73
60
21
14
19
87
47
79
90
75
73
15
41
39
99
33
94
45
91
36
77
73
75
92
94
61
50
38
12
1
0
30
84
98
29
7
18
48
81
91
84
4
62
31
40
55
30
61
86
96
33
98
20
14
28
75
2
81
22
44
79
5
88
56
81
15
84
69
30
6
68
70
81
74
7
80
72
60
5
14
48
18
0
70
38
78
24
69
16
9
42
41
39
27
0
70
85
9
43
79
77
75
74
38
42
62
8
0
36
89
51
46
69
56
23
10
71
35
55
40
16
0
21
2
1
64
47
43
92
32
68
44
1
25
96
98
47
90
2
28
37
61
31
14
4
92
38
93
28
39
6
41
44
49
1
11
19
91
82
4
60
34
56
19
32
74
87
99
73
98
8
58
93
87
2
7
35
43
52
6
30
27
8
63
26
34
39
97
56
75
33
87
49
98
16
33
76
41
97
8
75
17
80
93
44
4
41
60
30
31
21
77
90
54
87
86
37
47
66
2
73
55
83
62
26
19
28
15
14
59
17
45
92
39
42
58
49
48
44
71
48
69
9
26
16
46
71
66
66
88
82
1
39
88
93
82
7
17
56
40
70
54
68
52
69
45
16
62
85
12
99
88
40
68
36
71
17
44
25
46
75
61
70
58
97
51
75
73
70
37
28
90
55
88
68
38
95
77
16
58
61
39
56
17
33
77
27
87
63
4
16
94
55
76
60
97
1
0
75
31
55
71
75
52
6
43
14
84
14
51
1
88
53
66
5
56
32
59
40
24
86
54
54
88
61
87
54
24
40
85
17
90
22
86
77
79
76
45
0
39
89
82
41
87
91
73
4
62
72
98
10
46
28
38
86
70
13
20
15
7
76
98
19
79
15
47
47
93
73
81
26
70
95
60
70
11
82
66
34
6
65
62
74
17
36
88
47
48
79
50
55
57
66
68
96
64
16
63
16
84
18
29
84
57
9
38
43
74
15
1
42
96
1
84
69
81
10
33
80
68
30
8
3
13
45
18
45
35
28
74
5
53
34
27
93
18
44
93
85
44
98
31
69
47
57
95
85
80
1
82
45
66
44
58
31
42
23
90
6
83
31
51
80
23
64
61
40
51
99
28
19
63
26
97
78
34
90
13
50
17
28
29
10
10
83
83
53
73
7
52
82
34
15
68
68
34
82
75
37
8
94
16
24
21
8
96
53
49
38
85
27
32
96
20
29
43
69
94
26
54
23
91
34
48
71
53
5
0
59
57
69
73
27
12
42
61
21
65
88
28
15
24
1
77
67
82
5
64
51
59
79
70
46
1
59
87
60
88
76
45
19
7
1
35
94
55
25
49
26
72
60
73
9
75
5
74
44
32
38
56
45
36
40
47
2
77
85
30
92
51
79
13
99
86
15
29
63
66
62
80
24
57
43
78
49
99
95
93
63
71
78
86
64
4
23
62
50
17
35
21
32
57
99
2
6
1
82
82
94
95
81
13
77
33
67
31
60
18
74
63
62
82
36
76
31
47
75
77
29
94
63
70
95
32
38
91
37
2
65
40
53
87
95
53
42
43
89
69
93
81
84
71
19
56
73
75
85
47
97
70
13
42
46
62
92
53
46
66
45
48
94
10
69
60
42
35
59
52
44
57
4
83
89
71
68
52
46
58
98
22
62
52
2
58
77
96
86
33
13
69
97
14
51
2
63
67
58
42
6
80
81
99
28
50
57
88
25
38
71
47
53
48
79
59
29
82
90
93
81
17
14
69
25
32
39
10
89
4
67
99
28
98
88
20
42
18
60
48
69
18
48
6
39
72
15
37
26
48
15
89
67
77
38
23
21
96
11
9
84
30
58
30
98
72
83
59
77
74
41
8
19
54
4
68
9
91
67
19
40
71
77
38
9
82
3
76
20
60
42
94
66
72
14
25
61
36
4
14
10
60
77
62
85
38
16
67
93
23
33
88
18
58
51
83
23
85
56
20
7
20
30
96
19
55
98
67
26
0
56
47
83
52
83
51
98
3
71
9
77
43
15
72
77
19
73
77
7
29
4
61
50
30
39
45
19
17
9
17
28
45
16
12
83
49
63
60
12
11
77
35
3
65
15
84
19
34
70
62
34
94
30
35
4
99
33
90
16
56
4
24
71
3
19
14
23
68
45
81
10
90
21
57
22
87
82
12
38
10
93
77
84
41
64
76
25
91
94
42
79
19
76
87
18
51
1
50
37
6
45
23
0
55
91
48
95
48
16
54
69
93
68
56
86
80
69
67
71
25
50
60
79
0
44
55
46
80
2
32
92
61
69
97
13
30
27
74
8
17
42
91
98
36
69
50
57
84
76
85
3
91
79
76
13
8
92
69
82
7
73
89
72
42
39
45
80
63
15
50
16
62
94
60
91
83
62
85
48
33
11
5
35
91
75
75
4
31
72
17
89
92
19
36
22
67
83
63
2
92
37
2
99
77
56
22
84
14
71
94
44
12
41
52
91
85
43
82
40
97
42
96
47
22
1
98
78
31
93
85
18
63
65
25
44
2
22
44
59
2
54
98
56
75
47
76
20
48
97
9
10
38
84
3
36
43
84
18
6
9
72
38
6
75
15
29
35
20
95
3
87
74
44
83
91
74
86
28
74
58
36
90
8
49
78
40
10
14
37
0
58
96
1
61
59
21
60
89
82
61
80
52
65
55
32
77
69
26
42
8
11
20
38
52
15
7
65
63
96
26
29
3
79
39
30
99
5
8
19
52
40
58
54
82
3
82
93
70
99
21
17
56
64
74
1
92
61
85
78
58
10
53
74
47
5
34
81
64
77
30
66
63
35
93
46
18
10
87
72
87
26
41
70
64
21
32
90
36
85
3
87
21
87
71
83
27
74
1
8
98
98
61
88
90
10
83
27
85
34
24
74
49
12
28
74
78
58
45
87
79
63
14
47
31
77
52
60
71
25
67
81
98
54
67
17
21
1
88
21
77
95
91
12
15
82
22
16
66
25
1
44
29
73
27
81
63
53
23
81
86
78
71
28
75
46
62
79
16
8
7
22
81
87
83
65
62
49
70
57
63
4
40
91
23
13
80
6
42
66
30
55
35
94
41
36
52
12
43
86
97
53
65
80
3
61
20
22
57
25
71
75
68
20
49
67
87
16
41
66
91
12
51
1
15
42
6
85
8
2
25
45
5
71
56
99
67
55
2
76
50
30
53
91
81
65
92
60
11
72
40
30
62
11
23
78
96
67
50
8
15
4
80
27
60
7
54
48
16
57
94
30
92
43
62
58
19
23
38
40
96
95
10
99
86
53
89
11
52
58
54
85
74
72
82
72
69
43
81
34
47
52
40
53
45
8
83
3
90
87
28
53
27
59
4
33
92
89
44
69
95
89
98
78
82
91
31
91
47
9
73
69
36
65
44
95
37
61
83
69
11
19
76
42
22
90
98
94
24
39
1
33
37
55
7
39
15
41
3
41
66
80
27
45
74
32
5
45
9
93
33
11
35
24
56
65
11
38
23
39
25
97
66
46
47
93
56
98
82
41
38
51
79
19
18
95
64
78
96
49
64
40
36
97
40
45
49
62
10
33
4
79
81
91
5
87
3
50
80
86
89
17
12
80
21
24
32
40
13
98
37
21
76
14
59
49
30
33
80
51
66
87
38
63
53
4
48
24
13
31
29
84
46
61
24
34
98
45
99
27
51
91
0
72
50
57
4
60
90
86
9
46
92
99
77
57
14
2
70
69
69
32
79
44
58
0
20
7
19
82
79
58
95
58
3
85
19
70
29
97
46
53
37
73
28
86
50
24
31
95
1
2
36
59
99
91
85
0
71
64
82
62
31
86
10
72
73
42
91
84
85
90
69
82
21
89
68
68
76
31
58
8
37
13
30
78
88
33
99
27
12
92
8
82
78
97
62
74
4
69
29
38
26
56
18
77
72
95
54
0
45
16
73
29
33
79
86
19
97
4
9
57
89
63
5
26
49
98
14
55
83
3
27
30
59
74
29
52
90
14
77
72
7
75
27
16
30
64
83
65
51
42
70
